ro_data
104420
356240
576020
790560
1003960
1214340
113500
324960
537840
784040
994500
1204340
106280
316020
525500
735360
944120
1155540
54440
263940
473400
682560
891740
1103700
3560
212740
422680
631900
841060
1062520
1273780
173020
381780
590480
799200
1007520
1223540
122391
331250
540180
749540
958820
1168800
67320
279620
489580
698720
908160
1117720
15160
225460
434438
644240
856000
1064300
1273560
172380
405880
617380
827700
1037113
1246680
145540
357600
566260
775320
983920
1193580
92100
301700
511080
721140
930060
1138920
78220
288100
496800
706160
915420
1125080
23880
232600
441840
650900
859500
1068580
1279740
178720
388100
597240
806360
1015100
1224500
123280
332500
542400
752580
962000
1171440
69637
280802
490300
699240
908320
1117580
16360
222540
433580
643740
852940
1062300
1271200
170620
379420
589340
797560
1008660
1218040
116820
325540
534640
743700
952820
1161620
59520
268720
477260
686160
894040
1102680
1100
210620
419660
628460
839840
1049100
1257860
156900
366100
575380
784320
993200
1202100
100460
308880
517340
726120
935460
1144880
42722
252000
460660
669100
877640
1088860
7540
218620
428200
637200
845680
1054500
1263340
161300
369820
578400
787960
996960
1204860
102140
310260
518460
728440
937820
1147380
45400
253600
463260
673900
882280
1091340
1300780
199440
408840
617480
827280
1037220
1246440
144400
353280
561940
772100
980640
1189880
88060
297300
506060
715880
924820
1134938
33580
242680
452280
664520
873840
1105580
8160
217680
426500
635160
844060
1053320
1262860
161240
369580
577720
786210
995020
1203880
102000
311720
520834
729960
938080
1147020
44740
254460
463620
672380
881040
1089620
1297760
197660
406360
615120
823160
1031640
1240700
139460
348900
557980
766600
975460
1183800
82560
290440
499800
709840
919520
1129160
27540
236340
445600
654900
864320
1099760
1309840
209300
418240
627280
836620
1045820
1254800
153920
364680
573980
782440
991760
1200900
99240
308740
518100
727220
936960
1146100
45020
254200
463100
672660
882660
1092780
1302340
201100
410680
619560
828160
1037660
1246460
144560
353980
563100
771780
981260
1189820
88780
297920
506838
716420
925040
1133260
47660
258700
468600
677400
912180
1122620
21440
230722
439480
648180
856940
1065842
1274500
173300
382080
591340
801000
1009640
1218780
117400
326722
535860
745880
956200
1165440
64242
274060
483580
692300
901160
1110360
8400
217940
426620
635960
845360
1054820
1264660
163720
372680
583740
793220
1002360
1211520
109800
318860
528060
737340
946360
1155770
53820
261980
471780
705380
916100
1125180
23236
232680
442200
651480
861000
1071320
1280960
179280
388579
597880
807480
1017140
1226140
124640
334240
543380
753220
962280
1171780
69780
279800
489280
698760
909640
1118734
17020
226560
435700
644960
852960
1063080
1272660
170740
379840
589200
798180
1007800
1216000
113940
322560
531900
741120
949760
1158740
56640
266080
358840
570680
781040
990980
1201140
99920
308838
518260
727060
936100
1145220
43600
252280
461540
670940
879760
1088920
1297880
197140
406620
616180
825640
1034600
1242820
140500
350000
558880
767880
976640
1186360
84960
294460
503480
712860
922160
1131360
31780
241400
450023
659360
868940
1077360
1287200
185880
394480
603820
813320
1021700
1230530
151340
361740
571940
781420
990480
1199180
97660
306940
517540
726480
935760
1144760
43500
253384
462960
671560
880520
1089240
1298680
196780
405640
614560
823740
1032580
1240270
137980
347440
555660
764840
973360
1181440
79560
288580
497569
707360
915940
1125420
23300
232900
441200
650760
860480
1070340
1279280
177080
388320
598520
808100
1016620
1225820
148360
357020
566560
775480
984880
1194440
92580
303400
512320
721840
931140
1140420
39300
248120
457680
666160
874720
1084500
1294000
191860
401100
610140
819340
1027760
1235960
134240
343380
552360
761000
970060
1179420
76620
285080
494540
703860
912920
1121260
19400
227580
436720
645280
853500
1062640
1271680
170280
378500
588900
797860
1007680
1242620
142840
352420
561340
770400
979080
1188480
86500
295340
504640
714634
939740
1149720
47980
258080
466040
675400
884460
1094060
1302940
201460
410340
620700
829880
1038740
1247340
146040
354940
563520
772540
981840
1190100
87820
296920
506140
714520
923700
1132740
32140
242040
451620
660780
869260
1078860
1288280
186520
396420
606720
816800
1052540
1262720
161700
370940
580500
789240
997760
1206520
104760
313800
522820
731840
941320
1150140
48120
258100
467540
676800
886180
1094500
1304260
202520
411300
620460
830240
1040360
1249720
148380
356700
565540
774020
983320
1192800
90580
299220
510320
719800
929420
1138959
37320
246100
453940
662500
871200
1079360
1288400
186568
396180
605380
708060
920420
1130640
28962
237660
446380
655380
863796
1071440
1280700
179000
387980
597060
807280
1015400
1225300
123400
332000
541200
751040
960300
1169000
67840
276000
484200
692820
902060
1110360
9220
217020
426540
634780
843540
1052720
1261762
159800
369040
577420
786480
996680
1205960
105000
313460
522600
731920
941540
1150200
49340
259560
489040
700220
909800
1119420
17840
227180
436380
644980
854560
1063420
1272360
170720
380220
589080
797980
1006560
1215260
113820
323440
532940
744540
954460
1164480
62920
271880
480860
689540
899200
1108140
7240
216280
424880
632920
841740
1050100
1259480
157740
367820
577320
786980
996420
1206000
104160
313340
522320
732280
941940
1151320
49480
281400
493720
702780
911200
1119840
18200
227460
436900
644880
854160
1061940
1271360
168900
377460
586680
796996
1006420
1215880
114980
324180
533280
742140
951220
1160500
57762
267760
476800
685200
893440
1101520
1310240
208460
418040
628120
836640
1045640
1255080
153200
361440
570260
779580
988580
1197460
95340
304040
512380
721660
930060
1138940
37760
270900
481540
690180
899000
1107900
5820
215200
424480
633000
842220
1051362
1260340
158980
368460
592340
802760
1011240
1220820
119560
328060
537460
746080
955360
1164621
61900
270340
478620
687960
896220
1105380
3900
212460
420760
629600
837480
1046640
1254640
153200
361980
570140
778940
987720
1196940
95180
303560
512700
720880
929480
1137480
1240700
140020
349240
557120
766340
975100
1184020
81780
291560
500260
709320
917620
1126940
25520
234160
442660
651180
860200
1069600
1279320
177380
385420
594060
803660
1012962
1222840
121020
329320
538640
748780
957820
1167920
66600
275820
484240
693300
901940
1110480
9140
218520
427420
636340
844420
1052560
1261640
159260
367960
577340
786420
1016360
1227580
126200
336020
544060
752900
962160
1170860
68720
278120
486480
695360
903920
1112500
11240
220160
429040
637800
845720
1054420
1265900
164560
373820
582680
791980
1000320
1208880
107360
316700
524820
733220
942280
1152300
49440
258280
466980
675480
884960
1094160
1302845
201420
410260
619580
829500
1038560
1246760
145100
353860
563080
772180
1007680
1217680
116500
326420
534880
743520
952600
1161140
58560
267320
476480
685640
893720
1102758
240
208600
417280
625740
833920
1042280
1251280
148840
358040
566760
774740
983020
1191740
89380
297920
507020
716436
925900
1135340
34020
242080
451360
659820
869200
1078400
1286820
184737
393600
603800
812980
1022320
1232140
130340
339260
548060
664722
874900
1085254
1294640
193200
402840
611880
821020
1030000
1238520
137078
345040
554260
763460
973200
1183160
80724
289300
498240
707840
916800
1125880
24060
233100
442860
651460
860920
1070680
1279640
177500
387060
595660
804900
1012980
1222080
120660
329280
537040
745160
968280
1176820
74560
283780
492260
701160
910340
1118333
15900
224960
453240
663480
873040
1082500
1291780
189940
398640
607180
815860
1025120
1234360
132380
341460
550400
759900
969638
1178700
77020
287180
496820
705940
915300
1125000
23620
232740
441340
650780
859040
1068080
1277300
174882
383940
592900
801880
1010860
1219960
118700
327580
535520
744600
953780
1162160
60140
269000
477560
686880
896480
1105780
4500
236260
447500
657040
865840
1074240
1283500
180660
388722
597980
806740
1015560
1225540
123900
333400
542440
751900
961300
1170580
68960
277740
486260
694600
904180
1112340
11580
220260
428800
636840
845600
1054440
1262900
161200
369240
577940
786540
995080
1203780
102300
311440
520340
728600
937800
1146300
44240
252560
462000
671880
880880
1090440
1299200
221640
431380
639920
849000
1058360
1267480
320740
539602
754140
965460
1177282
77040
287080
496380
708120
917860
1127551
27280
238320
450460
660140
869820
1078380
1287700
188960
398880
608540
817480
1026560
1237480
137060
347120
556360
766540
975920
1191020
90020
298360
507900
717120
926960
1226520
134620
345700
555578
765100
974060
1182700
80740
289680
501240
710600
919320
1128260
26260
235440
444920
654260
863480
1074620
1284040
182680
391400
601060
810940
1020020
1228960
127720
336700
547920
757200
966540
1175840
74120
284020
493660
702580
911780
1120500
19360
230860
439940
650240
858380
1067840
1277160
176300
385680
595500
804360
1002430
1214800
113520
324980
534860
745180
954940
1164041
62200
271140
479380
688240
897200
1106800
4960
213560
421680
632940
842940
1052060
1260820
158640
367160
575940
784520
993373
1202660
101240
309960
518800
728000
937420
1145695
46100
254920
463340
670840
879740
1088420
1297200
195938
404620
614640
823820
1033260
1242720
140340
349200
558460
790100
1000700
1212780
111040
319380
528380
738580
947640
1157200
55160
263600
471560
680440
888960
1097340
1306420
205180
414960
623640
832080
1040920
1249260
149620
358220
568040
776300
984900
1194260
92140
300380
508620
718080
927560
1136660
34380
243520
452900
661700
870820
1079940
1290000
188500
397680
606900
817940
1027560
1237200
135780
344360
576800
788820
997880
1207140
106020
314880
523860
732660
941180
1150200
48700
258040
466980
675660
884960
1094380
1303500
202580
411900
619860
829060
1040040
1248500
147960
356760
566840
775400
984940
1194060
91660
300400
509020
717480
927920
1136404
34980
244700
453700
662400
871260
1080620
1289360
188140
397020
605720
814938
1023840
1232922
132140
343520
579080
788380
997900
1206920
104400
313440
523020
731800
939960
1149020
46300
255160
464360
674240
883400
1092060
1301120
200180
408460
617240
826240
1035180
1244420
141900
350900
560460
769500
978220
1187720
85240
293360
503440
712060
921040
1130020
28500
237260
446540
655100
864620
1074000
1283180
180960
390140
599180
807820
1016480
1225580
123400
332670
544280
753280
962260
1171720
71060
280640
489940
699300
908020
1116780
14780
224180
433080
642960
852000
1060440
1269120
170460
380200
589180
798780
1007460
1216400
115780
324760
533300
742740
952380
1160500
57660
265540
474260
683300
892740
1101860
380
209040
417940
626680
836820
1045800
1254700
152620
361800
570900
779820
989300
1197460
30100
240140
449253
658380
868162
1077000
1284960
183240
391480
600560
812280
1021300
1229680
127780
337220
546080
755440
964900
1173320
71160
280280
489660
699000
907620
1116140
14840
223660
432760
641620
850518
1060200
1269340
167820
377300
586720
796278
1004060
1212260
110700
318740
527600
735980
945360
1155480
53560
262660
470740
679340
888580
1118940
18980
228480
437240
646160
855740
1065400
1276700
174740
384200
593340
801940
1010560
1219620
118580
327140
536720
745260
954020
1163180
61100
269860
478760
687760
896102
1104580
3400
212940
422580
631640
841420
1050700
1260060
158700
368040
576840
786460
995620
1204980
104060
313040
522160
730580
938940
1148280
46600
255720
464240
672800
882402
1116560
15500
224500
433898
642680
851500
1061340
1270660
171220
380940
590040
799360
1008320
1217260
115680
324400
533620
742600
951440
1160360
59060
269080
477600
686480
896200
1104960
3800
212500
422120
630820
839600
1049500
1258300
156320
365540
574740
783500
992740
1201364
99080
308162
516840
725640
933940
1142780
41180
250120
459360
668518
902760
1113580
12640
222000
432320
641540
850900
1059655
1269140
167960
377000
586000
795000
1004100
1213620
111580
320580
532340
741120
950080
1158540
57840
265718
473956
683780
893480
1102640
680
209820
418918
627880
837040
1045740
1254760
153560
362160
571398
780280
989040
1197680
96080
305640
514320
722802
931940
1140300
38660
247420
455240
572020
784300
993120
1202320
100520
309780
519020
727820
935762
1144460
42880
251860
461160
669500
878920
1088300
1298120
196540
404920
614680
823400
1030640
1239760
137460
346520
554700
763410
971640
1180738
79260
287580
496680
706540
918660
1127820
25920
235280
444500
653440
862000
1071000
1279500
177920
386600
595260
804521
1013400
1221500
120420
349380
559960
769100
978140
1187340
85580
294400
502900
711700
920480
1129900
28080
237020
446026
654280
862940
1073240
1282680
180940
389620
598600
808380
1016300
1225360
123660
333460
541760
751660
960540
1170600
68160
276360
484980
693360
901840
1110380
8600
217540
425280
634480
842340
1050260
1260100
157680
366220
574860
783522
992560
1200880
99180
333520
543560
753160
962320
1172000
71120
279480
488558
699660
908460
1117440
16460
224600
433700
643200
851480
1060680
1269180
167900
376600
585560
795440
1004020
1213180
111860
320720
528300
736660
945940
1155140
53100
262480
471940
681420
890520
1100280
1308680
207400
416900
626120
835300
1044080
1252920
151400
360320
569480
778920
987660
1196300
118040
327840
538420
747300
956120
1165440
63480
272500
481740
690280
899362
1107560
5640
213580
422780
631700
840040
1048720
1257580
155380
365140
574620
783760
992440
1201240
99480
308580
517440
726480
935815
1144020
42280
252240
461920
671100
880340
1089220
1298320
197440
406180
615780
827900
1037460
1246660
144480
353200
563100
772440
980780
1100060
320
210220
418820
628160
837340
1047200
1256660
155720
364320
573100
781320
991420
1200260
99400
308260
517140
726220
935040
1144360
42500
252380
461780
671280
879920
1089060
1297560
195920
405320
614140
823120
1032160
1241040
139340
348440
558360
768180
977440
1186760
85160
294400
503620
712900
921842
1130320
29220
238560
448160
656820
883160
1094960
1304960
203800
411960
621000
830000
1038600
1248020
146540
356180
565180
774760
983900
1192940
90680
299740
509540
719360
927860
1137340
35280
244960
453620
662200
871240
1081200
1289520
187640
396440
605140
813960
1021820
1230780
129013
337940
548680
758060
967360
1175880
73260
281800
490420
699120
908160
1117360
16100
225380
434000
642020
876460
1086320
1295340
193520
402360
610900
819660
1028820
1238480
135840
344780
553847
762500
971760
1181220
79460
288700
498300
706352
915240
1123960
21140
230044
439000
647240
855141
1064400
1273480
171600
380300
589062
797600
1007220
1215900
114540
323780
532620
741300
950000
1158900
57640
266180
474640
683820
892300
1100560
1308980
206980
415680
506820
716940
926940
1136000
34820
244580
453160
662020
871300
1080020
1289580
188460
397440
606580
815880
1025640
1234540
132480
341860
551180
759540
968180
1177120
75400
284560
493840
703580
912860
1121540
19360
228720
437840
646900
856100
1065500
1275540
173300
381840
590920
800800
1011120
1219660
120030
329180
538640
747980
957300
1166020
63680
295540
506920
716400
924920
1133720
32380
242020
452000
660920
869460
1078960
1288580
187420
396860
606040
815620
1024860
1234020
132600
341180
551260
760973
970000
1179638
79120
288220
497340
706420
916360
1125800
24160
233900
442520
652660
862020
1070680
1279620
177940
386580
595840
804200
1013240
1222340
121520
329960
539160
749000
958220
1167120
65080
297680
507180
716420
925620
1134460
32400
241020
450520
660000
868720
1077160
1285280
184100
393200
602360
811600
1020700
1228920
127560
336420
544960
753600
963000
1171640
70260
279000
488880
697960
907180
1116640
15260
224300
432990
641020
849440
1058220
1266580
164320
373260
583060
792460
1001640
1210183
108080
317340
525680
734280
943720
1152560
75120
285300
494920
705520
913800
1122900
21120
229880
438740
647160
855860
1067920
1277440
176160
385340
594140
802780
1011280
1220060
118240
327300
536760
746820
955720
1164900
62438
271020
479840
690160
899640
1108880
6640
215840
424700
633840
843020
1051390
1261120
159240
369000
577546
786700
995220
1203660
102780
311380
519860
728760
937600
1053860
1264640
163580
372520
582720
791360
1000560
1209220
107640
316580
525060
734140
942380
1150140
48940
256860
465840
674820
882920
1091600
1299860
196858
406060
615060
823900
1032700
1241240
139700
348320
557020
765180
974140
1183580
81460
291042
500260
709420
918800
1128420
26540
236580
445980
654340
862980
1071940
1280280
178200
386220
594220
822280
1034240
1244180
142560
351720
561100
769400
977180
1186460
84500
293320
502580
711480
921240
1130440
29340
239140
449820
658680
867820
1078070
1287060
185140
394820
603960
813320
1022320
1231780
945720
1166900
69820
282560
492780
704720
914700
1124180
23580
235160
444920
654340
863820
1074360
1283460
182060
390820
624000
838740
1048400
1257900
156520
366960
575860
786400
996052
1205009
103240
312780
521060
734580
943630
1151920
50840
259500
468140
677420
888900
1097400
1306180
203160
412400
621820
829860
1038100
1248860
147306
356640
565180
775420
983440
1192840
90940
300220
510580
719640
928160
1137400
35540
243500
452760
662240
871440
1080980
1292200
190460
399320
634280
844120
1053940
1264100
163380
372140
581240
790540
1001840
1210720
109080
317960
527078
736220
945400
1154600
53600
263340
472860
681920
893560
1102800
480
209800
418600
628300
836800
1045040
1254000
152300
360240
569080
776180
985440
1196900
95780
304840
514000
723460
932140
1140660
39280
248540
457780
667040
875760
1084320
1293500
191540
428220
640520
849940
1060400
1269300
167460
377280
587120
796760
1006240
1215380
114240
323300
532400
741200
950840
1160640
59540
268800
479840
689620
899120
1108020
7640
217220
426980
635680
845122
1054300
1263320
162500
371320
580900
790040
998860
1208280
107258
316200
526680
738100
948640
1157560
56640
265740
474600
683920
893560
1102620
1120
292480
505240
715580
925080
1134180
32380
242140
450760
659420
868380
1077660
1286400
185080
395920
605660
814620
1023440
1232160
130694
339602
548560
757980
965900
1174980
72940
282380
491180
700100
908080
1117280
16180
226060
435640
644558
854020
1063240
1272340
170580
382960
592060
802220
1010860
1220220
118460
327460
536260
744720
954020
1182400
81540
291040
500700
709900
919180
1128920
27000
236720
445640
654900
863602
1073900
1283420
182000
390720
601100
809960
1018340
1229980
127900
337620
546484
755700
964380
1173600
71760
280460
489800
699620
908740
1117480
15200
224500
433300
642760
851800
1060760
1269520
167780
376900
586080
793520
1002140
1211440
109860
318040
527380
737280
969160
1180838
82080
291420
500980
710897
919380
1128320
26800
235520
444780
654020
862520
1071620
1280460
178300
387760
596580
806420
1016060
1225040
123560
332540
541740
750720
959740
1169360
68482
277800
487480
695720
904740
1113140
10920
219640
428300
636720
844920
1055820
1264860
162980
371860
580880
789120
998700
1207380
105740
315660
524400
732960
969180
1179160
77180
287160
495800
704760
913740
1122900
21080
230580
438840
648480
858000
1066760
1275287
174378
382460
591260
799140
1008118
1216920
115580
324440
533140
742040
951524
1160620
59580
270940
480440
690080
899240
1108100
6500
215220
423960
633120
841940
1052020
1261320
159960
369720
578538
787760
996500
1205640
104200
313160
522440
756049
966660
1176620
75040
284620
493740
702482
911520
1120400
19660
228680
437900
646420
855560
1064040
1273080
171160
380320
590020
799500
1008860
1217800
117220
326660
536520
747560
956620
1166360
66120
274720
484220
693300
903360
1112200
10440
219340
428460
637560
847060
1055960
1264720
163280
372140
581580
790340
998620
1208840
106480
315940
407380
617200
825340
1034480
1242300
140460
349940
559560
769140
978700
1188220
85640
294800
504220
713001
922380
1130920
29400
238920
447320
655860
865080
1073340
1282500
181720
390840
599840
809321
1020560
1229360
128300
337500
547400
756940
966420
1175880
74380
283280
493520
703160
913300
1123022
21960
230980
439840
648660
858514
1067460
1277140
199360
410840
619540
827940
1036680
1246320
144500
353580
562100
771480
980441
1189890
88200
297960
506780
716320
925240
1133900
31800
240920
449540
657640
866600
1075080
1284140
182220
391055
599086
809280
1017900
1226540
123460
331940
541440
750100
959540
1168360
68720
277980
487284
696600
905220
1114320
12720
222700
431480
641040
849860
1058640
1267720
193720
403300
612300
821820
1031380
1241000
139140
348140
557760
767060
975900
1185100
83040
292120
501140
710020
920220
1129540
27740
236460
444600
654200
863140
1071820
1281360
180080
389460
599040
808360
1018340
1227600
126180
335220
543880
753280
962140
1171540
70220
279900
489300
697680
905720
1115480
13640
222480
431160
640700
849500
1058080
1293320
193040
402180
614580
824440
1033460
1243180
142600
351780
560740
771040
980640
1189300
87480
296980
505520
714660
923240
1131780
30482
238960
447660
656140
865300
1074100
1282920
180400
389460
598800
807560
1016960
1225540
123740
332800
541840
751280
959980
1168060
65260
273880
483240
692380
902220
1110580
8300
217380
425660
634860
844480
950340
1160920
60380
269520
478800
687660
897180
1105780
4460
214420
423320
632360
840740
1050320
1258680
156980
365780
575180
784740
994260
1202660
100910
310800
520280
728820
938400
1147700
48180
257804
466520
676580
884740
1094640
1304680
202800
412980
621880
831060
1040500
1249640
146820
355920
564140
772380
980180
1189000
87100
296100
505860
733120
945300
1153762
52520
261380
469800
678020
886840
1094960
1304400
202780
412100
621880
830920
1039960
1249240
148000
356480
566160
775320
984160
1193440
92023
300700
509620
718060
926820
1135480
33460
242380
451860
661060
869680
1078200
1286920
184900
393556
602860
811460
1019940
1228120
126000
334840
544300
752780
961000
1169240
67320
276820
485760
720980
930580
1139540
38280
246760
456100
664960
874200
1084520
1293040
190600
402300
612002
820780
1029640
1238120
135480
344080
553380
762540
971620
1180520
78200
287220
495398
704100
913680
1121700
20440
229540
437380
646380
854720
1063140
1272620
170960
380260
588840
797492
1007380
1215800
113660
322320
531120
739500
949060
1158040
56560
266118
475400
685820
895620
1105440
3700
213100
422340
632200
841160
1049740
1258060
157140
365740
574060
782320
990920
1200240
98160
306676
515060
723960
932460
1142000
40460
249140
458160
666369
875340
1084420
1292800
191460
401180
610560
818880
1027720
1237060
135720
344420
552640
762260
972180
1181380
79780
288220
497360
705240
914420
1122680
19900
171440
382080
591620
800340
1010180
1220080
120940
329580
538960
748100
957720
1166940
65200
273040
482360
691460
900740
1109500
7880
217100
426260
635053
843740
1054020
1262840
160500
369460
579080
787840
996380
1205060
103000
312500
521640
731120
940440
1149580
48200
257960
466320
674900
884320
1092540
1301420
198880
407500
616580
825640
1034360
1263720
163160
372740
581840
791080
999680
1208520
106180
314720
524300
733240
942200
1152160
50680
259420
468140
677400
885887
1095080
1303940
201200
410600
619560
828900
1037500
1246040
144260
352920
563200
772460
981100
1191220
89580
299520
509600
718320
927573
1135842
34080
242620
451940
660900
869677
1078380
1287200
185300
393540
602860
811586
1021260
1254400
153260
362520
571620
780402
989280
1197980
96600
305660
514560
724260
935320
1144440
42720
251720
459920
668580
877680
1086240
1295280
193680
402180
612280
821220
1030180
1239120
136280
345380
552900
761380
970480
1179800
78160
286740
496020
705120
915160
1124820
22220
231000
440920
650020
858640
1067780
1277060
175046
383840
593540
801620
1010620
1220840
119360
328400
537440
746700
955880
1165240
63500
272640
482280
690790
900860
1110080
8040
217680
427020
636780
846240
1054740
1263680
162440
371660
580500
789200
998480
1207440
106840
315440
523680
732620
941340
1149980
48060
256760
465640
675200
883860
1093580
1303140
201520
410000
619100
828320
1037720
1246920
145520
354240
562940
706160
916440
1125800
25160
233860
442840
651680
860480
1069220
1277520
175220
383560
591980
801140
1009004
1216940
114420
323000
531480
739640
948740
1156800
55120
263440
471940
680620
889400
1097140
1306620
205010
414220
624380
833680
1041800
1250540
149440
358040
567180
775920
985100
1193100
92420
301940
510640
719580
928420
1137160
35800
244420
473440
684840
894160
1102980
1340
210760
420400
628720
836940
1046196
1254060
152620
360980
569000
777640
986560
1195800
94360
303620
512720
721680
930400
1138640
37020
245240
453640
662260
870460
1079540
1288960
186200
395240
603400
812200
1020300
1229020
127340
336500
544860
753160
961775
1169880
67320
276340
485440
694620
903780
1111860
9900
218440
428920
638820
847320
1056680
1265680
164260
373200
582400
791320
1000620
1209760
107400
316640
525340
734440
943000
1151500
50240
258520
467420
675740
885140
1093120
1302620
200020
408360
616500
825224
1034160
1242000
138890
348120
556600
764960
973260
1181540
78660
287480
495860
705200
913980
1122740
20520
228380
437540
646200
855220
588260
805380
1018360
1229640
130180
340140
549660
759980
971420
1181180
79220
288300
498360
709540
919000
1127520
26800
236020
447020
656660
866420
1075360
1284400
184800
393940
603280
813380
1023560
1233060
136420
346580
556200
765540
975260
1183760
82100
293400
502780
711920
920700
1129280
26940
235600
444220
654900
863940
1074060
1240920
141060
350120
558720
768080
977820
1189020
86860
295400
504800
714000
923880
1133260
30980
239800
449240
659900
868800
1077420
1285720
184320
393780
602260
811020
1019717
1229620
128180
339140
548300
757580
965840
1173940
71540
280720
490300
699340
908400
1117360
15120
223820
434780
643800
852200
1060920
1268946
167240
376580
585440
794660
1023840
1235160
133140
342322
551440
762580
971080
1180300
79140
287760
497100
705620
915600
1125060
22920
231620
440180
649000
858140
1067124
1276240
176160
385600
594740
803042
1011840
1220880
119660
327200
535940
744560
952960
1161680
59700
268100
475900
684720
892920
1102240
2900
211880
421000
630720
839320
1047980
1257080
155660
364140
572480
780920
1016240
1225180
123138
333200
542680
750520
959260
1167420
65740
277520
487120
695360
904920
1113000
11600
220160
429520
638640
848460
1057840
1266660
164480
373520
582380
791200
1000540
1209800
107500
316680
525960
735300
946680
1156960
55360
264436
473100
681800
890960
1099635
1308700
207380
416140
625940
835080
1043800
1254180
152140
361980
571800
807160
1016840
1226260
124900
334060
543040
752860
962440
1172980
72200
281000
490420
699360
907720
1116780
15160
223340
431840
641080
850660
1059540
1268180
166960
375980
584640
792940
1001000
1210240
108760
317540
526320
735420
944140
1152460
51080
260440
471700
680840
890049
1098620
1307602
205020
413520
621840
830040
1038900
1247720
145240
353480
468460
679260
887900
1096940
1305900
203880
413180
621560
830204
1038820
1247560
144220
353060
562380
770758
979940
1188600
87120
295478
506320
714800
923160
1131360
29540
237820
446420
655440
864900
1073700
1281900
179780
388240
597240
805860
1015560
1223700
122040
330700
539340
747320
957200
1166000
63980
272540
481960
691360
898940
1108660
6880
282260
497100
708340
918420
1127320
26200
237580
447320
656320
864820
1074140
1283500
182360
391300
600740
809520
1017980
1227600
125740
335000
544980
753880
962720
1171020
70160
279120
488080
697160
905360
1114400
11740
220760
429620
638980
847560
1055920
1264060
161958
369100
577320
784840
992760
1201340
99580
307420
516700
725060
935478
1144860
64640
275800
485640
693980
902780
1112080
10720
218920
427480
636500
845080
1053060
1261534
159980
369320
578102
786380
994760
1203600
102192
311900
520720
729860
938820
1148240
46636
255880
464080
672000
880200
1089280
1298134
196520
406320
614960
822840
1031580
1240620
138440
347480
556460
765220
973860
1182260
82320
291120
499560
707980
916300
1124020
49940
259440
467820
676420
885500
1094500
1303160
201020
409520
618220
826500
1036000
1244440
142840
350840
560000
769040
978500
1186900
84400
292720
501720
710120
918980
1127560
25180
234380
443060
652320
861460
1069960
1278220
175520
384960
594180
803300
1012080
1220780
118840
327200
535340
745280
953940
1162560
60500
271760
480980
688820
897680
1106820
6240
215500
424620
633920
842880
1051480
1260360
158500
368420
578320
787060
995600
1204420
102200
311200
519760
728940
938400
1147360
45420
254360
462400
671120
880360
1088820
1297620
194960
404120
612980
821300
1030140
1239380
137700
346540
554880
763120
971100
1180140
78209
286840
496180
704300
913180
1122280
20596
228780
438680
647600
803940
1014740
1225080
123540
332940
543540
753360
962300
1171000
68820
278200
486800
696004
904800
1113500
11100
219720
428920
637420
845760
1054660
1263340
161220
369540
578060
786340
995420
1204200
102640
311920
520880
730160
938116
1146360
44920
254240
463540
671860
879680
1088820
1297300
194760
403500
611156
819440
1028160
1236700
134840
343180
572640
783860
992800
1201980
99258
307760
516700
725760
934700
1143123
41620
250600
460040
668960
877900
1086780
1296060
194080
402720
611900
820480
1032580
1242020
141100
350620
559380
768340
977140
1186640
84420
293400
502380
711720
921300
1130440
28860
238620
448520
657200
866320
1075100
1284500
182140
391240
600100
809440
1017840
1226480
124840
333942
568620
778280
987020
1196880
95520
304540
513520
722740
932120
1141760
40700
250860
460340
668860
878240
1087500
1296740
195420
404740
613240
822920
1032200
1241040
138840
348600
557920
767440
975960
1185100
83000
292280
501200
709840
918420
1126660
25460
234000
443260
651800
860420
1070080
1279000
177020
385920
595420
807480
1016000
1224900
122500
330960
541700
751140
959740
1169200
67460
276660
485660
694060
903400
1112620
10420
219220
428560
638700
847720
1056640
1265820
163940
373020
582460
790920
1000740
1209640
107718
316860
525660
734400
942940
1151900
49920
258760
467081
676120
885620
1095020
1304320
203040
411900
620340
829489
1038660
1247580
145640
354360
562340
772620
981780
1190740
27400
238560
448580
657400
867540
1077480
1286880
185500
394460
603300
811860
1022180
1231780
129760
339180
548540
757460
968060
1177460
75820
284920
493855
702380
911900
1121138
19720
229780
438520
647589
858800
1069760
1278800
177440
386300
595380
804400
1013020
1222780
121440
330180
539760
748820
958440
1168400
67340
276120
484700
694120
902960
1129980
29840
239800
449180
658000
867320
1076200
1285500
184300
393296
602300
811440
1019740
1228760
127160
336080
545120
754600
964160
1173100
71740
280920
489700
699000
907942
1117240
15444
224800
433600
642580
852220
1061760
1272240
170600
379700
588960
798120
1006840
1217300
116020
325740
535580
745320
955260
1164700
62800
272400
481200
689818
923520
1135980
35300
244240
454180
663260
872720
1082209
1291060
190500
398720
608160
817580
1026360
1235580
134080
342880
552380
761940
970580
1179640
77780
287920
497500
708480
917560
1127040
25380
233400
441960
650160
859420
1067880
1277070
175480
385480
594200
803460
1012480
1221420
119500
328820
538000
747480
956740
1166160
64380
273680
483400
715220
928500
1137780
35420
244460
453380
662100
871040
1080020
1289900
188440
397958
606520
815847
1024900
1233420
132240
340800
549980
759244
968440
1176200
74780
283880
492780
701360
910520
1119740
18020
227080
435780
644960
853740
1062080
1271760
170000
379640
588260
797100
1006000
1214660
113120
321325
530080
738100
947260
1156320
53480
261900
470960
704380
915540
1124360
23000
231432
440220
649060
857740
1067120
1275400
173940
383080
591940
801160
1009120
1218402
117040
326540
535440
744800
953960
1163420
61640
270340
479300
688300
898040
1106520
4260
212620
423460
631600
840660
1049560
1258500
156940
366920
575180
784402
994060
1202640
100960
309820
519140
728780
938160
1147820
46520
256320
372980
583760
794020
1003260
1212200
111000
319600
529940
739880
948980
1157840
55560
263880
472800
681620
889636
1098100
1307240
206380
415740
624580
833660
1042120
1250447
148300
357340
566757
776780
985520
1194720
93660
302440
511880
720260
928840
1137580
35540
244220
452700
660980
869922
1079080
1288500
187220
395580
604420
813360
1022820
1230900
148980
359100
567500
777100
985660
1194460
92840
301980
510658
719540
927940
1135920
34560
243260
451440
660580
870340
1079380
1288860
188280
397200
606580
815900
1024900
1233060
131680
339920
549240
758080
967220
1175920
73960
282760
491540
700980
908980
1118160
15300
223540
432460
640880
849900
1058560
1267080
164820
372960
582380
790400
999540
1208680
130240
339560
548580
757520
965800
1173840
72220
280660
489780
698360
907580
1116320
14280
223740
432540
641957
850800
1060120
1269560
167580
377080
585220
793920
1002820
1211520
109660
317900
527460
736720
945480
1154320
51980
260700
470030
679240
887360
1096020
1304120
201560
410360
619660
828869
1037800
1246540
143440
352600
562620
771300
980200
1096420
1307060
206474
415880
624400
832600
1041220
1249860
148680
357220
564640
772480
980760
1188820
86560
295660
504020
712460
922000
1131400
30020
239440
448560
657280
866880
1075360
1284020
181980
390440
599820
808660
1016640
1225360
122740
332340
541340
750260
960100
1168840
67460
276640
485420
694820
903320
1112760
11720
220380
428860
638000
867960
1079300
1288740
187280
396360
606000
814480
1023780
1232540
130580
339300
547560
755780
964916
1173480
845500
1061120
1273300
173620
384420
594080
803760
1013240
1223960
122200
331020
540940
750020
960480
1168840
66880
276400
485500
696980
906160
1116080
14680
223840
434960
644280
853060
1061440
1270720
169560
383660
593300
710340
921400
1131800
30660
239000
450560
659220
868240
1077620
1285860
184160
392700
600375
812160
1021180
1231180
129300
338280
547080
755920
965080
1174180
74120
283620
493360
702460
910440
1119100
18720
227940
436420
645320
856480
1065620
1274620
172320
380340
589000
798200
1006380
1214980
112960
322100
533120
742280
951820
1160220
58360
266840
492940
703840
914200
1123520
21880
231140
440340
651725
859540
1068180
1277180
176000
384440
593660
803400
1012860
1221620
119720
329882
540620
749140
961140
1170160
68580
278280
486580
696460
905400
1114940
13720
223400
432640
641500
849700
1057820
1266040
163840
374440
583820
793280
1002700
1211720
109740
318400
526680
735780
945520
1154060
52180
283020
495140
704480
913260
1121780
20980
232000
441720
650380
859880
1069680
1278280
176020
385380
593200
802580
1011624
1219820
117800
326700
535500
743240
952280
1161880
60440
268678
479100
687920
896460
1105020
2180
211180
419961
629260
838300
1046620
1255060
151860
360440
568400
777180
986300
1195140
93080
301680
510120
719760
928540
1139960
38300
273480
483040
691900
900960
1109020
7100
215920
424920
633500
843440
1052140
1261040
158960
367200
574700
783100
991700
1200080
97620
305920
515260
724400
934480
1143164
42860
251420
460080
669240
878640
1087500
1296240
194380
403655
612460
820400
1029400
1238000
136340
344658
553200
762320
970640
1178900
77580
286720
494620
702980
911560
1120440
1241340
141000
349900
561580
770160
978320
1187560
85800
294600
502460
711000
920360
1130038
27940
236620
446040
655340
864980
1074060
1283080
180340
390000
599760
808940
1017940
1228180
126640
335620
544300
752916
961540
1170720
68240
276460
484576
695060
904980
1112800
12100
221040
430600
639220
848020
1057300
1266120
165200
373740
582100
791700
1020300
1231100
129240
338580
548320
757480
966700
1176320
75080
284280
493040
702140
910900
1119880
18180
226180
435800
644240
853140
1061900
1272240
170520
382260
591660
801000
1010940
1219060
117720
326480
536980
745980
955100
1163660
62360
270700
479320
687980
896760
1106040
4600
214640
423520
631220
840560
1049380
1258560
155860
364620
573560
782360
1016680
1226640
124560
334020
542800
752260
960760
1169680
67920
275580
483820
692480
899920
1110280
8760
217980
427700
636000
844220
1053220
1262460
160480
369620
577920
786420
995060
1203400
101380
310160
519580
728260
937400
1146080
44280
251980
460900
669200
877300
1084700
1293380
190880
399207
608140
816540
1024520
1232860
130580
338540
547700
655980
866540
1076130
1285200
183800
392600
602360
811900
1021460
1230980
132100
341000
549960
759020
968240
1176620
75140
284200
493040
702560
911120
1119760
17882
226640
435320
644276
853900
1063300
1272980
171820
381240
590120
799440
1009180
1218300
116620
326060
535200
744160
952740
1161478
59920
268960
478180
687640
898040
1106780
5740
214640
484400
697780
907740
1118360
16560
225840
435360
644660
853600
1063660
1273702
172040
384080
594100
802500
1011680
1220420
119700
330300
539860
749000
959400
1169460
68380
277640
486420
695120
904500
1113720
11600
220980
429160
637780
846440
1056660
1265700
164460
373740
582920
791100
1000160
1209300
108100
317120
526960
735640
943700
1152820
50980
304160
519320
728960
938880
1146860
45260
254000
463700
673020
882500
1092500
1302080
200780
410000
618880
828800
1038060
1246838
145140
354120
562160
773480
983300
1192500
90560
299640
508660
717360
926000
1134360
32580
241480
450040
658240
866560
1075247
1284260
182500
391320
600440
808980
1017620
1226460
124120
333160
542140
751620
960400
1169020
65208
275620
485400
694380
903300
1112440
11000
220215
429840
638660
847340
1056720
1265740
164160
373420
582980
792280
1001800
1212460
111660
319680
529200
738020
947100
1155340
53820
262758
471920
680360
889240
1097860
1307060
205400
414400
623560
832960
1041680
1252360
150800
360160
568720
777440
986580
1194260
92520
300927
509440
717280
926780
1160052
60260
269780
479820
689140
898800
1107140
5860
214680
424100
633740
842800
1051460
1260360
158700
367500
577300
787040
995680
1204640
102720
311500
520320
729440
938720
1147540
44500
253660
462740
672100
880740
1088640
1297580
196380
404200
612820
821400
1029580
1238320
135360
343060
552360
762220
970920
1179840
78440
287340
496700
705020
914060
1151100
50680
259440
468520
677660
886037
1095380
1304580
203100
411700
619940
827960
1038040
1246520
144060
352440
561720
771493
980320
1189220
87760
297160
505440
714220
923180
1132660
32280
241080
449220
657460
867060
1076280
1285300
184280
392740
601540
810420
1019640
1228880
126880
335960
544700
753440
963220
1171600
70000
278580
488420
697800
800260
1011480
1220500
119460
327640
536400
745440
954500
1162940
61920
271620
480420
689240
898540
1106980
5240
214060
423040
632200
842000
1050940
1260420
158960
368200
577380
786400
995820
1204060
102760
311440
520600
729840
939340
1148620
46680
255580
464060
673440
881640
1090780
1300140
198500
408540
617940
827220
1039040
1248220
146660
355620
585620
795920
1005720
1214800
113100
322540
531400
740240
950120
1159080
57980
267220
476620
685580
894340
1103600
2160
211200
420860
629840
838100
1047320
1256300
155840
364840
573900
783280
992860
1202720
101240
310080
518700
728240
936560
1145140
44360
254600
463960
672620
881580
1090600
1300340
199380
408640
617280
826380
1035500
1244640
143340
352940
587920
797360
1006660
1215700
113820
322580
531300
740060
949240
1158300
55562
264580
473960
683480
892520
1101300
1310460
207380
416002
624740
832820
1041340
1251440
149740
359140
567960
776660
984920
1194180
92680
301820
510980
719460
929480
1139120
37200
246160
455560
664300
875420
1084560
1293900
192300
401360
610520
819280
1028060
1235900
133460
369060
580100
789080
998220
1207020
105400
314560
523360
732480
942020
1150860
49120
258200
468180
677293
886460
1095520
1304440
202740
411870
621420
829780
1038700
1248380
147280
355760
564920
775060
984013
1193080
91640
301200
510700
720420
929100
1138000
36020
244680
453980
663040
873460
1081840
1290420
189200
398700
607340
817060
1025780
1235220
31820
244360
454240
665560
876640
1086700
1295600
193500
402500
611680
820380
1030180
1238740
137940
346560
556200
766116
975040
1184080
82160
291540
500560
710300
919080
1128720
27160
236460
445140
654460
863100
1072680
1282040
179920
388540
597380
805640
1014720
1222760
120280
328660
538240
746965
956320
1166320
64680
273940
484160
692840
901820
1131940
32140
241240
449820
658040
865740
1074320
1284520
185420
395320
604460
813040
1022140
1230180
127980
336460
545080
753660
962560
1170600
68880
279900
490680
699120
907900
1116860
14360
223700
432740
641120
849740
1058140
1266100
164600
374500
586040
795380
1002800
1211280
108980
316220
524180
732960
941240
1149440
47800
257640
466100
674800
883440
1118120
16360
225540
434940
643940
853180
1061400
1271310
170100
378200
586560
796400
1005900
1214880
113860
323240
532120
741660
950520
1159122
58320
267840
476760
685960
895540
1104320
3160
212100
420620
629500
837920
1048160
1258740
157660
367780
577020
785680
994280
1202847
100280
309200
517800
727060
935340
1143420
40940
251340
462000
672680
908180
1117780
16400
224900
433720
642220
851500
1060140
1267980
165760
374540
583960
793260
1002100
1210860
112160
322740
532720
741920
951020
1160160
58280
266678
475300
683420
892200
1100640
1310020
207960
416900
625740
837140
1045880
1254880
153300
362120
571460
780360
989040
1198160
96160
305120
514540
724020
935200
1146720
44880
254020
462764
672080
882900
1092140
1301540
200320
410440
619060
829640
1040840
1252200
150840
360300
570044
780554
989780
1198740
96460
305600
514000
722800
932900
1142560
42460
252120
460700
669300
878560
1087120
1295840
194460
403800
612280
821820
1030920
1242240
140580
348920
557880
765820
975400
1184000
74374
290220
499480
707780
916640
1126600
26040
235160
372700
582860
792320
1001740
1210540
109240
318060
527150
736300
944920
1153160
51180
259780
468020
676660
886520
1097040
1308480
206560
414780
622800
831420
1039940
1248800
146780
355880
564580
773700
981920
1192055
91400
1112218
16680
228860
439840
649980
859660
1068920
1278680
179820
389620
599660
808600
1017440
1227360
144820
358100
567460
775980
987580
1196620
96320
306620
516720
729200
937380
1146120
43480
252360
461320
674628
884400
1093200
1302800
202240
411320
620700
831100
1039980
1248807
146840
355940
563960
772040
980174
1191600
90320
299540
509660
717920
927020
1136140
33880
242680
453920
663180
872400
1081700
1290960
189120
398220
606880
816200
1024360
1260560
164506
373680
583580
793420
1002420
1211920
110280
319640
528740
737820
949700
1159800
58900
267240
476160
685136
893860
1101880
1310440
208320
418100
627040
836240
1047640
1256233
154240
363460
573180
782620
991880
1202000
100660
310100
519820
728500
937640
1146080
46460
255260
464440
673380
882246
1091157
1299940
197920
407160
616700
825580
1056460
1268840
168120
376820
585780
796140
1003960
1213160
111202
320080
529340
738402
947980
1157020
55280
263735
471960
681280
889900
1098400
1307318
205620
414600
625380
834840
1044040
1253300
151600
360220
569540
778060
986620
1196040
94400
303760
512980
722500
930920
1140220
39240
248620
457780
667100
878100
1087340
1296580
194860
402854
611860
820980
1057380
1267380
166080
374620
583720
792220
1000400
1209060
106860
315580
525340
733480
941340
1150580
48049
259280
467700
676520
885360
1095040
1303700
201320
409920
619200
827020
1037100
1245900
143880
352620
561300
770280
978300
1187880
85400
294830
503260
712100
920620
1129484
27860
236620
447764
656560
865240
1074240
1283718
181560
390700
599900
712880
922995
1132120
30620
239520
447820
657040
866560
1075080
1283760
182340
391620
601240
810500
1019440
1228340
126760
336380
544520
753820
964420
1173980
72660
281800
491080
700260
909240
1118360
17060
225900
434820
643860
852640
1061280
1270280
169260
378300
587220
795540
1004178
1213580
111960
321520
531020
740180
948200
1156600
54640
263320
492520
702860
912220
1123240
21640
231980
440320
649980
858060
1066980
1276322
174880
383440
592380
800800
1009820
1218520
116460
325800
535800
745960
953920
1162820
61580
270140
479020
688140
896520
1105120
3460
211640
419980
629080
837720
1046482
1254620
152320
360900
569680
779700
989380
1198720
96920
305600
515160
724840
934440
1143820
42320
250340
484500
694360
903220
1113100
11560
219340
428120
636900
845980
1054375
1263360
161887
370140
578780
788040
997520
1206540
104360
313640
524220
732900
941740
1150480
48880
258322
467740
676420
884760
1093940
1303180
203580
412780
622518
831320
1039860
1248040
146160
353860
562800
771980
981340
1189520
87090
296720
505360
715220
923520
1132356
30880
262900
471960
681080
890000
1099100
1307820
205860
414680
623700
833300
1041980
1251200
149880
358920
569120
778500
986940
1196100
95020
304600
514140
723620
932720
1142060
41080
249720
458720
668500
877620
1086220
1295440
193000
401300
609740
818720
1027860
1236900
135100
343860
552180
761360
970180
1178560
76820
285460
493820
703040
911360
1119300
1244000
143700
353340
563140
773120
981398
1190140
88760
298200
507040
716002
924340
1134440
33000
242440
451740
661140
870500
1078720
1287600
185820
394893
604360
812660
1022320
1232300
129380
338500
547260
758900
968700
1177800
76920
285760
493920
703080
911000
1119440
18400
227560
435820
644522
853360
1062160
1271340
169200
377740
586200
794100
1023920
1234340
133720
342820
551333
759940
968980
1177620
75682
284700
494680
704136
912660
1121520
19600
229040
437960
645960
854740
1062980
1273120
171920
380640
589440
798720
1007720
1217100
115429
325180
534440
743860
952980
1162020
59540
268160
476240
684980
892820
1103220
764
209980
418460
626140
834640
1042680
1251980
149680
358840
567320
776700
1011240
1220320
119200
329408
538840
748000
957340
1166980
65800
274800
484080
693600
902760
1112026
11140
219720
429920
638460
846620
1055700
1265900
163640
372300
581400
790620
999760
1208080
105980
314780
524160
733480
942900
1152200
49900
258540
467560
675860
884480
1092920
1301807
199380
408300
617300
826300
1035020
1243740
141360
350208
559340
710540
925740
1136460
35520
246780
456520
667040
876640
1085620
1294760
193700
402780
612600
822000
1031620
1240680
139480
348320
556800
766460
975100
1183340
80680
289060
497860
706820
914620
1122800
20820
230000
438720
647580
856680
1066100
1275260
173800
382040
590720
799640
1007840
1217020
115320
324000
533220
742040
950140
1159720
57920
266920
460520
671220
880960
1090000
1298180
196562
405640
614300
822960
1031880
1240675
138760
347240
555420
763360
972100
1181000
79920
288860
497880
706240
914560
1122380
20080
228220
437120
646320
855960
1065180
1275620
173080
381960
591620
800680
1009140
1217820
115500
324658
534340
744040
953180
1162100
60340
269480
478720
687320
895940
1105140
3680
212080
447680
657240
865860
1075620
1283860
182160
391160
600400
808820
1018160
1228160
127080
336880
546400
756160
965460
1174860
73860
282480
491180
699400
908380
1117200
16960
226060
435200
645140
854040
1062380
1271720
169900
379020
588140
797260
1006940
1215800
113420
321740
531200
740647
950140
1158640
57220
266180
475881
685220
893920
1103000
1680
237000
447360
656700
866320
1075160
1284360
182160
391820
600980
810120
1020620
1230020
130640
340360
549600
758480
967520
1177260
74998
283420
491960
701396
910820
1118940
16800
226320
435460
644653
853540
1061360
1270800
169400
378000
587340
796725
1005440
1213560
112540
321600
529460
738660
948080
1157760
55580
264780
474200
683600
893080
1102160
24240
234820
445120
655220
865160
1073720
1283420
182380
391100
601520
810920
1021080
1230100
128420
337740
547000
755580
964740
1173820
72120
280620
490020
698860
907640
1115500
14200
223220
431420
640880
849973
1059780
1269100
167220
376320
585040
794680
1003040
1212120
110320
320140
529800
738360
946820
1156140
53860
262300
471620
680060
889860
1006120
1216620
114840
323780
533820
743500
952500
1163640
61500
271040
479080
687140
895980
1104280
2020
211360
419640
629200
838680
1047740
1256580
154500
363300
571820
779780
989400
1198780
96460
304940
513860
722660
933160
1142540
40200
249140
457600
666160
875800
1084800
1293800
192400
401100
609260
817400
1026700
1235060
133440
342980
551620
781420
993000
1202080
100340
308360
516620
725860
935520
1145260
43940
253180
462900
671760
879640
1087940
1298260
195920
404660
613460
822840
1031800
1241160
139540
349500
558480
767400
976660
1186000
84460
293400
502720
711520
920100
1128840
27960
236620
445620
654840
863620
1072380
1280940
178620
387600
597120
806420
1015860
1224360
122280
331640
540840
775480
985440
1194820
92980
302460
511040
719620
928820
1137620
36520
246460
455720
663800
875220
1084180
1293260
191240
399860
608920
816980
1026280
1234600
133320
342400
550740
759720
967860
1176060
73580
281800
490820
699460
908040
1116775
14820
224140
433080
641880
850720
1059920
1270900
169600
378760
587580
796534
1005120
1213560
111398
321300
426680
636440
845800
1054720
1263420
160940
369220
577460
785600
993400
1202380
100540
309100
517400
726420
934040
1141780
39880
248100
456020
664740
872800
1081360
1289920
187700
395440
604620
812680
1020860
1229940
127380
336040
544880
753760
962840
1171780
70420
279200
489040
698220
907320
1116220
14540
223894
432800
641640
850580
1059080
1267700
166140
400100
610740
819540
1027500
1236940
134120
343760
552500
761740
970100
1178940
77180
285560
493340
702840
912140
1120420
18940
228120
437640
646960
855680
1064900
1274640
172460
381400
590100
800680
1009180
1218820
116980
327760
536615
746120
954480
1162400
61240
269500
478240
686740
895440
1104300
2720
211380
419860
629460
838900
1047060
1255240
174840
386020
595480
804180
1013580
1222980
122220
332260
541340
750820
959160
1167360
65660
274160
483180
692240
901540
1110680
9318
218140
426460
635520
845360
1054980
1263760
162440
371380
580480
789600
999060
1207780
106540
315960
525160
734280
943700
1152642
50880
259300
468100
676440
884900
1093540
1302680
200920
409940
618900
827780
1036080
1154740
54640
263380
472860
682080
891700
1100000
1309260
207880
417620
626220
834680
1043100
1251700
149924
358680
567500
776200
984520
1193120
91220
300100
508340
715840
924300
1132520
29960
238820
447880
656840
865920
1075200
1283240
182280
392240
601840
811440
1020560
1228960
126940
336360
545180
753780
962600
1171080
69380
959800
1175138
77620
287720
499540
709540
918600
1128640
29120
239060
448820
658520
867720
1077640
1287140
185860
395000
604060
815060
1024680
1232300
130920
339640
549400
758740
967840
1177600
75300
284198
497880
707280
916140
1124840
22460
230020
438620
648813
857620
1066340
1274700
172240
380540
589180
797660
1007660
1216800
115560
323740
532200
759020
970080
1179440
77780
288780
498160
706940
916160
1124860
23160
232880
441560
649525
858220
1067540
1276340
174980
384390
592980
801800
1010760
1219140
116540
325800
534740
745420
954080
1162520
60800
269120
477958
686860
896140
1105300
4180
212520
421460
630300
839740
1048540
1257200
154880
363780
571900
780440
988500
1196389
93080
301874
532120
744040
953100
1163980
61800
270480
479740
689320
897380
1104920
2780
210960
418140
626520
836520
1044900
1253260
151580
361000
571380
779960
988500
1196960
94860
303120
511520
719960
929240
1138320
37040
245920
455180
663480
871880
1080700
1289560
187300
397480
606520
814360
1024080
1233480
131320
339400
547920
756760
965160
1174055
72800
280940
511220
720400
929340
1138340
36540
245900
455580
667200
876200
1084300
1292560
190580
399140
607680
816360
1025260
1233840
131600
339880
547883
755880
964240
1172940
70600
280020
487840
696520
904560
1112820
13080
221280
431060
640900
850000
1058580
1266120
164040
372440
580760
789280
998020
1207080
104360
314000
523460
731620
940080
1149680
47980
184260
395160
605120
814300
1023400
1232400
133800
342320
551660
759940
969120
1177860
76420
284980
493480
702140
911440
1120120
18680
227560
436000
644520
853000
1061160
1270080
168340
376720
585140
793160
1001240
1209560
107180
316540
525160
736020
945200
1153780
51300
259800
468880
677440
886660
1095900
1304480
202560
412340
621260
830760
1039220
1267580
167480
376700
585000
793300
1001980
1211040
109760
319180
528520
737200
946320
1155040
52240
261120
469380
678480
889900
1099360
1308000
205460
415680
625360
834240
1043880
1252420
150380
358960
567720
776860
986620
1196120
94540
303380
512640
721980
931580
1141240
40140
250220
460040
669560
877960
1087280
1295960
194280
403040
612300
822240
1030700
1266600
165460
373960
585860
795140
1004040
1212380
110520
318960
528740
738280
947600
1156380
53960
262580
471120
679840
888518
1096480
1304580
202260
411240
620460
828540
1036722
1244920
143440
351520
560100
768600
977380
1186280
84140
292720
502160
711140
920380
1129260
28100
236820
446080
654120
862400
1071540
1282480
181260
390620
599520
808620
911160
1123060
22020
230480
439940
648640
857000
1066280
1274420
172540
381380
590000
798720
1008780
1218320
116895
326060
534360
743360
953240
1161840
59080
267640
476540
685440
894540
1103720
1340
210860
419980
629060
838240
1046660
1255900
154860
363940
572700
780980
990020
1199660
97360
308160
517180
725340
933980
1142400
40340
249522
458720
688720
900000
1109920
8780
217600
425200
634140
843260
1051820
1260820
158940
367700
575820
785120
994120
1203040
101700
310780
519900
729400
937930
1147300
45380
255180
464280
673960
882880
1091960
1301440
199460
407200
615860
825620
1033560
1242040
140260
349980
558200
767440
976440
1184720
83100
292580
502840
712400
921940
1131880
30600
238820
447100
681240
890260
1098880
1308140
207440
416940
625900
834860
1043960
1253080
150720
359900
569560
778820
987762
1196660
94300
303460
512040
721400
930180
1139440
38000
247400
455960
665920
874660
1083500
1291900
189740
399260
607600
816240
1024760
1233640
131460
340920
549740
758600
967400
1176060
73720
282320
492280
701580
909900
1118640
16000
224760
330474
540460
752200
961280
1170780
69400
278500
487845
697380
906140
1115840
14120
222500
431320
639840
848120
1056080
1264320
162700
370880
579760
788820
997160
1205680
103485
313100
521740
730820
939740
1148260
46580
255180
464580
673900
882660
1091800
1300500
198900
407700
617520
826360
1035300
1244380
142900
350700
559020
768240
977180
1185600
104360
314740
523260
732660
941600
1150860
49460
258400
467520
676540
885520
1093700
1301940
200215
409280
618140
826680
1036480
1248120
145820
354620
564420
774300
983180
1192400
91400
300240
508780
718520
927200
1135920
34140
243280
451720
660600
869080
1078280
1287100
185340
395340
603760
812880
1020740
1229980
128640
337840
546882
756080
964580
1172520
96118
305160
513840
722600
931460
1139940
38200
247220
455640
664220
872700
1082920
1291400
189880
398060
607020
815080
1023660
1232400
130760
339760
548800
757880
967380
1177560
75240
284520
494278
703020
911420
1120060
17480
226880
435880
645000
854980
1063980
1272677
170660
380580
589660
798134
1009940
1218040
116480
325442
534740
744000
952940
1059080
1269900
169240
378220
587460
796960
1006440
1215820
114580
324140
533860
743220
952020
1161420
60600
269700
477920
686540
894440
1104320
2420
210880
420100
629060
838400
1047380
1256880
155730
364140
573040
781900
990240
1198940
97000
306720
517080
726540
935378
1144060
42000
251922
460280
668780
877560
1086140
1295020
193580
402800
611760
886060
1100360
380
210520
420380
630260
839920
1049420
1259380
158280
368440
578340
787220
996580
1205640
103820
312680
521660
731260
940620
1149820
48300
257660
467160
676720
886820
1098760
1308360
206580
415860
624620
833720
1043680
1252680
151140
360780
569620
780180
989520
1199500
98420
307640
518720
727520
936760
1146720
45400
255000
464360
670380
881080
1089780
1298960
198220
407160
616740
826240
1034960
1243860
142500
351200
561240
770100
978640
1187300
86000
296080
504740
714720
923980
1133900
32260
241340
450680
659780
868640
1077020
1285900
183760
392720
600640
810380
1018600
1228080
126040
335200
544860
753640
962100
1171320
69120
278020
487440
696520
905680
1115100
14300
223460
454240
666140
876249
1085847
1294600
193520
401800
611020
819520
1028580
1237980
135240
343100
551280
759500
968420
1177680
75480
284580
493540
702220
913080
1122423
20400
229060
437180
647420
856120
1065740
1275520
174200
382720
592000
800880
1010540
1219620
117920
326300
535380
745420
954340
1163820
62040
270520
478740
687640
896320
1104820
3420
212620
447520
657120
866634
1076940
1286320
184300
393540
603320
812242
1020900
1230182
128420
338300
547780
756700
965560
1174520
72420
281060
490280
698740
908240
1117940
16460
225460
434080
642920
851680
1060700
1269260
167320
376120
585020
794020
1002980
1212400
112198
320160
529860
738180
946560
1155920
54260
263180
471580
680440
889220
1098700
1307500
230340
440940
651200
860540
1069640
1279460
178000
387820
597400
806820
1015760
1224760
123340
331720
540980
749760
959480
1168380
66580
275480
484360
694060
903040
1111840
9620
218620
428160
639140
848720
1057860
1266900
165460
373700
582460
791820
1001260
1210180
108420
317760
526620
735000
943400
1152200
50840
260180
469400
678220
887200
1096500
1212780
112460
322740
533080
742860
951940
1161680
60160
269920
479880
688460
897800
1107460
6060
214660
423740
634460
843840
1052820
1262480
160900
371180
580780
790060
998840
1208240
107080
316240
526120
735840
944980
1153600
53000
263160
472480
681500
890900
1100300
1310560
209380
418160
627100
836600
1046460
1255580
153960
362740
571460
780680
1003160
1214080
112780
322420
531560
740120
949600
1158360
56200
265682
475020
684920
894180
1103400
1740
210860
420280
630060
839360
1048400
1257440
156160
364800
573840
781940
989800
1199480
98980
307900
517180
726820
937020
1145920
45320
253760
462700
671240
880440
1089580
1297600
195680
405180
614300
822400
1032520
1241860
141780
350760
560860
793200
1004160
1213640
112140
321520
531260
740900
949800
1159604
57960
267340
477200
686680
894760
1103440
840
209780
418840
627920
836160
1045580
1254560
152340
361380
570324
779840
989340
1198440
97560
306040
515200
724840
933140
1141880
39480
247960
457700
665720
875400
1084380
1293800
192760
401580
611000
820300
1029980
1238480
136080
345580
553840
788240
997760
1206860
105420
314320
523840
733780
942860
1152420
51220
260440
469900
678380
888100
1097220
1306360
205000
414420
623440
832440
1041700
1251520
150860
360380
569920
779143
987660
1195960
94660
303440
512196
720680
928900
1137922
37220
246240
455480
663780
872800
1081160
1290320
188860
397220
606420
816253
1025280
1233460
131280
340080
572700
782980
992400
1202300
100660
309560
518760
727560
937197
1146820
45000
254620
464520
145600
361380
573960
784700
995680
1205140
103522
313300
524015
733520
943540
1152960
51580
263020
471540
680340
889680
1098920
1309660
208220
417260
626540
835600
1045400
1254300
152180
361140
569800
778600
992120
1201717
99160
235260
447160
656940
865820
1076340
1285780
183500
392560
600960
809700
1018960
1228920
128840
338020
547260
756380
965940
1175720
73360
282340
492260
703780
913440
1122900
21560
230680
439620
648940
858800
1068160
1277420
178240
387580
596620
805540
1014160
1223120
121800
331840
541580
750940
960580
1171420
70300
279120
487620
697400
906900
1115480
28640
238700
447980
656780
865960
1074820
1286460
185180
393340
602500
811420
1020598
1229520
127260
335660
543960
752960
962860
1172242
70440
282380
491400
700200
909580
1118480
17160
225240
434400
643800
853140
1062020
1271360
170020
378520
587080
795600
1006840
1216040
113340
322100
531961
740360
949520
1159480
58360
267540
477340
686220
896640
1128520
29600
239060
448840
658560
870300
1079440
1288740
187260
396960
605560
814640
1023600
1232680
131540
341540
550120
759200
969140
1177780
76440
285860
494000
703560
912480
1123320
21260
229780
437880
646940
855860
1064940
1273100
170660
379110
588840
798860
1007800
1217160
116220
325580
535580
744020
952760
1161980
60100
269480
480840
689540
898900
1133460
32380
241760
450260
659520
868120
1077820
1287000
186560
394940
603660
811560
1019560
1228420
126660
335800
545060
753442
962100
1170360
69340
278780
487660
699080
907880
1117260
15480
224002
432560
641020
850680
1059540
1267780
165700
375020
583920
793060
1001580
1211200
108360
316320
525440
734460
943700
1152500
49640
257680
467020
675840
908600
1118420
18860
228300
437300
646600
855260
1064000
1273600
172340
382160
591720
800400
1009200
1218860
117440
326100
534380
743600
951900
1160480
58940
268640
477820
686620
895602
1104420
2940
211520
419860
629158
838840
1047260
1255920
156060
365480
574960
783560
993160
1202000
100120
308220
516900
726480
935220
1143720
42200
251800
460740
575560
786760
996380
1205540
103900
314020
523880
733280
941920
1151220
49680
256980
465960
675160
884620
1093200
1301280
199380
407740
616240
824780
1036360
1245180
143440
352680
561400
770720
980340
1189100
87280
296560
505440
713940
922140
1130764
29380
238940
448080
657600
866560
1075654
1284620
182700
391400
600560
809640
1018500
1227484
125860
355318
566080
774980
983440
1192680
90120
298720
507060
716200
924820
1133360
31660
240800
451400
660520
870020
1078820
1287620
185840
394180
602836
810520
1018540
1227220
125820
334920
542780
750800
959940
1167440
65480
273920
483180
691640
900340
1109800
8040
217100
426120
634647
843220
1053300
1263900
163340
372720
581260
789820
998880
1207800
105900
342220
552220
762402
972260
1181480
80280
289680
498980
707980
920140
1129940
26860
235680
445305
654360
862580
1071460
1280300
179400
387600
596560
805440
1014000
1223840
122020
331060
540020
749060
957840
1166920
64300
273580
482620
692200
901200
1109800
8840
218140
427780
637000
845920
1054740
1263580
161860
371940
581260
789880
998780
1208460
130620
340516
549260
758440
967080
1175540
73657
282260
491500
700860
909420
1120520
19580
228960
437880
646220
855260
1064800
1273600
171840
380600
589880
798540
1007180
1216460
115600
324740
533340
742360
952000
1161400
60420
269460
478780
687340
895680
1104740
3280
211840
420440
628720
837080
1045960
1254438
153440
362697
572020
780980
989660
1109000
10680
219800
428460
637620
845640
1054140
1262800
160680
369300
578600
787020
996004
1205880
103660
311960
520680
729300
938060
1147020
46320
254780
463500
672284
880100
1088800
1297140
194560
403800
612500
821280
1030402
1238600
136160
345660
554680
763100
970960
1179840
78600
287040
496120
705220
913360
1122482
21100
229480
438940
648980
878200
1089980
1299720
199120
408820
617540
826740
1035900
1245040
142840
351380
560000
769180
978880
1188300
86900
295600
504860
714160
922880
1131400
29840
238060
446140
654200
862960
1071940
1280240
178580
387160
595780
804480
1013380
1221480
120540
329420
540640
750820
960520
1170100
68800
277800
486755
696120
904920
1113560
11680
221520
429720
638420
873700
1082940
1292260
190794
399240
608740
817520
1026980
1235660
133800
342103
550880
759480
968500
1177440
76040
284620
493240
702340
910200
1119060
17220
225820
433900
642580
851940
1061360
1269560
168420
377000
586760
796880
1005540
1214600
112740
321700
530180
739620
948020
1156820
54640
263740
472820
682180
890409
1099340
1309400
207800
416960
532258
742940
951920
1160800
59260
269415
478780
688080
896600
1105440
4300
216820
425900
635980
844560
1053620
1262420
161194
370220
579440
788420
997080
1205200
103780
312080
520420
729640
938200
1147620
45720
254000
463780
672500
881540
1090560
1299060
197020
406600
615940
825300
1034140
1243000
142080
351020
560280
767620
975460
1184540
81880
309200
519320
729640
938940
1147640
46240
255720
465780
675900
884780
1094360
1303540
202700
411700
621400
830480
1039780
1249600
147720
357360
567300
776640
985870
1194220
93940
302760
511620
720180
929560
1138722
37300
245980
454500
664100
873320
1082480
1291920
190629
398800
607980
816780
1026000
1234580
133440
345100
553960
763040
971960
1181080
103120
315238
523680
732660
942880
1152700
50460
259540
469680
679540
888700
1098200
1306980
205020
414160
623160
832680
1041940
1250940
149500
358885
568020
777060
986280
1195380
93940
303520
512400
720980
929480
1138700
37180
246100
455160
664360
873640
1083000
1292380
190540
400660
610380
819640
1029320
1238380
137540
346540
555714
764502
973820
1183400
107500
316760
525420
734080
943360
1152660
51220
260322
469042
678820
887900
1096700
1306200
204280
412020
621100
830040
1038340
1246820
145500
354796
563780
773120
982140
1191100
89180
297800
506980
715840
925000
1134440
32700
241560
450820
659820
868600
1077800
1287100
187600
396884
605780
813720
1022300
1230900
129400
338242
546340
755020
963620
1241380
143500
353380
562960
772960
981880
1191520
90700
300240
508720
717060
925800
1134540
32880
241300
450120
659600
868380
1077660
1285860
183780
392280
600840
808520
1017540
1225580
123900
333180
541700
750260
958820
1168440
66320
274740
483500
693120
901920
1110880
9360
219080
428160
636380
845520
1054740
1264164
163100
371820
580760
789420
1023900
1233040
131760
340760
549440
757940
967460
1177140
75480
284280
494120
703160
912640
1121680
19780
228320
437800
647000
855640
1064680
1273240
171820
380600
590040
798460
1007280
1216400
114720
322920
532120
740680
948940
1157860
56080
265760
474796
683580
892380
1100400
1308560
206040
414280
622940
832560
1042360
1254300
153060
361360
569660
804240
1013640
1222320
120620
329340
537680
746680
956260
1165780
64320
273180
481760
690880
900600
1109320
7860
216420
425380
634960
843460
1052660
1261780
159820
368560
578000
786260
994880
1202940
101640
311140
520460
729290
937140
1145220
43360
252600
460700
669800
877880
1086800
1295460
193940
402140
610680
819320
1027320
1235900
135040
344300
472000
682260
891860
1100920
1309960
209000
417660
626300
835151
1043260
1251800
150660
359718
567820
776040
985072
1194000
92060
300460
509960
719020
928260
1136860
34040
242460
451280
660240
869460
1078560
1287780
185680
394640
602940
812080
1020440
1228960
126960
336160
545200
754480
963740
1173060
70960
280240
488280
696640
904920
1113180
10680
239380
451000
659790
868900
1077480
1286360
184700
395080
604220
813860
1022440
1232020
131500
339700
547580
759140
968260
1178100
76440
285580
494080
703920
913140
1122540
20800
229800
438580
647220
856240
1064760
1273300
172080
380280
588860
797220
1005800
1214160
112680
322340
531640
740600
949660
1158880
56700
265380
474160
682520
891240
1099520
1308500
234560
443700
653400
862020
1070640
1279540
177040
385920
594500
803240
1012020
1220380
117780
326960
536060
744820
953260
1161860
59920
269140
479120
688060
897100
1105860
3320
212760
421360
630820
839880
1049020
1257520
155340
363460
571820
780680
988460
1196800
93842
302380
511180
720180
929300
1138080
36220
245180
453560
662773
871600
1081238
1196500
95900
304380
513580
722180
930080
1137660
35840
244920
454420
662960
871780
1081320
1291240
189340
397040
606620
815820
1025120
1234560
133020
342060
551500
761140
970300
1179240
78340
287260
496120
704900
372920
588320
800280
1010600
1222100
120780
330280
539380
751040
961060
1170680
68600
276500
487740
697840
907460
1138380
38220
249340
459140
668020
876880
1085280
1296320
193800
402900
611580
820700
1029500
1243700
142900
351760
559940
767780
977240
1185120
85540
294060
503360
712060
921260
1130080
28120
236080
446920
655740
865420
1073720
1283020
180540
388860
597000
806038
1017340
1225700
124320
333320
543080
751280
960480
1169680
68680
277280
487840
696600
813400
1023740
1233100
131160
339580
548360
757500
966020
1174100
74060
283440
492860
702820
912180
1121400
19760
228220
437260
645960
855080
1064640
1273260
174100
383100
592440
802000
1011140
1220540
118680
328380
537680
746940
956340
1165000
63660
272300
483760
693480
902620
1112300
11220
221060
429920
639260
848800
1057720
1268120
166700
376380
600300
810860
1020580
1233100
131840
341220
550500
760160
970100
1179236
78020
287440
497180
706860
915920
1124120
22060
231480
440780
650360
859200
1070900
1280680
179240
388560
598060
806360
1016000
1224860
123200
332200
542160
750540
959500
1168480
66680
275700
485100
693560
902960
1112140
13080
221920
431860
641155
849680
1058720
1268700
167180
399460
610660
819600
1028820
1237860
136100
344900
552980
761780
969820
1179800
78460
287680
495600
707060
916080
1124720
22440
230940
439000
647540
855800
1064280
1273460
171580
380140
588500
797300
1006620
1215440
113800
322700
531720
739500
947909
1155980
53900
262080
471160
679880
890038
1098410
1307460
205460
413600
621420
829560
1038820
1247820
146540
380880
591100
800780
1009740
1218700
117200
325960
535360
744160
953620
1162800
61160
270620
479380
688960
897180
1105320
2660
213920
423200
632580
841200
1049560
1258080
156700
365760
573540
782900
992380
1200780
98460
307700
515920
725620
934600
1143780
41520
250340
458500
666900
876160
1084500
1293200
190780
399980
608440
816560
1026000
1234560
12280
223940
434140
642540
851120
1060260
1269020
166380
373800
581960
789580
998300
1207360
105160
314200
522120
731580
940960
1149960
48040
257960
467400
675200
884420
1093480
1301500
199480
407540
616480
825100
1034320
1242540
140660
349360
559040
767200
976400
1188060
86200
295180
505700
714060
921940
1131420
29040
238220
447100
656120
865160
1073860
1308820
208060
417280
625160
834300
1042840
1252140
150040
358360
566980
775284
985386
1193220
91080
299660
507960
716140
924400
1132100
31000
239360
448520
657260
866080
1073820
1282500
179740
388280
599320
808160
1017220
1226180
124520
333420
542100
750740
958460
1167540
65820
275100
483680
692540
900980
1109120
6560
216100
424560
633320
841960
952960
1163680
61940
270680
480440
689460
898180
1107540
5140
214140
423400
632242
841580
1050160
1258640
156300
364560
573340
781740
990220
1199340
98120
307080
515980
724740
935160
1144780
43500
251860
461320
670160
878200
1087380
1296560
195120
404940
613440
822020
1030720
1239060
136400
345540
554120
762140
970700
1179940
78017
285940
495540
724520
935420
1144860
43640
253100
461620
670920
880000
1089120
1298660
196260
405060
614450
823080
1031080
1239980
137460
346860
555660
764840
974240
1182880
82580
291680
500180
709200
918020
1129220
27160
235720
444360
653980
863580
1072260
1281060
179660
388520
597400
806500
1015920
1224357
122200
331280
540380
749460
957960
1166261
64300
273000
482340
719720
928760
1137420
34720
243480
452420
661280
870020
1078560
1288160
186460
396300
605120
814540
1022560
1231980
129720
338560
546520
754460
962640
1171280
69580
278335
487580
696600
905880
1114920
12940
221980
430200
638860
847680
1056520
1264440
164640
374020
582440
791600
1000580
1209180
107260
315860
524040
732740
941340
1150920
49440
259020
365960
576820
786020
995060
1204240
102300
311280
520260
729460
938140
1147960
46920
256080
465340
674260
883420
1092420
1301880
200340
409520
618600
827160
1035880
1245060
143476
352820
562080
770927
979540
1189240
87300
296700
507020
716500
925380
1134480
33440
241840
451980
661320
870400
1079100
1288849
187540
396720
605560
813964
1022420
1230540
149080
359660
571500
780300
988900
1197400
96740
305780
514620
723260
932040
1141040
39440
248540
457240
665960
874740
1083280
1291200
189680
398180
607425
816160
1024020
1232560
130300
338320
547240
755500
964360
1173180
71200
279760
488780
697540
905506
1114040
12280
220700
428520
637360
845240
1053660
1262840
160780
370400
579540
787120
995060
1203660
125540
334920
543840
752740
961800
1169920
68041
276320
485240
693800
902700
1110800
8380
217920
426620
635360
844840
1054320
1262600
161840
370460
578840
787880
996960
1205420
103660
314340
522780
731260
939160
1147740
45820
254520
464620
673860
882260
1090820
1299540
198120
407780
616680
826120
1034980
1243700
141240
349840
558360
766400
975140
1090820
1300600
199047
408500
618040
827040
1036180
1244880
143080
352500
560760
770100
978960
1188140
86500
295560
504340
713480
922360
1131700
30540
239640
448340
656660
864380
1073580
1282620
181280
390520
600080
808440
1017900
1227160
125340
334600
543433
751820
961580
1170560
68640
277800
486440
695560
904600
1113760
11860
220580
429080
638560
868800
1079080
1288420
187480
396300
605720
814440
1023020
1231980
129900
341240
550780
759360
969560
1179480
77860
286540
495320
704100
912620
1121040
19540
227700
436960
645380
853720
1063500
1272357
169600
378620
587760
796840
1005900
1214580
112320
321480
530980
739640
948280
1157200
55400
263200
472280
681100
890940
1099522
1309040
207660
417300
627000
861240
1070140
1279320
177740
386298
596080
806000
1015220
1224560
123100
332300
541540
750980
961000
1170340
69820
279000
487600
696600
906140
1115120
13880
222780
431840
640800
848920
1057580
1266560
164960
374120
582920
791840
1000780
1209960
108320
317580
526300
734660
943160
1152400
51160
259420
468998
678000
886240
1095960
1305220
204160
412760
646440
856540
1065020
1274460
176080
384934
593580
801400
1010380
1219080
118300
328080
536893
745800
955420
1164580
63049
272740
481720
690300
899580
1107960
5740
214160
423460
631880
840480
1049540
1258460
156380
365420
574500
783240
992700
1202300
101300
309320
517320
726120
934300
1142940
40980
250720
460080
668620
877260
1086900
1296480
194860
310840
522780
731300
940740
1149660
48100
257800
468000
677200
886560
1095140
1304760
202840
411440
621100
830240
1038920
1247540
146020
355520
566020
775160
984340
1192940
91020
299240
508180
717620
926060
1135180
33360
242300
451240
660100
869800
1078800
1287180
185300
393720
602720
811300
1020440
1228500
126380
335170
542880
752140
960940
1169700
88560
299400
508140
717900
926760
1136140
34020
242535
451640
660460
869920
1080500
1289420
187680
397200
606160
815160
1024600
1234240
133140
342240
551580
760540
968906
1177900
75920
284600
493900
703060
912740
1121980
20040
228560
438480
646820
854900
1064160
1273200
170480
379200
587940
796758
1005440
1215120
112880
322160
531780
739640
948380
1156660
125240
336020
545120
754460
963540
1172520
70760
279840
488980
697400
906180
1115560
13680
222480
431540
640840
849400
1058520
1267520
165260
374520
582980
792140
1000740
1210400
109140
317922
527244
736340
945360
1155020
53220
261980
470860
680040
889380
1098320
1308140
205500
414260
623220
831360
1040300
1249640
148320
358100
567280
775220
1007880
1218140
116060
324500
533360
742340
951180
1160840
59560
268220
476820
685460
893980
1102860
1260
210020
419000
627920
837002
1046120
1255820
153180
362000
571160
780120
988680
1197680
95560
304280
512600
723700
932800
1142140
40220
249100
458140
666240
874840
1083220
1292060
189680
398120
606140
814580
1023320
1232640
130280
338980
548100
756960
993100
1202860
101160
310560
519820
728860
938160
1146780
45500
254180
462780
671340
880940
1090380
1299740
197520
406400
615180
822940
1030900
1240300
139060
348880
556620
765560
973380
1182380
80400
289740
499980
708860
918260
1126900
25140
234380
442560
651140
860301
1069180
1278720
177560
386100
595960
803600
1012142
1221120
119640
328780
537620
654440
865440
1074180
1283100
181084
390200
599380
808340
1017100
1225720
123680
331540
539740
747960
956200
1165000
63060
270640
479220
688240
896820
1105158
3160
211740
420440
629060
837720
1045900
1253780
151940
360960
569880
779280
988600
1197180
95300
304480
513020
721720
929720
1138780
37180
246220
455558
664480
363220
602340
815860
1027160
1238820
137600
346440
555900
766900
977398
1186120
84080
293460
505000
714980
923600
1133060
32800
243200
452520
661740
871140
1081200
1292518
191020
399980
609220
818080
1026960
1241340
140580
348962
557160
766620
975040
1183420
83840
292940
501640
710760
919740
1128620
26420
234580
445481
653900
863160
1071680
1280060
177540
412300
622440
831940
1042860
1251574
149320
357960
566460
775160
984140
1193720
91560
299660
510962
720000
929140
1138380
36180
244700
453780
663160
872460
1081220
1290320
190760
400020
609320
818600
1026540
1235320
133640
342200
551140
759920
969320
1178338
77220
287420
496260
705020
913900
1123060
20840
229520
438120
647320
856160
1064930
1273440
54200
263920
475840
684740
894340
1102640
580
209520
418178
627100
836420
1045120
1254100
152240
361034
569000
778360
987760
1198680
97440
306340
514740
723820
932920
1142200
40180
248620
456380
665680
873700
1082940
1292120
190036
398920
608140
817100
1028280
1237820
137460
347120
556080
764760
974500
1183440
81620
290820
499280
708700
917800
1150660
50900
260120
469900
679340
888260
1097325
1308840
207260
416680
625580
834720
1043420
1252820
151380
360460
570360
779060
987860
1196900
95120
305160
514380
724080
933040
1141960
39980
248680
457220
668520
877840
1086520
1295320
193360
401740
610960
820500
1028360
1237100
135220
342920
552220
761260
969600
1178480
77420
286460
495300
703460
912162
1146080
44540
253080
461640
670460
880720
1088560
1297440
195420
404240
612440
820740
1029514
1238480
135660
343640
550960
759460
968080
1176500
74260
283200
492040
700560
909340
1117660
15340
224040
432580
641800
850220
1059960
1268820
169000
378200
587660
795940
1004280
1213700
112060
321100
531280
739520
948940
1158640
57406
266200
475260
684520
791080
1000480
1210520
108760
317580
525700
733540
942700
1152040
51560
260800
469560
678740
887820
1097540
1306700
207180
416380
625580
834660
1043220
1252800
150374
359560
568910
777860
988080
1197440
95640
305300
514680
724040
933340
1142720
41280
250320
459480
669140
877980
1086660
1296330
194642
402840
612400
821180
1030460
1239920
138180
347740
572940
785180
994160
1205680
104820
313520
522340
731320
939860
1148560
47020
255760
465020
674260
883460
1091820
1300880
198620
407360
616560
825020
1034540
1243540
141860
351060
560380
769480
977680
1186980
85180
293580
503200
712740
921600
1129900
28340
238220
447040
655280
863140
1072300
1281060
179980
388580
599380
808160
1017040
1225780
124340
334020
570880
780860
990980
1199230
97220
305900
514800
724180
933580
1141980
39960
249260
458400
667280
877140
1086660
1295480
193960
402680
611600
820440
1030240
1238600
136750
345360
554080
763060
972640
1181540
79560
288560
496900
705320
914160
1122320
20720
229160
438580
647620
857020
1068060
1276740
175260
384400
592900
801680
1011100
1220080
118720
352980
563480
772540
981320
1190760
89640
298440
508020
717660
925540
1134525
32440
241460
450820
660580
869260
1078160
1287400
185860
393880
603340
811780
1020680
1229020
127600
336220
546060
756240
965180
1173780
71900
280980
491340
700340
909320
1118440
17600
226880
436560
645900
855140
1064440
1276080
174000
383300
592700
801100
1010340
1219820
3080
212400
421500
630780
840400
1049540
1258860
157220
366340
575740
784060
993480
1202160
101020
309460
518722
727060
935900
1145200
42760
251120
459840
668740
877860
1087360
1295900
193600
402980
611820
821040
1030120
1239200
137060
345060
553880
763520
972260
1180920
78780
287429
495700
704220
913860
1123440
21640
229920
439460
648580
858300
1089720
1302020
203840
413660
623080
831440
1040480
1250020
148460
357740
566960
776520
985920
1194960
93100
303080
512440
721840
931940
1141060
41120
250060
458900
667320
875340
1083920
1292720
190100
398780
606780
816740
1025520
1233560
132320
340820
549760
758320
966640
1175480
73880
282860
490540
700000
909400
1118480
17580
226160
435419
644840
853600
1086520
1296300
194380
403560
612320
821180
1030060
1238780
137140
346100
555680
764440
972980
1181940
80280
289380
498100
709700
918700
1126840
23840
232685
441640
650940
860120
1068800
1277192
175860
384080
592580
801260
1010120
1218830
116140
325580
534860
743680
953160
1161620
58300
266980
475780
684820
894300
1102620
1120
209720
419280
628900
734480
945280
1155240
53700
262960
472560
680740
889580
1098180
1307740
206060
414580
623940
833520
1042820
1251700
150540
359240
568880
777580
986380
1195620
93020
301840
511460
719880
929500
1138840
37669
246569
455340
664820
872920
1082180
1290640
188440
397580
606220
814920
1024100
1232780
130840
342840
551780
760480
968879
1178100
75360
283640
513880
724940
934380
1143940
43020
251920
460360
669460
878220
1086360
1295200
193060
402000
610900
820420
1028900
1238020
135900
345560
555460
764520
974180
1183260
81580
290300
499420
708680
917940
1127380
24900
234200
443520
652880
861320
1070380
1279080
177680
387600
597360
806460
1016180
1224960
123120
333040
542180
751360
960340
1169760
68060
276860
512340
722160
930980
1140120
38600
246640
455620
665060
873780
1082840
1291880
189000
397880
605538
814600
1023520
1233140
131200
340280
549820
758580
968200
1177640
75840
284240
495300
704400
913940
1122940
21000
229240
437760
646800
855560
1064220
1272800
170340
378600
587280
796120
1005060
1213460
112120
320980
530060
739400
948860
1157520
55560
285760
495660
705200
914540
1124540
24120
233060
442260
650760
859300
1067760
1276440
174780
383280
592220
800740
1009160
1218420
117580
326700
535420
743980
953340
1161900
59600
267780
476780
685396
894360
1102540
380
209040
417780
626020
834620
1042960
1251640
150460
358880
567380
776120
984880
1193080
91500
299920
508380
717800
926460
1135400
1266000
164740
373490
582680
791700
1000100
1208700
106720
316095
525000
732520
940940
1149980
47880
256540
464820
673460
882000
1090460
1298600
199420
408640
616760
825780
1034580
1243520
142520
350400
559200
767540
976740
1185300
82920
291680
501018
709980
919100
1127600
25280
233522
442640
651480
860140
1068620
1277380
175020
383880
593180
802520
1033720
1246020
144580
353020
562340
770880
979180
1187420
85240
294200
503220
712120
920240
1128860
25920
234160
442400
651760
861220
1070800
1279320
177800
386980
595780
805476
1014402
1223480
122220
331380
539940
747914
957960
1165660
63640
271700
479700
688420
897120
1105740
3480
212600
421440
629820
838240
1046818
1254880
153400
361500
569960
778720
1009900
1220960
118960
327340
536220
744960
952680
1161660
59240
268040
476780
685680
895040
1103660
1340
210500
418687
627080
835420
1044640
1254300
151140
359020
567520
776408
985740
1197280
95820
304400
513780
722980
932040
1140840
38000
245780
454680
664140
872640
1081660
1290860
188620
396520
605060
814540
1023442
1231253
128520
338000
546420
679658
889989
1098880
1307380
205300
413940
622260
830680
1038860
1247170
145320
353960
562960
770920
978980
1187100
85080
294460
503040
712980
921740
1130840
28820
237220
446680
656080
864640
1074300
1284660
182740
391500
600180
809140
1017460
1226760
124940
334020
542889
751980
960540
1170040
68720
277640
486160
694760
903820
1112980
10820
219520
448940
659960
869420
1077640
1286380
185040
393540
602780
811740
1020660
1229220
127320
335900
543800
751780
960580
1168980
66960
275740
484380
692600
901560
1109900
8482
217180
425860
634200
843140
1052280
1261780
159560
368880
577180
786320
996180
1204980
103240
312093
520460
729320
939220
1148280
46900
256140
465220
676780
886280
1095600
1305000
203580
438500
648720
856660
1065580
1274047
172260
381080
590940
800660
1008820
1217900
116220
325500
534520
742620
951860
1161080
59720
267800
476080
684280
893200
1102580
1040
210120
418060
626640
835120
1044100
1252600
149800
358680
567540
776380
985900
1194500
92180
301740
510820
719280
928000
1136560
34360
242260
450700
661040
870020
1079320
1287680
130300
343980
554320
762940
972240
1181640
80440
288978
498780
708200
917580
1126980
25900
236020
444840
652860
862000
1071240
1280980
178920
388180
597360
806900
1016240
1226040
125400
333800
542580
752080
960320
1169020
67620
276120
484880
693980
903240
1112300
9820
219160
428340
637540
846615
1056200
1266040
163900
372100
580860
789680
998036
1202160
101920
311740
520760
731380
939780
1148980
47860
257100
466438
675080
884000
565000
778700
990580
1200960
101420
311140
521340
729540
940960
1150640
48780
257620
466220
676960
885480
1096120
1305600
204480
415760
624560
833260
1042120
1252320
151240
360660
570920
779900
989020
1198360
101320
311520
520700
729840
938700
1174040
73640
284620
493960
703420
912380
1121100
20000
229420
438260
649600
860520
1069798
1278660
177740
386853
596260
806100
1015000
1226680
124380
334402
543420
751820
960596
1170260
68960
278300
487300
698680
908118
1117720
16100
226500
435860
644680
853980
1063880
1272640
172240
382780
592180
801520
1010120
1219300
117540
326860
535800
744980
979480
1188960
86800
296000
506960
715880
925220
1134480
32280
240642
448860
657820
867080
1076120
1284540
182400
393060
602660
814260
1023540
1232720
131040
339800
548460
757560
966900
1176140
74550
283860
493940
704140
914100
1122980
22420
233420
443060
652980
862000
1071200
1280040
178380
388040
598980
808820
1018700
1228480
127660
336300
545320
780480
989740
1199260
100100
310520
520520
729300
938580
1147980
45840
254120
463500
672060
881380
1090160
1299020
196960
406020
615840
824220
1033460
1241820
141060
352600
562642
771840
980640
1189540
87640
296880
505060
714319
923540
1133560
31260
239540
447440
655760
865100
1073800
1281700
179560
389100
597877
807580
1017500
1226420
124600
333300
541960
752600
961840
1170600
69060
278760
487353
696280
905300
1114440
13580
222580
431020
639280
847040
1056160
1265440
164060
371920
580500
789840
998880
1209720
108620
317700
526900
734900
943900
1152140
49660
258100
467220
676280
884540
1093560
1301900
199560
407980
616780
825580
1034720
1244020
141900
351420
560300
769120
978480
1188020
87100
237060
449860
659360
868620
1077820
1286400
185140
393760
602620
810680
1020140
1229120
127700
337160
545940
755240
963880
1172880
71560
279878
488880
696840
906040
1115920
14420
223340
431960
641140
850280
1058980
1267960
165840
373640
583460
792920
1001720
1210460
109340
318600
527120
736598
945400
1154240
51840
261080
470024
678520
887240
1096060
14740
225620
434860
643340
852100
1060840
1269800
167040
375160
584160
793480
1001800
1210040
108260
317440
525960
734600
943620
1152600
51540
262520
471020
680280
888460
1097220
1305560
203780
413567
623300
832620
1041440
1251420
150440
359940
568660
778400
987780
1197600
96540
306280
515420
724540
933800
1142600
40660
249500
458660
666680
875940
1085520
9620
219360
428340
638240
847340
1057240
1267280
165820
375240
583920
793400
1004420
1213777
112740
321600
531200
740400
950080
1159340
58100
266680
475220
683900
893440
1102560
1260
210800
419680
629280
838860
1047780
1257320
155920
365700
575280
784360
993480
1203060
102380
312280
522600
732540
941460
1150900
49240
258180
467860
676500
885740
1119320
18060
227060
436260
645600
854660
1064400
1274820
175020
385140
593700
802920
1011780
1220880
118940
327920
536920
745660
954580
1163700
62520
271640
481300
690300
899240
1108300
6360
215680
424735
633740
841940
1050000
1259220
156740
364598
572920
781380
990020
1199076
96860
306260
514920
723098
931140
1140100
38300
246140
455100
663740
771020
982600
1193160
91200
300540
510420
719180
928740
1137760
35540
246940
456860
666350
874900
1083160
1292820
191500
400600
609440
818760
1027560
1237180
135060
344560
554120
762840
971540
1180600
78820
287700
495780
704080
913700
1121940
20280
228760
437060
645420
854540
1063820
1272740
170740
380020
588880
797840
1006800
1215480
113920
322840
552820
762620
972020
1181080
79320
288320
497320
707000
915680
1124260
22760
231700
439860
648480
857340
1066180
1274920
172740
381340
592720
802480
1011820
1221000
120020
329282
538460
747140
956480
1165556
63360
272600
481920
691260
900420
1109080
6740
217020
425400
634200
843140
1051520
1260000
158640
367220
576040
785060
993718
1202880
100400
308780
543200
752500
961640
1170710
69100
278120
487120
696300
905340
1114060
12000
220874
430200
638820
847980
1056720
1266100
164380
373180
581540
790440
999680
1208780
107200
316540
525280
732700
941580
1150080
47240
255560
465180
675140
883280
1094800
1303600
202280
410660
620420
830340
1038800
1247200
145880
354740
562940
771840
980660
1190300
88820
321120
531860
740820
949420
1158920
56480
266040
475120
684100
892860
1102240
360
208740
417600
626860
835620
1044360
1253180
151760
361060
570560
779560
988180
1197600
96040
304860
512880
722080
931200
1139600
38000
246660
455420
664120
872600
1080520
1289580
187500
396800
604720
814340
1022969
1230940
128880
337660
546240
755020
963380
1171900
1303380
203760
413320
622880
831400
1040080
1247720
145320
353760
561660
772540
980960
1189940
88860
297460
506240
715340
923780
1132460
30440
239540
448564
657380
866100
1075080
1284060
181600
389500
597300
806160
1015800
1224380
121920
330880
539720
749280
958960
1168120
65980
274920
483020
692320
901760
1111120
9300
218340
427140
636120
844840
1072200
1283940
182140
392040
601020
809540
1018520
1227360
126120
335060
544340
753120
962640
1171260
68860
277760
486880
695560
904920
1114220
12280
221300
429735
638524
847860
1056780
1266580
164500
372940
582660
792360
1001860
1210500
109329
317780
527060
736120
945360
1154180
52450
261964
471240
680720
892420
1101440
100
209520
418440
628260
837180
1071215
1280560
178920
388360
597600
807240
1016500
1225680
124480
333880
542620
751180
959500
1168460
66560
275700
483780
693560
902940
1111860
10020
218860
428440
637660
846000
1055200
1263820
162140
370200
579320
787040
996160
1205380
103740
313160
522900
732160
940880
1150780
49580
258640
467300
675820
883980
1093160
1301900
200020
409920
618420
709420
918882
1128260
26780
235960
444540
653480
862620
1072020
1281000
179720
388240
597522
806600
1015638
1225140
123060
332740
542660
751300
960280
1169180
67620
277040
485420
693980
903440
1111440
10220
218340
427140
636020
845480
1055060
1263580
161929
370580
582180
791040
1000100
1209420
107260
316220
524820
734160
943807
1152760
51480
260120
492962
705500
915500
1124600
22700
231420
441340
651560
861660
1070520
1279340
177400
386320
594420
804340
1013680
1224320
123000
332120
541340
750560
959020
1166800
66300
465720
737520
957380
1171080
70920
281780
492180
934380
1155680
58260
386680
605900
818402
1030260
345240
570620
784300
996260
1207380
106180
316580
526260
735740
945540
1155540
54660
264220
473600
683340
892440
1101740
100
209480
418780
628260
838000
1047780
1257300
156160
364780
573220
782260
992620
1202720
101340
310460
520600
731380
941280
1151140
49980
258960
468420
678598
888100
1097340
1306780
138800
349240
558380
768900
978440
1188080
88000
297380
507220
716900
926940
1136940
43840
253620
462880
672660
882120
1091600
1300640
199860
409200
619080
827600
1036960
1246980
146580
356320
565560
774118
982900
1191960
90600
299500
508709
718260
927720
1136880
34560
243500
452840
661580
870820
1078980
1287840
185860
395460
605060
813580
1021660
1242860
141800
350840
560560
769615
978900
1187360
85980
295820
505320
714820
923420
1133043
31940
240320
450300
659560
867840
1077000
1285460
184020
393360
602500
811200
1020500
1229100
126780
336720
545440
754320
962900
1170940
69260
278180
487140
695820
905620
1114720
13600
223080
432800
641720
850620
1059740
1268780
167800
377560
586340
795480
1034620
1246322
145660
356120
565860
775280
984220
1192620
91380
301020
510560
719780
929080
1138460
37640
246500
455940
664940
874260
1083380
1292320
190380
399220
608520
817100
1025880
1235660
133540
342680
552200
761060
972480
1182860
81880
292380
501800
711220
921780
1130580
29340
238140
447400
656020
865020
1075160
1284620
183080
391800
601660
833100
1043880
1252916
151200
360180
569700
778720
988040
1195540
94120
303300
512660
722140
932220
1141240
40600
250160
459720
669260
878480
1088060
1298160
196060
405540
615540
825420
1035880
1245820
143760
353220
561520
769600
978280
1188180
87320
296080
505420
714560
923360
1133340
32320
241440
450660
660120
869120
1077900
1286380
184700
393640
622360
835460
1044640
1253860
152680
362240
571280
780100
988640
1197960
96240
305500
514820
724240
933980
1143138
41620
250820
460340
668640
877500
1087120
1296740
195560
404600
613260
822780
1032200
1241680
140380
348740
559080
768660
977600
1186000
84280
293500
502100
711400
920660
1129220
27540
236240
444540
653876
863220
1072220
1281500
179440
236900
453519
667160
878200
1090920
1300760
200280
410240
621980
832140
1041860
1251160
149820
362660
572140
781740
991140
1200100
101640
310917
520389
730080
939420
1151400
50240
259360
468280
677762
887180
1104700
3900
214060
423480
633000
842200
1052040
1263840
162220
372200
581100
789780
999360
1209740
109100
290254
501820
710840
919840
1129042
27615
236140
445860
653460
864100
1073440
1281880
180400
389840
599280
809048
1019200
1228200
126500
337840
548320
758520
969320
1178998
78060
287540
497840
708220
917840
1127680
29520
239320
449000
659360
869580
1079300
1288920
187240
397080
606600
815840
1024840
1234520
136100
346240
556600
766200
976020
1185340
67760
278500
487460
696380
905240
1114000
12640
221500
433460
643320
852860
1062360
1272420
170480
379380
588580
798480
1006560
1215680
114240
322960
532640
741580
950980
1162520
61340
270820
480720
690980
900960
1110740
9100
218600
428080
637880
847340
1056580
1265700
165120
374400
582380
791040
1003260
1213080
111240
319680
530420
739960
948440
1173100
72360
281680
491480
700480
909300
1117860
16780
226720
435840
644180
852940
1062600
1274200
173300
382180
591240
799700
1008580
1217560
115660
325143
534000
742420
952000
1160980
59200
267796
476520
684900
893980
1102700
1140
209700
419040
629740
838280
1047360
1256520
154780
364500
574040
783620
993000
1201900
100920
311120
521180
730300
956160
1167860
65940
275500
484880
693895
902900
1111460
10560
220980
429140
638580
849860
1059160
1267720
166240
375040
584540
793820
1002780
1211380
110480
320060
529180
738520
947760
1157800
56940
266360
476060
685220
895040
1104460
2900
212000
421080
630600
840640
1050200
1259180
159480
368980
578340
787580
997400
1205800
104220
313000
522020
730960
1048840
1261760
162280
372920
582340
791100
1001140
1211560
110020
319660
529740
739280
948920
1157920
56940
266240
476060
687000
896580
1106380
5480
214320
426360
636140
845840
1055380
1264800
163280
372920
582200
792080
1001500
1210280
109700
318200
528400
738000
947160
1156000
55280
264038
473477
683180
893140
1102540
1240
210260
419660
605920
816614
1026720
1235720
134480
343680
553440
762680
972240
1181560
81880
291480
499760
708580
917285
1126160
25020
233580
443220
652020
861260
1069580
1279520
178440
387680
596320
806040
1015640
1224660
122820
331440
539860
749700
958300
1168320
67500
277460
486720
695380
904820
1114000
13320
221900
430840
640860
850360
1059740
1269640
168540
393819
604040
815880
1024780
1234380
132920
341980
550680
760200
969200
1178940
77540
286500
495640
705100
914420
1123140
21720
231636
440780
651520
861620
1071160
1280860
179320
388220
597640
806820
1016300
1225300
123860
332960
542080
750700
959292
1168760
66600
276200
486140
694800
903700
1112720
11280
221180
429840
639440
848600
1057040
1267220
182640
393660
602670
811820
1020880
1230040
128420
337440
546460
755760
965220
1175180
73460
281567
490929
700460
909740
1119340
17580
227080
436240
645020
855020
1064060
1273520
171580
380580
589280
798260
1007700
1216280
114980
324520
533720
742400
952400
1161720
60880
270440
479340
687900
896860
1106400
4680
214340
422920
632160
841440
1050760
1259420
180940
390700
600180
809140
1018100
1227100
126200
335320
543700
751820
960780
1170140
68440
278320
487200
696100
905080
1114500
13140
222720
430640
639860
850080
1059840
1269840
168080
377320
587180
795400
1004120
1213160
111380
320060
528660
737920
947220
1156560
55000
264180
472700
682000
891560
1100500
1309820
208300
417200
626100
835500
1044840
1274920
175500
384120
593500
802460
1012260
1222580
121620
330433
542440
752538
962380
1171400
70380
280300
489780
699000
908300
1117642
15320
223860
433040
642560
852080
1061440
1270340
168140
377260
587220
797320
1006560
1216780
114980
324280
533040
742580
952060
1161220
59820
268500
477620
687200
896900
1106060
5020
214060
423500
632738
842380
1051780
1262440
160720
369557
578660
788240
996900
1205440
103140
311040
519820
728162
936640
1146000
44600
253300
462460
672140
881180
1090320
1299720
197620
406420
616060
825880
1037480
1246780
144860
353740
562560
771380
979458
1188160
86180
294660
503980
712700
922100
1130520
28760
237940
447780
655320
864360
1072380
1280740
178740
387500
596240
744093
953900
1164360
63080
272740
481700
690660
899360
1109980
7800
217000
426160
635880
845060
1055200
1264301
162920
372060
581220
790330
1000260
1209300
107620
316780
526440
735100
944080
1153360
51460
260820
469320
677600
885760
1095340
1305440
203280
413715
622280
831840
1041060
1250560
149360
359340
569300
778560
987960
1196660
95200
304980
529580
742800
951480
1160240
58160
267120
476300
685640
895200
1104598
2920
212120
421140
629800
838820
1048740
1257740
155980
365740
575180
784520
994140
1203940
103220
311860
521320
729880
938780
1148140
46620
256220
464940
674080
884460
1094480
1303480
202860
411000
619600
828820
1038180
1246920
146020
354660
563860
773280
982720
1191620
89920
316880
528320
737820
947860
1156320
54973
263720
473220
681700
890840
1100117
1308280
206740
417180
626260
835580
1045440
1254760
154140
363340
572220
781800
990860
1200260
98520
307500
516680
725920
935400
1145140
43740
253020
462720
672420
883320
1092780
1302020
200760
410480
620620
829520
1039060
1247760
146340
355260
564140
773900
984120
1193320
91440
319800
530220
739800
949460
1159405
58320
267480
475700
684060
893160
1101140
1309560
208020
416960
626800
836220
1045080
1255300
154100
363620
573020
782020
990900
1200440
98720
308300
517520
727160
935398
1145340
43420
252740
460840
670280
880220
1090100
1299120
198020
407820
616840
826500
1035920
1244740
143760
352100
561254
770920
980200
1189260
108740
318700
527800
737020
946620
1155180
54220
263420
472500
682020
890420
1098580
1308360
207760
417120
626562
834680
1044040
1253340
150920
359220
569100
778480
987780
1197040
94460
304420
513380
724960
934560
1144340
42840
251240
460600
669560
878680
1088460
1297140
196640
404400
613400
822520
1031360
1240220
138920
348720
557740
767080
976680
1206320
105560
313820
523000
732300
941220
1150880
49340
258400
468180
676980
887540
1097180
1306940
206280
415640
624960
834469
1042700
1252580
151460
361140
570280
779180
988760
1196768
95560
304100
513280
721580
930700
1139440
38140
247220
456020
665000
873300
1083080
1291840
189900
399200
608020
817540
1026800
1236200
135060
344300
553900
763220
876960
1087420
1298020
195920
405380
614700
823740
1032380
1242100
140540
349320
558460
768020
977860
1187060
85600
295760
505460
715060
924080
1133240
32880
242680
451460
661080
869740
1079520
1288580
187000
395680
604660
813920
1023080
1231680
129060
340560
551440
760960
970260
1179540
78400
287880
497460
706100
915180
1124260
22200
231240
441320
666100
876360
1086280
1295780
194340
403060
612380
821700
1030980
1239220
137960
346820
555696
765333
974920
1183680
82980
292500
501238
710120
919150
1128580
27420
236620
444700
653200
863220
1071520
1279780
178100
386840
595538
804760
1013760
1223100
121540
329600
538980
747400
955780
1164180
61840
270420
478920
687900
897140
1107060
6200
215520
423840
713800
924460
1134660
33580
243160
450880
660020
868480
1077820
1286980
186060
394680
603781
813860
1023460
1232680
131240
340160
549200
759400
968620
1177042
75700
285620
494720
703980
913760
1122940
21300
230960
439320
648160
857040
1066140
1274980
173520
382120
591920
800620
1009860
1219240
117380
325880
534600
744320
953000
1162120
60200
278620
488640
697980
907040
1116220
16340
225620
434340
643360
851644
1060820
1270180
168920
377860
586840
796560
1006000
1214960
113440
322660
531320
739560
948840
1157080
56020
265606
474700
684180
893440
1102580
600
209220
418460
626660
836160
1044820
1253420
151800
361100
570160
779080
988180
1197980
96040
305600
514340
722300
931400
1140560
58420
270040
479000
687700
895940
1105660
4350
213520
422780
632480
841480
1050440
1259200
157720
366240
576380
784921
994420
1204380
103460
312780
521440
730360
939420
1148760
47100
256420
465540
674720
883920
1092642
1301840
200260
409420
618580
827460
1035960
1245100
143020
351600
561760
770140
979480
1189160
87800
297100
505680
715220
924000
1132180
52140
261280
469140
679100
887200
1096820
1305980
205380
414500
623500
832540
1041440
1250560
148600
358580
567140
776220
984800
1194200
92320
301120
1300040
204500
417520
628200
839640
1050020
1259580
158380
369558
578940
788680
998900
1208534
108460
319220
528220
738680
948160
1159640
57740
266940
477200
686600
897620
1011780
1222840
121820
331380
541160
754640
965120
1174700
74240
283980
492940
701960
913120
1122440
20800
230320
439540
648100
857240
1065280
1276040
175540
384280
593020
801780
1010780
1219717
117440
326600
537860
747400
957280
1166620
64840
273880
483500
692520
902040
1110540
10560
219320
428640
638640
847760
1057760
1268160
167340
377180
586280
805780
1018680
1229120
127480
336120
545480
754440
963820
1173120
71760
281060
490520
700180
910020
1121400
20720
229391
438680
646760
856400
1065960
1276700
175460
385240
594620
804160
1014260
1223420
123300
332100
541560
751300
960140
1170620
69160
279300
488200
697060
906060
1115580
14960
222960
432520
641800
853260
1063540
1273080
171600
380840
604320
814680
1024300
1233880
132700
341200
551160
760380
969640
1178420
75960
285400
494160
705480
915040
1124700
23620
232940
442480
652118
861800
1071398
1280360
178520
387380
595740
805700
1015400
1225460
123020
332220
540200
749240
960560
1170460
68560
278360
488240
696720
905180
1113220
12880
221600
430400
639200
848300
1057460
1267120
164660
390000
601360
811140
1021240
1230700
129180
339060
549400
759000
967440
1176400
75180
285222
494460
703760
913660
1122400
21340
230840
440400
649660
858560
1067720
1276560
175280
384482
593200
801480
1009720
1218160
116500
326020
536120
744640
953500
1162160
61440
271680
480900
690360
899600
1108620
6560
215540
425200
634380
843240
1052358
1262000
161160
392960
602160
810340
1018940
1228240
125740
335120
544160
753740
962640
1173300
72660
281660
490820
699800
909100
1119300
18440
228860
437580
647080
855980
1064680
1273320
171600
380280
590040
798860
1008040
1217480
116300
325300
535400
745080
953740
1162500
60940
269980
478920
687880
897220
1105956
6420
215300
424120
633140
842540
1051240
1260320
181160
390460
598960
808100
1017580
1226380
125400
333980
543120
753120
962100
1171100
70160
279280
488040
695760
905140
1114040
11840
219880
428140
636640
845980
1054080
1262740
160440
368696
577220
785800
996460
1204820
103240
312200
521740
730260
939900
1148000
46900
256300
464500
673400
882940
1092020
1301820
201040
409480
617920
826660
1036280
1148820
48880
258020
466420
675600
884140
1093060
1301800
200200
408480
617280
825880
1036101
1246020
144020
352500
561440
769900
978660
1188200
86540
297900
506740
715400
924460
1133800
32200
241680
450900
661420
870685
1079780
1288380
186080
395000
603860
812660
1022520
1232060
130000
338775
548320
757460
967080
1176080
74440
283860
493980
703040
927400
1137380
36020
245020
453240
662300
871700
1081640
1290680
189420
398480
607300
816800
1025880
1235340
133800
342620
551840
763546
972680
1182300
80080
289460
498360
708060
917140
1126080
24580
233520
443060
652840
861820
1070960
1280540
179000
388920
597080
806080
1015150
1223720
121680
331300
539660
748540
957543
1166320
64760
274240
482680
708280
920260
1130460
28340
237080
446080
655020
864200
1073060
1282420
180660
389800
598780
808560
1018060
1227480
126140
335120
544200
753760
965100
1174620
73320
282050
492020
700804
910000
1118860
17000
226120
435840
645200
854380
1063360
1271300
169400
378300
587160
796080
1005460
1214580
112840
322200
532200
741400
951060
1160980
59420
268280
477958
705720
915660
1125400
23520
232598
440920
650120
859040
1067740
1277080
175120
383300
592200
801860
1011300
1219860
118520
327720
536900
745460
954740
1163840
62040
271380
480920
690200
898540
1108840
8580
218280
427780
636940
846040
1055100
1264520
162900
371820
580560
789580
998990
1208340
105920
315620
525060
733740
942980
1151980
50640
260320
470280
680680
889900
1100220
1309500
207700
417280
626320
836260
1045640
1254940
153160
362420
570980
779640
989040
1198020
97120
306220
514360
723540
932800
1141540
39520
248720
457600
667820
876760
1085780
1294500
192040
400880
609920
819920
1029560
1238640
137220
346920
556580
766180
975160
1184280
82880
291600
503260
712660
922340
1131900
30020
159360
369280
578740
787500
996260
1204760
103160
312780
522000
731340
939740
1150100
48480
258400
467700
677200
886340
1095440
1305760
203860
413340
622400
831420
1040320
1250740
148920
358540
566960
776580
986140
1195720
94120
302780
512200
720900
930140
1139760
38520
248740
458320
667020
876400
1085660
1294380
193320
401660
610320
818700
1027840
1253280
153380
363300
571880
781040
990600
1200060
98520
307801
516800
726020
936080
1146100
44400
253740
462380
670780
879840
1088840
1298100
198060
406820
615840
824940
1034180
1244040
142440
351900
561220
769980
978900
1188380
87340
297080
505800
714180
922700
1131800
30200
239500
448480
657700
866560
1074475
1283200
181240
390140
599840
809320
1035760
1247260
146120
355420
564700
773640
982880
1191120
89120
298500
507660
716280
925200
1134220
32860
241900
450580
659760
868840
1077415
1286460
184660
393520
601840
810960
1019840
1228980
127840
336700
546440
754480
963460
1172120
70560
279540
488080
696740
905960
1114440
13480
222200
430340
640080
848820
1058020
1267520
165860
374640
583060
791260
1018740
1229720
129160
340020
549560
759120
968940
1177880
76080
286480
495620
704840
914200
1122860
21360
230642
439420
648440
857460
1066920
1276000
174920
384400
593540
802880
1011780
1221122
119780
329120
538800
749040
958060
1167040
65540
275120
484220
694200
904367
1114540
13640
223300
433340
643513
853380
1062820
1271820
170300
380000
589620
818980
1029360
1238500
137580
346960
556000
764460
973660
1182860
81640
290740
499040
709340
918280
1127160
25580
234460
444000
653300
861760
1071300
1280640
179560
388240
597140
806500
1015900
1224140
122600
331380
540480
749420
958660
1168940
67120
276220
485680
694480
903040
1111200
9560
217360
425640
635060
843700
1052000
1260560
160520
370036
486720
697540
906740
1115060
14040
222880
432080
640780
849740
1059220
1269160
166520
375500
584700
793720
1002740
1211920
111360
320700
530060
739500
948480
1158000
57100
266440
475560
685380
895160
1104420
3180
213040
422560
630800
840082
1049840
1259900
159760
369180
578840
788540
997920
1207260
105620
314960
524880
735160
944080
1152960
51300
275600
485340
695360
904840
1114280
12940
221519
431720
641280
850180
1058320
1267760
166340
375920
584340
794200
1003180
1211480
111780
320820
530400
739360
948460
1157980
55940
265320
474840
683720
891480
1100960
1309960
208420
417940
626660
835920
1045040
1254740
153400
362540
571560
780300
989720
1198540
96140
305860
514640
723780
933640
1142420
58580
269240
478940
687520
896300
1107320
5680
215280
424180
632580
841760
1051580
1260340
159580
368840
578181
787620
995920
1204740
103020
312960
523160
732740
942060
1152240
51760
261120
469920
680040
889400
1098860
1308120
206722
415380
624160
833600
1042820
1252100
151400
360980
569820
780500
989120
1198920
97700
306860
515700
724280
933960
1143220
61260
271040
479840
689360
898880
1109820
7340
217240
426960
635800
845240
1054940
1265060
163580
373500
582040
790680
1000000
1209060
107460
317320
526320
736920
946360
1155700
54740
264060
473740
682160
891640
1101400
920
209580
418180
628140
836760
1045880
1256060
154140
363380
573340
782340
991240
1200480
98700
307420
517180
726400
935140
1166380
66040
275720
484820
694400
903880
1114360
11740
221160
429840
639900
848940
1058780
1268700
166760
376260
585660
795980
1005400
1215200
114220
323640
532600
743660
953340
1163360
62217
271180
480560
689820
899380
1108640
7420
216400
426220
635800
844540
1053840
1262400
160840
370380
579080
787160
996900
1206800
106278
315820
525240
735040
975060
1185395
83480
292860
502640
712060
921135
1130400
29420
239040
448020
657160
866080
1075360
1284640
182780
391000
599200
809020
1018520
1227720
126000
334960
543940
752540
961680
1170960
69460
277780
487240
695920
905400
1115220
14000
223380
433240
642140
850960
1059980
1269620
168160
377440
586560
795520
1004100
1212920
112600
321840
530960
803580
1015280
1224640
123160
331800
540760
750020
958800
1168320
66560
276180
486300
695400
904420
1113520
12300
221400
430460
639540
848000
1057260
1266340
164420
374460
583620
792400
1000920
1209720
108020
317140
526640
735460
944560
1153780
52340
261080
469740
678440
887620
1096540
767640
983960
1196020
97040
307760
424680
636920
846240
1055860
1266680
164820
373150
582660
793660
1002890
1211660
110860
319260
530200
740300
949160
1159077
58180
267300
479260
689280
898080
1107100
5720
214260
427780
638100
848160
1057120
1267460
166220
375420
586620
795700
1005040
1214000
112562
321280
530260
738680
949920
1158960
56240
264460
472680
681380
890500
1099280
1308280
218500
428820
638700
847620
1056660
1265540
163340
373040
582620
792440
1003640
1212260
111618
320200
529320
738860
947800
1156940
56300
265540
474900
685700
894640
1104060
2960
212380
422280
631260
840280
1050640
1259940
159360
368660
580180
789960
997980
1206480
105330
315680
525700
734480
943600
1153380
51318
260700
470802
680100
891180
1100165
13980
223580
432380
641320
849620
1058380
1267800
167120
376660
585640
793478
1003060
1212940
112340
323180
533280
743660
953240
1163720
63380
273160
482260
691480
900520
1110102
8060
217520
427560
636780
846000
1054520
1264140
165160
375700
584800
793560
1001220
1209920
107320
315180
523340
732340
941440
1150120
48220
256580
465360
673840
882480
1108840
9180
217580
427780
637700
846520
1056320
1264900
163580
372280
581140
789320
998180
1207440
105200
313320
521920
730540
939660
1148680
47300
255620
464020
672440
881200
1089860
1301420
199120
408134
616260
824380
1033260
1241840
139120
349260
558220
766820
975280
1183920
81940
291460
501158
709960
918620
1127640
25400
233900
443160
652060
860280
1089840
1301580
200260
408860
617620
826482
1035500
1243660
141940
350880
559887
769600
977480
1186440
84380
293640
502080
710400
919540
1129120
27236
236860
445400
656220
864820
1073161
1282000
179880
389340
598100
808840
1017540
1227380
125180
333720
542120
750760
959220
1168040
65820
273100
481580
690000
898620
1107240
5440
214280
423060
632200
755060
965660
1174780
73160
281680
490620
699760
907920
1116800
15400
223420
431280
640560
852500
1060960
1269840
168060
376540
585300
794100
1003000
1211321
109040
317400
525260
734680
944380
1153070
51220
259660
468540
677400
886160
1095340
1304440
202500
411640
621380
830560
1039740
1248600
147800
356160
565640
774260
983620
1192094
90080
299260
527500
738920
948980
1158540
57200
266300
474780
682960
892520
1102000
1310240
208100
417020
625880
834680
1044300
1252460
151100
359780
568180
777780
985740
1194580
93120
302600
511840
720640
929160
1137740
36560
245700
454360
663240
871340
1080160
1289364
186469
395540
603960
812620
1024140
1233140
131880
341160
550040
758960
967580
1176760
74820
283780
513700
723480
933160
1142260
40420
249820
459640
669260
877940
1087180
1296860
195760
405000
614240
822960
1031800
1240680
139600
348980
558720
767920
976920
1185720
83080
291820
500160
709400
918660
1127440
25180
234440
443840
652642
861800
1070480
1280300
181340
391660
600300
810240
1019840
1229160
127360
337600
545820
754740
964280
1172260
70780
280200
491100
701160
912240
1122560
21300
231280
441860
651460
860880
1070520
1280780
179404
389000
598020
807120
1017160
1226260
124640
333680
543442
752320
962340
1172900
72000
281120
490240
699221
909560
1118600
16420
225440
434240
643900
853280
1062240
1271100
169841
379320
591060
800100
1008940
1218400
117560
326760
535600
744920
954320
1163420
1282040
181600
391700
601340
811220
1019960
1229540
127660
337340
547180
756720
966094
1174060
72100
280600
490360
699640
909220
1117640
16380
225160
434082
643340
852120
1061520
1270220
168800
376880
585880
794220
1002960
1212160
110320
319240
527200
736300
944780
1154640
52880
261380
471120
680000
888660
1098040
1307320
205000
413960
622400
833480
1059460
1270500
169220
377720
586860
795760
1005480
1214380
112100
321380
530820
740020
949620
1159020
57260
265660
474520
683300
892680
1102140
1200
209720
418380
625920
834760
1044460
1253820
151860
361240
569800
779480
988460
1197600
95740
304300
512920
721740
930340
1139600
38400
247240
457080
666280
875260
1084500
1292860
191220
401320
610820
819380
1047700
1257680
156820
365660
574320
783960
993280
1202880
101180
310620
519260
728520
937660
1145700
46680
255700
465200
674800
883280
1091820
1300560
198620
407500
616040
825020
1033480
1243020
141600
350080
557980
767260
975960
1184500
82600
291600
499920
708040
916480
1125180
23960
233320
442680
651140
858860
1067020
1275680
173980
381660
589600
683260
891940
1101740
1309800
208340
417400
626340
835000
1044380
1252560
151620
360460
569180
777920
986060
1194200
92300
301340
510033
718720
928320
1138100
36200
244840
454560
663120
872420
1081400
1290040
188320
397700
606460
815000
1023180
1231760
129600
338540
548460
759900
968520
1177800
75600
285400
494580
703780
913260
1122640
21000
230080
459780
671900
881200
1089640
1298880
197920
407300
616680
825140
1034789
1243480
141640
350600
559610
768400
978080
1187360
86420
296618
505960
714160
923460
1131780
30040
239020
448140
657000
866800
1075600
1284740
182840
392090
600720
806779
1018180
1227330
125000
333940
543220
752418
960900
1170060
68320
277080
485920
695338
904960
1113295
11340
220680
450620
660180
869520
1077840
1287400
186440
394980
604120
813000
1022180
1230920
129940
338840
547680
756140
964840
1174240
72700
281580
489880
698720
907480
1118080
16360
225480
433660
641300
849800
1058720
1267580
165600
373860
581480
790600
1000240
1209800
108620
317160
526700
735318
943980
1152720
51040
260020
468918
678360
887020
1096438
1305580
107920
318840
528000
735680
944680
1153480
52300
261760
471320
680100
889600
1098740
1308580
206960
416360
626140
835040
1044900
1255680
154540
363240
572820
781520
989620
1199760
97720
306540
516900
726560
935078
1143560
41800
250800
460400
668700
878000
1087120
1296560
194420
403480
611880
819980
1028220
1237620
135700
343840
551821
760420
969720
1193780
93320
302560
511800
721480
930520
1140080
38240
247400
457180
666040
874620
1083853
1292740
191140
400660
609040
820080
1029660
1238260
136720
345140
554700
763280
972620
1181440
80080
289760
498340
707500
916980
1125740
24220
234000
442800
651360
859700
1068380
1277060
175580
384869
594300
802240
1011560
1220540
119260
328340
537060
746600
955540
1184402
83180
292320
500430
709120
918380
1127500
25600
234800
443600
652480
861600
1070820
1280180
178920
388200
596860
805100
1012200
1221160
120220
328060
536260
745280
954200
1163300
60800
269800
479280
688854
898280
1106880
4860
213500
423180
631640
840620
1049460
1258900
157260
366100
576200
785680
994314
1202960
102140
310620
519300
728620
955240
1165140
63640
272740
482280
691480
900920
1109440
7524
216280
425960
635280
843980
1053180
1261680
159840
368780
577400
786860
996500
1204780
104300
315900
525620
734360
943660
1152680
51160
260040
469000
678020
886240
1095040
1304460
203480
412320
621160
830960
1040340
1248560
146980
357300
565920
774880
984080
1193680
93360
303260
512140
626680
836980
1046380
1255300
153660
362440
571226
780080
989500
1198420
96840
305540
514700
722906
932240
1141140
38820
247580
456220
665360
875840
1085780
1294760
192400
402100
611420
820200
1029560
1238840
136900
346300
554560
763460
971980
1180480
77800
286800
496200
704600
913320
1122120
19700
228640
438540
648140
857020
1066020
1274640
173080
399620
609640
819520
1028260
1237120
134000
343700
552540
761400
970560
1179760
77740
286860
495220
703780
912920
1121620
20000
227880
435620
644320
852300
1061600
1270580
169100
377800
587180
795820
1004120
1214380
112420
320540
529560
738840
947580
1156380
55680
265520
474580
684400
893720
1102640
3980
213200
422300
631020
840440
1049360
1258420
157540
386460
595520
804900
1013760
1222460
121600
330882
539960
748860
957600
1166540
65560
275340
484020
692940
902440
1111420
10383
219300
428120
636320
845080
1053080
1262020
159700
369400
578520
787520
996000
1205020
103700
312340
521700
730660
939160
1148420
46440
254980
464380
673020
881720
1091260
1300080
198260
406840
616400
825520
1034400
1243940
36540
245420
454620
663940
873360
1083300
1291960
189880
398722
606980
814800
1022740
1231260
130160
338960
548480
757820
966540
1174900
73540
281560
490620
699180
908080
1117560
15640
224300
432300
640720
848680
1057300
1266320
164960
374580
583020
792960
1001460
1210780
109080
318420
527660
736400
946200
1155120
53880
262780
472120
681340
889500
1118800
20320
229600
438560
648160
856180
1065020
738920
954000
1166440
67420
277440
486900
696720
906980
1118300
17880
226620
436860
645740
856700
1065600
1275238
173880
383740
594980
804500
1014020
1223560
121700
332840
543380
752660
961202
1170420
68940
283360
493460
703000
911860
1121140
19400
228320
440060
650180
858960
961360
1172100
71466
280540
489540
701120
910580
1120480
19165
227560
436680
645900
855160
1063800
1274980
173020
382358
591240
800600
1009100
1218800
117160
326400
536420
748440
957780
1166400
64440
273840
482280
692220
901100
1110320
8800
217120
427880
637760
847160
1055560
1264880
162640
371320
580520
789180
997700
1206940
104460
314460
525100
783080
995900
1206200
105160
315480
524540
733400
942800
1151300
50540
259680
469260
678340
890080
1099400
1308900
206920
415920
624440
833900
1042880
1252760
150800
360000
569680
778880
988040
1198200
96700
307900
517060
725980
934840
1144260
42240
252580
461600
670280
880240
1089440
1298480
197280
406002
614440
823720
1032900
1241660
141620
351960
559000
769340
978480
1187700
85880
294300
504500
714220
923060
1132500
31240
240220
449320
658600
867220
1075720
1285380
183400
395156
605140
814520
1024060
1232580
131860
341680
550580
759660
968920
1178140
76449
285660
494480
703520
912820
1122040
21076
229680
438240
646800
855240
1067260
1276880
175360
384080
593140
802540
1011120
1219960
117820
345220
556280
765180
974300
1183760
82600
291300
500400
710360
918840
1127140
25400
233780
443240
652860
863040
1072280
1283080
181380
391320
600200
809060
1018860
1227240
125420
333840
541960
750660
960060
1169100
66840
276180
485160
694030
903180
1112060
9940
219100
427960
636280
845300
1053820
1262340
161080
369540
580540
789900
999040
1208140
106220
337820
547300
755740
965760
1174880
72860
281380
490340
698885
908000
1116900
15180
223972
431900
640640
849620
1058940
1267760
165420
374100
583340
791460
1000500
1209040
107560
316340
525120
735638
944520
1153220
51500
260580
468940
676980
886220
1094560
1302800
200780
409760
617920
827060
1035500
1244120
142809
352080
561300
770000
978140
1187580
1290420
189460
398400
607700
817280
1026620
1236720
135260
344389
553700
763160
973080
1181760
80380
291640
500660
709680
918300
1126880
26040
235660
445020
653880
862380
1071460
1280500
179340
388540
598080
805980
1014620
1222860
121740
332057
540540
749940
959900
1168520
66900
275780
485940
695120
903980
1113700
12740
222560
432660
641960
850520
1074720
1284160
182340
392100
601200
810400
1021500
1230620
129420
338840
547820
756360
964740
1173700
71680
280400
489740
698460
907460
1116360
14800
224220
433000
641880
851122
1061640
1270740
169600
378860
588020
797280
1006680
1216320
114340
324400
534000
742560
952420
1161720
60040
269580
478140
687380
897040
1106180
4560
213920
423900
632820
858498
1069420
1279500
180100
389180
598080
806980
1015720
1225720
123820
333280
543580
754020
964320
1173800
73020
283000
491840
701300
910400
1120060
18120
226980
435100
645360
854740
1063320
1272700
170918
380020
589460
798700
1007960
1217900
116340
324880
534220
743100
951920
1161340
59440
269360
478120
687520
896120
1106000
4040
213720
423300
633000
862615
1071820
1282300
180600
392120
601840
811370
1020980
1230920
128460
337220
546720
755340
964780
1174340
72720
282358
490380
699860
909654
1117420
16540
225220
434520
643180
852360
1061640
1271440
170060
378940
588380
797060
1005620
1214600
113220
322180
531540
740540
949500
1158460
56600
264760
474380
684100
892994
1101460
1310440
207980
417380
649780
860420
1070100
1280180
179000
387500
596820
806420
1016220
1226020
124260
333880
542680
753960
963440
1173260
71580
280900
489780
699280
908440
1117180
15500
225520
434520
643580
853260
1062460
1271820
170140
379680
589140
797820
1007120
1216120
115000
323720
532520
741352
951120
1159550
57680
265820
474360
683720
892160
1101120
1309160
207360
322560
533240
742220
950460
1159540
58360
267640
477000
686882
896500
1105440
3640
212240
422160
631660
840780
1049340
1258080
156600
365460
574600
783180
992160
1201200
99100
307600
517220
726900
935580
1145900
45820
256180
465340
674280
883140
1093020
1302660
201020
409980
619460
828940
1037638
1246280
143300
351840
560820
769520
978500
1187840
104980
315740
525440
735280
944180
1154100
53360
263020
472640
682460
891740
1101800
860
210420
420160
629360
837500
1046300
1255600
153320
362820
572360
782460
991640
1200880
99900
308560
517380
726040
935420
1143260
43120
252520
462760
672420
881340
1090720
1300767
199380
408160
617040
827680
1037220
1246220
145000
353420
563200
772880
982560
1211220
111740
322000
531220
740770
952380
1162760
61720
270820
480400
690200
899640
1109200
7600
215600
424120
634860
844160
1053340
1263380
162200
371160
580310
791600
1001380
1210660
109300
318276
526900
736106
945940
1155048
52597
262284
471920
681820
891580
1100160
1309600
208520
417340
626400
836000
1044960
1254060
152054
360660
569760
778960
1009260
1219500
118060
327280
536820
744880
953720
1162840
60580
269520
478720
688260
898540
1107740
5340
214200
423320
632220
841440
1050440
1259960
158740
368200
577840
786200
995980
1204900
102420
311880
521600
730880
941000
1150000
48438
256760
465640
674920
884740
1096500
1306360
204840
414260
623300
833260
1042260
1251220
149020
358140
567160
776500
1011580
1221500
120000
328580
537400
747240
957160
1166560
64240
273480
481840
691540
899660
1108620
7680
217200
427040
635140
844100
1053140
1262620
162040
369800
578940
788040
997260
1206358
104220
313040
522220
730200
939020
1148280
47080
257000
466320
675540
883820
1093100
1302000
200140
408920
617280
826560
1035360
1245200
143160
351960
561100
795080
1006200
1214598
113140
321680
530400
739063
948440
1158040
56240
265880
474220
683500
893120
1103180
1620
211800
420760
630100
838820
1048200
1257200
155120
364100
573340
781740
991060
1199960
97980
307140
516580
725500
937440
1147400
46120
255640
465160
674280
882940
1091820
1300920
199460
409160
618280
827800
1036840
1246520
145840
355140
588620
798460
1007560
1217480
116660
326060
534740
743300
952480
1160980
58780
267440
475700
684960
894820
1103364
1840
211140
421040
629440
839080
1048640
1257711
156660
365500
575980
784720
993720
1203480
102820
311760
520440
728580
938480
1147880
46880
256580
466680
675560
884380
1093420
1302180
200700
409860
618860
827700
1037420
1247480
146660
263180
474060
683560
893060
1101620
1310540
209020
417700
626180
835300
1044480
1252880
151040
359400
568380
777020
985800
1194680
92460
301220
510860
720240
929760
1138840
37160
246100
454600
663560
872160
1081960
1291180
190240
399440
608180
817660
1026480
1235580
133020
341980
553900
762400
970900
1180260
78140
287480
495200
704040
912060
1121940
41600
253220
461900
670740
878440
1087320
1296380
194420
403020
612620
820960
1030460
1239500
137100
345500
554560
763580
971700
1180080
78440
287360
496140
704800
913580
1122600
20722
229420
438020
646640
855020
1064020
1272960
170660
380200
589960
799040
1008180
1217440
115180
323920
532420
741380
950170
1158620
56240
264600
473360
682580
890920
1099640
20820
230200
438640
646940
855320
1063900
1273460
171720
380600
589840
798320
1008220
1216600
115200
324000
532680
742113
951120
1160020
58280
266720
475160
684175
892700
1102320
760
211080
420440
629040
837900
1046540
1256020
154260
363200
571200
779960
987600
1196400
94420
304120
512280
720060
928100
1137240
35540
244260
453040
660920
869520
977260
1187040
85740
295940
503680
712520
921260
1129160
29060
238260
447940
656360
865160
1073280
1281460
179500
388880
597820
806400
1015520
1223840
122100
331480
540040
748900
958340
1167740
66080
274600
484920
694100
902460
1111220
8900
217160
425840
635140
844140
1053420
1262660
161540
370620
579680
789080
997640
1207000
105080
313466
522280
754040
965200
1174880
73140
281386
489741
698780
907580
1116960
14860
224060
433440
642780
851670
1060760
1270620
168640
378060
586860
796080
1004920
1213200
111420
320720
529540
738740
948220
1157260
55140
263120
471420
679476
888320
1096597
1304780
203000
411620
620278
828680
1037860
1246200
143560
352220
560840
769700
978360
1186780
84340
292500
501300
734000
943760
1152740
50740
258700
468380
677420
886640
1096080
1305360
203100
413020
622240
831140
1039620
1248722
147280
355360
563860
772380
981180
1189795
87960
296660
1286340
192440
404040
616380
826100
1037760
1247720
145160
354900
566160
775460
985380
1194980
95500
304680
514720
724360
932940
1144040
41420
250000
397660
608860
819360
1031580
1242020
141000
351060
560880
770720
985760
1196160
94600
303780
512400
721200
930120
1141920
40620
249720
459000
668160
877620
1087120
1296700
197260
406380
615440
824300
1034000
1243080
140460
349960
559040
769940
980220
1189420
87780
296980
506220
716060
925780
1135220
34640
245580
454460
663940
873760
1083000
1292260
192740
402560
612340
821020
1029940
1241280
139380
348280
557400
766000
974940
1183420
82230
291120
500180
710100
918740
1130040
28500
237560
447600
656980
866013
1074880
1284240
183540
393320
602620
811420
1020660
1230500
130800
340400
549120
758540
966580
1176300
75040
284500
492940
702140
911520
1120580
18300
226980
435140
644000
855200
1064640
1290100
190700
401000
609800
818500
1027320
1237260
135480
344020
552500
761000
969440
1178580
76400
285240
494660
705960
915680
1124860
23240
232080
441260
651060
860284
1069900
1278780
176660
385524
595240
803980
1012380
1221558
119920
328560
537800
746960
959122
1169100
67200
276820
486340
696060
905480
1114300
13040
222200
431500
640680
849638
1078420
1291060
189980
399820
608940
817700
1027440
1237700
136360
346680
558140
768320
977360
1186840
84420
293080
502280
711860
921060
1129980
28140
236720
446040
655740
864740
1074300
1283780
181960
389660
598500
807940
1017200
1226240
123520
332440
543300
753120
961180
1169880
68660
276902
486520
694918
903880
1112540
10780
219800
428900
637460
846400
1126080
27320
238160
447740
658160
867274
1076720
1286480
184680
394440
604300
814040
1024600
1234080
134820
343800
552700
761560
970440
1180940
79360
288740
497520
707060
916400
1125640
23980
233860
442820
651640
861380
1069740
1278855
177140
386760
595360
804060
1013080
1222760
120680
328800
538260
746780
955800
1165020
63260
274380
484040
716400
926160
1134660
31880
240800
449460
657440
866140
1075360
1283637
182240
391120
600500
810500
1019700
1228420
125880
335255
543860
752820
963100
1172100
70700
279380
488060
697200
906520
1115749
14440
223120
432900
642580
851700
1060580
1271540
171140
380560
590180
799300
1008160
1217240
115000
323460
531820
740540
949580
1157960
55560
264320
495740
708760
917980
1126640
24140
233300
442140
651460
860300
1068640
1277600
176140
386640
594960
803040
1011320
1220000
117500
326760
534840
742660
951220
1159620
58080
266920
478440
688660
897398
1107640
5520
214480
423100
631600
840360
1048560
1257960
156040
364920
574160
783160
992080
1201500
100200
309620
517920
726940
936020
1145020
43060
251840
486200
696320
904420
1112520
9880
219020
427820
636060
844480
1054380
1263380
161280
370520
579980
788160
997560
1206660
104524
313640
522760
731560
942180
1151680
50220
260220
469020
678100
886960
1094340
1303440
201360
408887
617160
826780
1035060
1243640
141480
350700
559660
769660
978580
1188420
86640
295600
504980
713940
923080
1131620
29240
357700
575000
785680
995460
1205080
103480
313047
522200
731400
940640
1149800
47500
256460
464600
673440
882700
1091840
1301180
200020
409200
618300
827500
1036600
1246040
146920
356240
564580
774040
983880
1192440
90720
300020
509060
718438
927920
1136620
34960
243480
452440
661380
869620
1079660
1288800
187900
397480
607340
816780
1026060
1247900
147320
357140
566260
774820
983980
1193340
90860
300040
508140
716620
925560
1134575
32700
241740
451640
660860
869240
1078480
1287620
185620
394960
604100
812740
1021520
1229920
127940
336920
545800
754660
964140
1173080
71380
280140
491240
700760
910340
1119004
17540
225200
434240
643080
852900
1062210
1271380
170400
379900
588560
798360
1028100
1239560
137640
346980
556049
764920
974160
1183260
82120
291400
500380
710620
920080
1129440
27240
236460
444840
654180
863200
1072340
1281200
179520
388280
598040
807540
1015860
1225120
123100
331936
540300
748940
957840
1165940
63680
273260
483060
692500
900660
1109400
7220
216780
425360
635520
844500
1053780
1262860
161720
371060
579700
789320
1020600
1233560
132700
341540
551080
759900
969940
1178918
76580
284740
493480
701800
910460
1119360
16700
225460
434520
642940
852240
1061580
1270420
168780
378480
587820
796620
1006660
1215620
114880
323840
532820
740800
949740
1158540
56820
265860
474160
683060
891820
1101040
1310000
208500
416640
625680
834580
1042900
1251340
148820
357020
565540
673120
884080
1092860
1302220
200760
410040
619740
828520
1037000
1245420
143640
352480
561040
770300
980040
1189080
86380
294820
502580
711580
920560
1129100
27760
236460
447600
656820
866180
1074100
1282640
180040
388980
597360
807140
1015940
1224020
122780
330820
539400
747680
956920
1165700
63780
272220
481460
690420
898960
1108640
6140
215300
443840
654660
863800
1073600
1282360
180220
389120
597280
805000
1013360
1220880
119560
328200
536880
745120
953860
1162360
60118
269880
479140
687640
896720
1104580
3118
212620
421320
629900
839100
1048220
1258015
154920
363860
573120
781200
989680
1198100
96400
304160
512640
721220
929820
1139060
37440
245775
453820
662520
870960
1080460
1289160
187393
416300
626600
835220
1044120
1252700
150980
359200
567540
778040
987060
1195700
93660
302300
511080
719460
928160
1136680
34920
243940
453240
662100
871240
1080400
1289240
186860
396140
604740
813760
1022500
1232580
132120
341320
549960
758940
968180
1177800
76180
284640
493800
702700
912000
1120402
18500
228460
437400
646420
856460
1066340
1275560
78080
288640
498420
708760
917760
1126760
25020
233560
442660
652260
861540
1069460
1277980
175820
385640
594600
803780
1012260
1221380
119040
328440
537980
747020
955780
1164800
62900
272160
481140
690160
898700
1107660
5880
214500
424120
632460
841640
1051100
1260800
158780
368020
576960
786020
995220
1204780
103680
312660
521840
731220
939380
1172340
72380
282460
494400
704260
913500
1123120
20600
229100
438160
647740
856000
1064760
1273940
171170
379780
587760
795660
1003680
1212920
111060
319721
529100
738120
947600
1156320
53940
261960
471100
681360
890260
1099120
1307880
207000
416000
624320
834400
1043280
1252180
149880
358940
568140
776400
985320
1193360
92020
301240
509620
719000
928160
1162940
63000
272220
481320
689740
899180
1108280
6900
216380
425680
635260
844940
1053860
1263620
162420
371520
581220
791360
1000358
1209500
107920
317680
525960
735240
944600
1153220
51380
260180
469260
678500
887860
1097300
1306460
205200
413640
623380
832520
1042400
1252020
150540
360500
570640
780560
989640
1199100
97240
306320
514560
724500
959160
1169100
66900
275280
483860
692480
901120
1109960
10920
220560
430240
638900
847740
1056060
1265520
163980
372180
580700
789500
997680
1206100
104160
312180
521540
730038
939030
1147820
46920
256000
464900
673620
881620
1090860
1298920
196540
404780
613620
821720
1031040
1239480
137720
346000
554518
763220
971560
1181740
79200
288020
496118
614220
824840
1034240
1243700
142480
351860
560660
770140
978700
1188440
86200
295260
504640
713560
922740
1130800
28760
237800
446920
655100
862800
1071500
1279760
176960
385420
593380
802100
1010600
1219660
117540
326960
534860
743700
952760
1161640
59605
268120
476740
684840
893560
1102840
600
209620
418180
627280
836022
1044840
1253480
151320
381860
594160
803540
1013199
1221920
119900
329240
537620
746460
954400
1163600
61420
269840
477800
686060
894424
1102980
840
209820
417620
627480
836120
1044700
1253120
150820
359580
568380
777500
988100
1196962
94680
303460
512500
721940
930740
1139580
37960
245900
455400
663960
873020
1082360
1291120
189555
398600
607120
815660
1024400
1232560
130880
358440
569560
778060
986260
1194220
91780
300160
509100
718580
927080
1135160
33200
241740
449700
658200
867460
1075682
1282840
180620
388400
597634
806500
1015660
1223220
121240
330160
538920
747880
956920
1165360
63340
271260
479480
687500
894998
1103980
1920
210300
419880
629020
838020
1045960
1253578
151360
359700
568368
777180
985760
1194220
19260
229560
438160
647100
855260
1063980
1272460
169820
379120
587920
796920
1006780
1215840
114620
322940
531100
740140
949240
1157300
55960
265140
474420
683540
892420
1101580
540
209820
418980
628060
837100
1045980
1255020
153640
362495
571360
779740
988800
1197960
96740
305820
515440
724780
933780
1141940
824860
1042220
1254860
157500
367880
579240
788460
996500
1206020
105980
314800
524480
733820
944940
1153640
52620
260780
469420
680120
889320
1098740
1307980
205900
416120
626980
835600
1044340
1253840
152420
360900
575080
785120
994918
1204160
102220
311340
520360
731920
940480
1149760
48880
258260
466800
676320
885060
1095500
1304980
203920
413860
622960
832220
948780
1159580
59020
270840
479260
688200
897680
1106480
4920
214680
424160
633560
842920
1054160
1262820
161140
370680
579800
789260
998620
1207220
105100
313440
522900
734680
943040
1151780
50060
258500
467420
676040
884760
1094500
1303080
200660
409880
620880
830160
1039160
1249100
147560
356560
566650
775640
984200
1192580
90860
300520
509940
737620
949920
1159700
58020
267520
477520
687720
896700
1106280
4820
214240
423420
632780
841440
1050580
1259980
158280
369120
578200
787500
996040
1204420
102240
311260
519940
729420
938000
1147060
45140
252700
461060
670020
879280
1088420
1297300
197480
407600
616040
825420
1034400
1243140
141420
350380
558920
768340
977560
1187220
85900
294640
524200
735900
945980
1155520
54120
262800
474200
683600
893320
1102440
1038
209680
418660
628320
838400
1047500
1255720
153300
361964
570680
779320
988800
1197720
96200
304500
513660
721600
931180
1140040
39940
249380
458358
668220
877400
1086480
1295280
192920
401740
610860
820000
1028480
1237120
135478
344520
553120
762100
970300
1179620
78340
286740
517380
726900
936000
1145420
45080
254180
462440
671120
880020
1087860
1295800
194000
403080
611500
819400
1029140
1238060
135760
344180
552560
760960
969680
1179200
78040
286720
495080
703240
912580
1122160
20620
228920
438420
648100
858940
1067880
1276380
175620
384620
593440
802040
1011158
1220300
118040
326800
535600
744520
952920
1161240
59700
162080
373240
582600
792080
1000480
1209840
107340
317060
525460
735000
943040
1153420
52040
260560
469500
678175
888540
1097760
1306340
204040
413000
621240
829740
1037580
1246160
143700
352300
560420
768200
977100
1185300
82640
291700
500040
708920
917620
1126060
24300
233260
442280
651380
860440
1069820
1278620
176180
384560
593260
802200
1011100
1239800
140680
349820
560980
769980
978700
1187740
85400
293920
502340
710560
919020
1128242
26440
235060
444262
652420
860760
1069900
1277440
175560
383960
593160
802260
1011500
1220780
120220
329820
539960
749020
957500
1166840
65740
273680
482980
691860
901160
1110980
9560
218000
428160
637740
846660
1057740
1266660
164920
374340
582540
791180
1000380
1278120
179280
390020
600500
810440
1019620
1228220
126620
336660
546100
755960
965500
1175400
73860
283240
492660
702140
911700
1120900
20060
228800
437660
647920
858082
1067798
1276700
175560
385600
594980
804440
1013060
1222700
121420
330060
539500
748860
959260
1168280
65940
277340
487480
696960
906920
1115980
15740
224700
433340
642440
870640
1081300
1291460
189800
399580
608940
817660
1027420
1236460
134880
343840
552800
762240
971720
1180360
78640
288720
498660
707600
916760
1126700
24560
232600
441100
649680
859300
1068160
1277820
176600
385620
595040
803440
1012520
1222600
121280
330540
539980
749160
958380
1167220
66440
275160
484460
696080
906220
1115580
14140
222780
431780
1201060
105740
315280
525520
734540
943240
1152400
51760
260520
470020
679140
888840
1097700
1307300
205680
414320
623160
831600
1039780
1248940
147500
357440
565760
775020
983420
1191960
90320
298400
507800
715720
924460
1134000
32580
242440
451560
661000
869460
1077620
1286280
184660
394480
602720
811680
1020980
1229540
127560
336420
502060
713000
922260
1130640
27700
238280
447500
655460
863400
1072580
1281660
179760
389120
597280
807000
1015140
1224518
121809
331500
540360
749040
958080
1167140
65380
274200
483260
692860
902480
1111400
9800
218580
427020
636160
844820
1053500
1262400
160960
369320
577800
787040
996100
1204500
103149
311900
519800
727860
936660
1144840
42980
270980
481620
691080
899640
1108800
7040
215520
424540
632266
840080
1049100
1257375
155660
364422
574300
783060
992200
1201200
99080
308520
517780
728900
938100
1147120
45240
253820
463000
671540
880820
1090080
1298760
196640
404980
613740
822560
1032220
1241333
139040
347660
557240
766160
975160
1183480
81860
290300
498760
707500
916060
1125160
23660
256300
467040
676380
885140
1093340
1302340
200280
409640
618560
828700
1037840
1246920
145300
354440
563360
772220
981740
1190680
89240
297440
506100
714120
923040
1132820
32240
240408
449720
658180
866920
1076580
1285840
184520
393920
603140
812578
1021840
1231580
129520
337940
547300
756940
965860
1176000
74700
285900
494660
704402
912322
1121100
1218400
117600
327020
536240
744980
953660
1163700
61880
270740
479920
688720
898540
1107080
5280
214980
424340
633440
842240
1050720
1260540
158700
367500
576481
785120
994060
1203522
101740
310520
520640
729640
938400
1147858
46080
255541
464460
672420
882220
1090660
1299860
197740
406960
617040
826200
1035420
1243900
142160
351640
559260
767500
1000360
1213760
113580
322580
532080
741220
951318
1161220
60180
269940
478840
688280
897760
1105640
4800
213660
423220
631680
841320
1050620
1259500
157400
365720
573980
782924
992480
1201140
99600
308200
519200
727980
936780
1145335
43980
253360
462480
671100
879580
1088380
1297500
195800
405000
613760
823340
1032520
1240998
138860
348840
557000
766780
1002540
1211540
109740
319140
527980
736800
945640
1154760
52520
260880
471200
680100
889060
1097660
1306980
205380
414300
623260
831700
1040620
1249320
147340
355880
565700
774700
983440
1191260
89380
297920
506840
715981
924480
1132820
30500
238620
447580
657140
866060
1074980
1284540
182800
392080
600220
808960
1017540
1226400
125240
333460
542260
773820
983840
1192500
89840
298380
506680
715220
923480
1131760
29840
238180
446160
653980
862498
1071000
1279620
177120
385960
595720
804660
1013140
1221240
119380
329180
537500
746220
954840
1163740
62200
270900
478220
687640
895760
1105040
3380
213100
421820
630500
839320
1048420
1257860
155580
364180
572800
781760
990920
1199760
97280
306500
443720
653960
863260
1072260
1280500
179260
388180
597500
806140
1016180
1225620
125220
333680
541900
750880
959520
1168920
67280
275900
485400
694320
903780
1113160
11400
219740
429340
637700
846700
1055040
1264080
162500
371000
580120
789000
997940
1206360
105040
313840
522120
731760
940640
1149620
48280
257840
467080
674840
883840
1092300
1300760
219860
429700
638360
847480
1055620
1265180
162820
371300
580000
788380
997060
1205040
102820
310420
518760
727980
936900
1145420
44580
254340
463160
671820
880320
1089180
1298600
195980
404140
613020
821140
1031760
1240260
138720
348280
556500
764800
973900
1183400
81960
290040
498580
707600
916420
1125020
22600
231320
440680
649600
859480
1068200
1276740
197760
408240
616540
825600
1034320
1242997
140360
348700
556160
765218
973780
1181800
79440
288560
497200
705700
914420
1122860
20080
228220
437180
644620
853560
1061820
1270260
168320
376740
585300
794280
1003160
1211900
109500
319020
528180
738120
946900
1155180
53100
261420
470040
678560
887240
1094670
1302560
201260
409780
618620
827420
1036100
1157060
56040
264260
472180
681660
890300
1098600
1306780
204700
413980
622900
831680
1040120
1248560
146400
354980
564200
772100
980780
1189480
87660
296160
504680
714580
924220
1132860
31240
239720
448758
657720
865900
1074620
1282580
179820
389000
598160
807380
1016060
1224580
121740
330480
538541
747420
956000
1164820
62440
271200
479900
690845
899180
1133680
31960
240960
449440
659080
867920
1076760
1287020
185420
394780
603340
812400
1021360
1229420
127660
336260
546100
754480
963960
1173020
70740
280040
489080
698080
906260
1115340
14620
223220
432340
641120
850860
1060300
1262982
167900
376860
585380
793440
1002640
1211660
109560
318560
527400
736560
945660
1154380
52780
262320
471000
680140
912280
1123040
21442
229940
439040
647960
856200
1064700
1273300
170780
379936
588100
796560
1005300
1214520
113520
321940
530880
740300
949233
1158300
57100
264940
473180
681980
891520
1100940
1310320
207480
416720
626160
835005
1044180
1252524
150300
359640
568160
776440
984500
1193700
92320
301040
509620
718480
927040
1136040
33940
242900
451260
577860
788440
998600
1206840
105420
314300
523610
731520
940920
1149700
48500
256580
465980
674440
374620
589720
802480
1013340
1224340
122120
330880
540520
751420
961318
1170220
68920
278973
490100
700720
910040
1118640
16940
227720
437140
647280
856060
1065540
1276180
174760
385160
594500
803600
1013220
1227100
126020
355580
568560
777820
986900
1194760
95660
305040
514178
723780
932440
1141120
38760
247600
458980
668360
877460
1085940
1294940
192820
402253
610980
819860
1031140
1241620
141140
350220
558760
768020
976420
1185320
84026
293240
504120
713080
922120
1131740
30420
239220
448400
657420
866680
1075460
1284720
185040
394300
604480
814520
1023980
1232400
151660
362740
571820
781538
990000
1198780
97760
309500
518580
728288
938071
1147220
45000
254180
462880
671740
879900
1088680
1297560
195420
404960
616080
825760
1033780
1242840
141300
351780
561140
769820
978680
1187880
86360
295220
503520
712380
922360
1131604
31700
240940
449500
658360
866760
1075120
1284240
182882
392780
601920
811120
1020200
1229560
150740
359600
569900
778480
987420
1198600
97640
307160
515896
724300
933660
1143200
40940
249600
458300
667860
876020
1084860
1293700
191600
399860
608100
817200
1026040
1234780
135100
344260
552900
761920
970280
1179240
76740
284930
493880
702420
911920
1121020
18560
227060
435220
644120
853140
1061989
1270840
168760
377680
587400
798280
1006778
1217380
117280
326180
534700
743900
952260
1161560
59660
268100
476520
684940
893340
1101980
373
208840
417820
626560
835400
1044180
1252420
150660
360180
570360
779480
990420
1199700
98380
306220
515040
724140
932020
1140180
38800
248040
456780
666120
874701
1083000
1291340
189660
397900
606940
814920
1023960
1232600
131340
339940
548360
756720
910700
1121780
20820
232280
442220
650500
859440
1068560
1276720
175300
384260
593080
803300
1012320
1221420
119500
328560
536720
745700
954800
1163520
60980
268620
478240
686800
896120
1103800
2100
210120
419400
629100
838720
1048900
1258220
157440
369020
578320
787620
995920
1204680
102920
311420
520860
730180
938918
1147740
45460
254860
464560
693960
904260
1112800
11120
219680
429220
638700
848220
1056760
1265800
163340
372700
581320
790720
999960
1208920
108160
316760
525240
734740
944620
1153480
52900
263020
472560
681940
890300
1099640
1307900
207240
416100
625840
834620
1043040
1252420
151040
361020
570120
779280
988120
1197040
95340
304220
512780
722600
931200
1139960
38120
247460
475920
688100
898360
1108100
6260
214600
423060
632020
841460
1050080
1259620
158000
367040
576140
787740
997300
1205860
104260
313160
523220
732320
942780
1152040
49120
257820
466860
676460
886360
1095840
1304420
202880
412000
621960
832000
1043300
1252580
151440
360240
569340
778800
987700
1196860
95960
304460
512640
720916
930780
1140880
39020
248460
478047
687780
897560
1106900
5100
213600
423400
632000
840780
1049780
1261280
159820
367900
577000
785960
993820
1202100
100600
310220
518660
727680
936320
1145400
43800
252520
462040
671380
880540
1090140
1299260
197280
406180
614280
823320
1032920
1241140
139640
348120
557740
766800
976560
1185960
84740
294560
503540
712820
921920
1130100
28760
260680
470360
678460
887720
1096780
1305660
203640
412800
622560
831360
1041460
1251340
153180
362660
571100
779080
988740
1197800
96600
305840
514920
723860
933700
1142180
40660
250180
458620
667480
876860
1086720
1296080
194060
402780
612180
822260
1031940
1241080
139760
349020
558000
767000
976060
1184940
83680
292980
501740
710120
918360
1128000
1276560
178300
389800
600080
809300
1018500
1227740
126780
336180
545960
755160
963700
1172460
71460
279920
489060
698760
907380
1116800
15660
224000
435400
645840
854980
1064280
1273560
172420
380420
590100
799140
1008200
1217860
116620
325380
534560
743980
952300
1161080
59260
267960
477200
686220
896020
1104740
2350
210600
418940
627460
836720
1037000
1246720
145620
354020
563360
773100
983000
1193320
91360
300180
509880
718980
928780
1137055
35080
244240
452560
661880
870060
1078420
1286220
184840
393480
602100
810240
1018600
1226820
124700
333280
542080
750680
959860
1168580
66360
275380
485340
695260
906980
1116500
14420
224180
432980
641580
849480
1059160
1267720
165300
373620
582690
811280
1022720
1231620
129220
338578
548120
757200
966820
1175480
73520
282100
490540
698680
907800
1117040
15200
224100
432920
642600
851420
1061620
1270120
167940
377020
585640
794700
1003760
1212740
111180
320100
530760
739740
948540
1157900
56380
265560
474800
683900
892660
1101440
1309860
208514
418740
627760
836960
1045440
1255400
154720
364400
573640
804660
1013480
1222260
121140
330560
539141
748200
957720
1166980
65140
274020
483060
694260
902560
1112560
11520
221780
430260
639020
848918
1058140
1267540
165900
375180
584620
793680
1004000
1213900
112980
322460
532000
741000
950080
1158800
56600
265840
475240
684040
892760
1101320
1310500
208820
417840
627480
836520
1045400
1254820
154520
364340
596720
806300
1014840
1224180
123380
331680
540620
748800
956860
1164990
63400
272960
482700
691520
901500
1111000
9405
217340
426200
635360
843900
1051500
1259960
157900
367300
576049
785180
994120
1203300
101320
309820
518960
728660
938000
1146920
45560
254720
465080
674840
884060
1092880
1302840
201580
410680
619400
830920
1039780
1249540
147080
265700
476700
686120
894900
1104300
2100
210780
420620
629340
838860
1048240
1257460
155840
364780
574880
783320
992278
1201020
99460
308260
517520
725820
935060
1143940
42560
251240
460080
669660
878820
1087180
1297240
195800
404760
614720
823440
1033060
1242620
141360
349500
558020
768020
976640
1186240
84700
293960
502540
711800
921000
1130280
47260
257940
466500
675580
885380
1094120
1302980
201500
410360
618840
827800
1036560
1245740
143740
353300
562280
771000
979660
1188340
86960
296573
505940
715200
924340
1133340
32400
241540
450480
659640
868120
1077720
1286000
184200
392800
602040
811380
1020420
1229260
127220
336340
548220
758460
967840
1177360
75580
284310
493980
703120
912080
1140880
44940
255100
464240
673200
881720
1090340
1299340
198220
406960
616740
826100
1035500
1244640
143720
352160
561160
770820
979840
1190550
89080
298020
506500
715720
924380
1132980
30800
239980
448960
657640
867360
1076540
1285820
183560
391600
600700
809700
1018340
1227160
125380
334100
543020
752200
961380
1172260
70560
279860
488460
698060
907740
1140140
38940
248340
458340
667280
875620
1084520
1293860
192760
401700
609800
819240
1028380
1236918
134680
343680
552480
761060
970480
1179280
77403
286760
495580
704840
913520
1122200
20660
229980
438950
647800
856980
1065780
1275220
173520
382720
591020
799580
1008800
1217940
116660
326140
536380
745220
953840
1162760
59655
270420
479020
687900
795840
1006433
1215620
113420
322220
530880
740300
949340
1158460
56060
263640
473580
682520
891380
1100020
1307920
206060
414700
623640
831180
1040220
1248760
146560
355200
564400
772560
981852
1191280
89380
297800
507240
716040
924700
1133020
31440
240740
448820
658280
867560
1076260
1285420
184100
393480
601720
809100
1018380
1227480
126720
335480
565100
776000
984740
1193880
92360
301480
510460
719440
928580
1137740
36860
244840
453860
662020
871140
1079820
1288560
186040
393720
603100
811695
1019620
1228040
126380
335020
542340
751540
960580
1169720
68660
276640
485940
694880
903180
1112000
10100
218360
427560
636400
846820
1056780
1265260
163580
371480
579800
787860
996980
1205120
102940
311940
542740
752180
962000
1170640
68700
277680
486760
696520
905320
1114240
12000
221000
430540
639360
848520
1060420
1269540
168180
377800
586140
795480
1003820
1212760
111160
319700
528720
737860
946900
1156660
54940
264020
472820
681420
891300
1099922
1308920
207460
415800
624680
832600
1040740
1250580
149160
357480
566140
775100
985180
1193720
91280
199540
409120
618520
827520
1037700
1248120
146920
357080
565560
775580
983880
1193420
92900
302660
512340
722140
930660
1139320
38420
247060
456020
665700
874480
1083320
1291720
189420
398640
607500
816554
1025820
1234240
133500
343560
552920
761720
971480
1179760
78054
287560
496920
705920
916060
1125580
23580
233140
442560
652320
861280
1070380
1302180
202420
412420
621400
830720
1039920
1248860
147760
356160
564820
772700
980520
1189280
86660
295180
504000
714060
923840
1132680
30220
238600
447440
656400
864840
1074000
1282420
180580
389500
598560
807520
1016420
682900
899460
1111440
12520
223120
434100
643320
853620
1063340
1273860
172400
381280
590700
801280
1010800
1130260
30140
239000
449480
659560
869880
1079140
1288840
187360
398620
609560
819680
1029940
1239420
137920
352380
562320
771500
980580
1189400
88220
296560
507520
716020
923820
1132720
31020
239540
448000
657020
867720
1076280
1284400
183600
392520
601730
810300
1019560
1229500
130113
339920
548800
758240
967300
1176360
75640
285600
494600
703660
925840
1136480
34720
244300
453600
662680
871680
1080760
1290500
189380
398960
609880
820000
1029460
1237700
136200
345380
553640
763100
971920
1180774
79000
288460
499220
708340
917520
1126920
25202
234820
443500
652120
861440
1070340
1278590
177020
385400
594320
804660
1014340
1223920
121380
330720
539340
747940
956480
1165820
64720
272840
482700
713340
924940
1135140
32900
243660
452160
661680
870120
1079380
1288740
187040
396120
604680
813160
1022180
1232060
130340
339020
548700
757220
967140
1177200
78120
287280
496840
706220
914980
1123660
22140
231455
441200
649300
857720
1067320
1275980
174360
383160
592180
801220
1010380
1218980
117120
328300
537240
746440
955140
1164420
63020
272740
498940
712920
922900
1132120
31580
240660
448540
657820
867060
1076540
1285660
183940
392960
602600
812860
1022280
1234320
133380
343440
551880
760780
970100
1178840
77800
287180
495920
703820
912760
1121380
18760
228120
437700
646400
855720
1064556
1273060
171680
381240
590380
799460
1009800
1220180
119660
329980
539060
748460
958280
1166420
64560
273820
508080
717700
926700
1136720
33980
242540
452373
661920
871080
1079760
1289080
187340
395900
604200
812400
1022100
1231040
129280
337700
546500
757620
967040
1175800
75320
283820
492960
701440
910400
1119060
17300
226420
436320
645600
855100
1064560
1274320
173320
383340
593400
802660
1011560
1220700
119460
328700
538340
747860
956540
1165500
63820
297160
507975
717740
929020
1137340
36500
245480
454800
664260
873900
1082860
1292100
191200
400640
610260
819420
1028120
1236860
135020
343400
551640
761320
969960
1178920
76720
285920
495180
704080
912680
1121000
19800
228440
436920
646360
855340
1065040
1273600
172420
381800
592284
801800
1010480
1220060
117875
327460
536680
744300
954100
1162692
1269120
169180
377640
587080
796560
1005900
1214207
113200
323000
531760
740720
950040
1159220
57980
267500
476780
686720
896000
1104920
3460
212180
420580
628840
837820
1047780
1257040
155520
365060
574840
784260
995575
1204660
102760
311860
520660
729700
938600
1147260
46160
255520
463920
673580
883280
1091920
1300060
198800
408060
617080
826180
1054580
1265820
164140
373020
582160
791920
1000933
1210220
108236
317520
526640
735240
944602
1153520
52800
261420
470538
679240
888440
1097540
1306540
204260
413400
623200
832320
1041180
1250140
151240
360900
570360
778760
987640
1196021
94420
303260
512620
721640
930460
1138640
37320
246194
454800
664980
873500
1082120
1291260
190020
399380
607460
816460
1047860
1257820
156400
365440
573920
782920
992160
1201100
99360
308120
517140
727000
936820
1145060
43220
253660
463160
672640
881860
1091440
1300000
199080
408280
617440
826260
1035760
1245060
143000
352640
564420
774800
984360
1193780
91740
301340
511420
720800
930600
1139500
37140
246440
456920
666300
875660
1085460
1294600
192980
402360
611540
843880
1053740
1262260
160680
370020
580060
789220
997400
1206180
104060
313560
522580
730800
939880
1148820
47540
256240
464920
674540
883260
1091460
1300660
198900
407620
617260
825880
1035340
1244520
143200
353140
563220
771980
981720
1191380
90080
299120
508340
717820
929260
1138800
36560
245380
454700
663440
871640
1080180
1289440
187420
396520
627660
837340
1046880
1255460
153660
363180
571660
781460
990340
1199300
96340
305420
514678
723000
932340
1141100
39480
248480
457360
666160
875860
1083900
1293007
191260
399900
608320
816700
1024940
1233840
132560
341680
550700
760000
970700
1180900
79440
288860
497560
705860
915408
1124780
22660
231400
440480
648520
857004
1066540
1275520
173960
294660
504860
715360
925020
1135300
35440
243820
452160
660360
870620
1080280
1288680
186780
395380
604180
812800
1021100
1229574
127820
336440
545140
754580
963040
1171300
68940
277980
486600
695420
903340
1112197
10180
219920
429160
638660
848220
1056960
1266360
164820
373960
583720
793320
1002740
1211900
110440
319340
527880
736820
945540
1154280
114240
327520
538440
747320
956440
1166440
64720
274000
483420
692924
902000
1111340
10040
219480
428900
638360
847860
1056420
1265440
164020
373340
582020
791260
1001120
1210340
108280
317398
526660
735580
946880
1156200
54740
263580
472340
680860
888800
1097580
1306660
204360
413240
622620
832180
1040498
1249360
147280
355380
564600
774190
983120
1206080
106320
317240
526460
735600
945000
1153840
53180
262680
471700
680280
889260
1098580
1308480
206880
417500
627460
837220
1046720
1255820
154260
364100
573580
782460
991060
1199120
96660
305580
514840
723960
933140
1141834
40060
248960
457200
665780
874880
1082660
1291680
190480
398760
607900
816910
1024900
1233880
132140
340580
549520
757660
987720
1198440
96780
306500
515460
725360
934880
1144240
41720
250240
459180
668640
877920
1087060
1298020
196980
406560
616140
825180
1034340
1243530
142278
351160
560360
768140
977520
1186800
86560
295280
504560
714580
922977
1132760
31560
240960
450578
660060
868260
1077238
1287660
186320
395300
604720
813920
1023400
1231940
131700
340380
549100
758020
992480
1202880
101180
309920
518660
727740
937520
1146560
44600
253398
462160
670800
878580
1087880
1296900
195700
404620
613600
822480
1031460
1240160
138780
348320
557260
766163
974980
1184480
82480
291160
498820
707540
916000
1125200
23060
231780
439940
648300
856740
1065960
1275360
173520
382360
591300
800460
1010020
1219840
117860
326300
534040
743160
952880
1162120
60700
269500
478640
687015
895880
1106840
5880
214600
423640
632880
841520
1050920
1259480
158420
367220
576340
784520
993564
1201760
99720
308780
518000
726740
935960
1145020
43220
252180
461080
670280
879600
1088680
1296980
194760
404400
613380
822500
1032800
1242356
139720
348920
558660
767560
976780
1185240
83080
291340
441120
652000
861000
1069800
1279400
177380
385960
594540
803320
1013000
1221960
121020
330200
540260
749160
958920
1168400
66620
275380
484760
693540
902800
1111460
9700
219060
428620
636780
845820
1054980
1263820
162500
370520
580180
789000
998180
1207280
105320
315040
523880
733940
943120
1152040
51160
259960
468709
677680
886240
1094820
1303880
222370
432600
641900
851100
1061280
1270060
168120
377300
585809
795040
1004620
1213920
112600
321160
532980
741900
950340
1158880
56580
265240
474700
684080
892220
1100780
1310000
207060
415860
625940
834800
1044240
1253080
151500
361420
569900
778720
987480
1196680
94760
302640
511300
720820
929404
1138880
37000
245420
454020
663160
871380
1080800
1289522
208540
417880
627440
836620
1045580
1254620
152640
361800
570160
778300
986960
1194980
93120
301660
510540
718980
927700
1136180
34480
243060
451620
660520
869520
1078560
1288460
186940
396580
604860
813680
1022940
1231460
128640
338020
546340
755400
964380
1173800
70900
279800
487940
696000
904700
1113540
10720
219540
428120
638220
847140
1055740
1163420
63140
271740
480600
688920
897960
1107060
5560
214500
424340
633580
843100
1052396
1261180
158860
368700
577920
786756
995080
1204500
102200
311160
519680
728480
936240
1144900
42960
251800
462080
671700
881260
1090340
1300700
200740
410060
619300
827900
1037660
1246240
144580
354160
562700
772320
981580
1191340
90920
299720
508260
717260
951620
1162360
61580
270380
479120
687758
897680
1107300
5800
214900
423560
632820
841820
1050660
1259420
156940
365640
574980
785240
993320
1202040
99820
309360
518140
726420
935560
1144580
42700
251700
460760
670000
878000
1086720
1295380
194120
403320
611700
820960
1030220
1238900
137080
346100
554921
763780
971980
1180300
77960
287520
496740
705000
939440
1149340
48220
258360
468040
677673
886960
1096060
1305060
203060
411460
620660
829300
1038500
1247284
145840
354860
563040
771960
981160
1189980
88940
298140
507840
716280
925560
1133760
31580
240080
448440
657280
866340
1075021
1282920
180920
389440
598300
807860
1017140
1226200
125300
333740
542080
751360
959180
1168009
865240
1079940
1292240
191600
402080
610640
819480
1028780
1240100
138940
348200
557800
767780
978720
1188280
86460
296580
506720
717040
925720
1135220
33040
242340
452900
662200
871140
1080440
1290000
189280
402800
613220
822580
1031958
1240920
139520
349140
559400
768440
977760
1186960
86340
295100
504920
714440
925980
1135880
34780
245240
395180
607140
817060
1026920
1235710
135920
345180
554740
763700
972560
1181540
79140
288720
497680
706980
917600
1126500
25600
234940
443560
651800
861340
1069820
1278400
176200
385800
596800
805080
1013740
1223060
120380
329400
537760
746520
955420
1164700
62480
271500
480720
691460
900300
1109100
7400
216460
425040
634460
842980
1051980
1260500
178740
390080
599520
808140
1019620
1228900
126900
336420
544380
752820
961346
1170520
68880
278000
486900
696240
905100
1114160
13123
221840
433000
642400
851360
1060020
1268800
167040
376162
585160
794040
1002860
1212320
111380
319440
528200
737280
946680
1155760
53860
264960
473940
682500
891720
1101080
1309540
208680
417037
626940
836140
1045240
1253700
173840
383580
592120
801820
1011000
1219840
118020
326320
537460
747160
955800
1164960
63580
273180
482480
690940
900160
1108600
6680
215600
424280
633798
842140
1050820
1260660
159360
367140
575860
784400
992880
1204060
102880
311520
520420
728720
938600
1146680
44480
254120
462740
671060
879260
1087380
1295920
194380
402460
610700
818780
1027440
1256820
155800
365020
574280
783160
991600
1200700
100900
309160
517360
726660
935500
1143280
40900
250263
459260
667500
876560
1085660
1294580
192340
400460
610620
818780
1027640
1236140
134177
343300
551880
760360
968780
1177400
76000
285040
493340
705160
913740
1122560
20260
228760
437200
645300
854360
1063200
1271560
169720
378420
587340
796280
928134
1137600
36000
245700
455396
665200
873660
1082760
1291980
189540
398180
607520
817080
1025200
1235000
132740
341798
551122
761420
969960
1179280
77600
286200
495280
704780
915060
1123820
21580
230780
439700
647920
856900
1065140
1274080
172200
381080
590260
799280
1008800
1217960
116420
325520
534160
742260
951320
1160960
58740
267000
476240
703420
916820
1126020
24060
233280
444400
653540
862120
1071160
1280040
178060
386560
595220
803820
1012140
1222140
120520
329700
538320
746880
955380
1164220
62340
271380
479760
688660
898280
1107000
5780
215440
424220
633220
842280
1051440
1260140
158900
368420
576720
785480
994460
1203700
101480
310220
518520
725180
933560
1144060
42300
250660
459700
691460
901093
1110940
8680
217780
426620
635480
845160
1054100
1263400
161940
370920
579360
788460
996740
1205080
103680
313610
522440
731320
940700
1150120
48420
256960
465260
675240
884300
1093620
1302920
202360
411700
621040
830220
1039460
1249540
148280
357900
567460
777340
986420
1195240
93380
304660
514100
724020
933000
1142780
42100
250640
481420
691100
900400
1109080
7960
217140
427100
635700
844480
1053860
1262920
161580
370200
578860
787260
996020
1205158
104000
312960
522720
731960
941560
1150240
48060
257040
465860
674860
884680
1093940
1303660
201800
410140
618740
827120
1036500
1245620
144540
353540
562120
770200
979460
1188680
87280
296074
506160
715560
923580
1132300
31560
148980
360040
569900
779360
988520
1198220
96800
305640
514240
723800
932280
1141480
40440
250720
459580
668500
877840
1087682
1296920
195220
403924
612400
821600
1030900
1239480
136700
345960
555260
764240
972940
1181780
79600
288640
497820
707420
915960
1125300
23480
232500
441180
650420
858620
1067120
1276360
173840
382860
592220
801420
1010400
1239980
139980
350080
559960
771200
980340
1189320
88740
298540
506540
715380
924320
1133878
32540
241700
451480
660740
869980
1079400
1288560
186960
395580
605420
814278
1024120
1232460
131080
341080
549580
758880
967820
1176517
75500
284960
493660
702460
911300
1120920
19200
228140
437180
645840
854900
1063940
1271840
170320
379020
587320
796200
1005840
1238800
137920
347060
556080
765820
974420
1184400
83220
292960
502080
711240
920920
1130220
29240
238260
446900
655640
863680
1072380
1283440
182040
391140
599760
808060
1015660
1223440
120900
329560
537680
745840
955100
1163580
61460
270140
479380
688760
897380
1105700
3780
213247
421840
631380
839660
1049080
1257360
155040
363620
572920
781800
1010900
1220180
119060
328840
537780
746600
955420
1164700
62900
272820
482440
691100
900560
1109280
6940
215520
424940
633880
843560
1052060
1260300
158760
367060
576020
784220
992940
1201860
100200
309480
518380
727080
936360
1145240
43700
252660
461800
669940
879000
1088205
1296900
194940
403640
613000
821920
1032820
1241980
140800
349520
558420
677620
888360
1097180
1306240
204380
414220
623380
831920
1040980
1250360
148640
357640
565900
774980
984360
1193320
92020
300360
509240
717680
926680
1134920
33460
242800
452740
662060
871326
1080260
1290540
189540
398340
607980
817480
1026080
1236175
133640
342500
551880
759960
968700
1177640
75480
284000
492860
702420
911200
1120100
18120
227120
457140
668580
878120
1086100
1295200
192480
401460
609620
818880
1028678
1238080
136880
345360
554840
764120
974060
1183140
81180
289580
499140
708580
918720
1128260
27460
236884
445720
654520
863640
1074440
1284040
182900
391240
599860
808440
1018040
1227080
124720
333140
542820
752540
961740
1171560
71260
280740
489260
698040
906710
1116960
15200
224440
499420
711440
921480
1131300
29760
238660
448400
657404
867580
1076580
1285980
185560
395020
604700
814340
1024140
1233360
131620
340640
549720
758940
968760
1179060
77800
287480
497700
707860
916580
1125620
24160
234440
443840
653440
862780
1071400
1281980
180440
389860
599660
808960
1018380
1227000
126280
334940
543560
751798
960140
1169600
85580
297160
507380
717040
926900
1136500
34200
243260
451200
660520
870060
1079120
1288380
186980
395280
604900
814850
1024180
1233520
132120
341540
550440
759700
970660
1180640
79140
288520
498440
707880
917560
1126720
24780
233740
442220
651420
860100
1069020
1277860
175860
384620
594020
802720
1013000
1222040
120240
328780
537980
746420
955980
1188040
87620
296260
505620
714140
923540
1133500
32460
241080
449560
658580
867320
1076620
1285760
183420
393440
602420
812000
1020660
1229920
128280
337040
545520
754160
962560
1170820
68720
278120
487680
696540
905040
1113740
11161
219520
428415
637760
846340
1054860
1263100
161080
370080
578940
788060
997120
1206960
104980
314440
523760
732860
941280
1176560
75680
284500
493520
701720
910180
1119460
18480
227600
436300
645260
854500
1063120
1272620
171200
381180
590560
800100
1009200
1217853
116160
325340
534240
744280
953760
1163460
61160
269060
478380
689320
898040
1107440
5380
214720
423280
632360
841340
1049780
1258480
157480
366580
575580
783480
991800
1199960
98820
307880
516260
725600
959220
1169340
68620
278180
487720
696400
906440
1116340
14980
223820
433440
643040
853140
1061920
1270920
169440
378600
588060
796540
1005680
1214620
113540
322900
532520
741920
950680
1158560
56540
266080
474480
682480
890580
1100882
1309320
207000
415540
624440
833240
1041160
1249820
148400
356860
566520
775840
984780
1194800
93042
301360
511340
627940
838580
1047880
1257660
156040
365280
574920
784580
993980
1202280
100780
309540
519160
727600
936660
1145280
43220
251960
460520
669520
878700
1087880
1297680
195600
403440
612240
821700
1030660
1239980
138120
347040
555560
764256
974060
1181720
80018
289220
498640
707760
917220
1126000
24600
233260
441840
650880
859160
1067580
1276840
176580
405080
615380
824620
1032880
1242440
140700
349940
558740
767540
975700
1184520
83020
291800
501060
710120
919700
1129220
27380
236420
445740
654840
863560
1072030
1281040
179160
388860
597520
806820
1015930
1224060
122440
330980
540480
749220
958720
1167700
66220
275095
484420
692340
900060
1108620
6260
214840
423480
631920
840820
1049340
1258020
156580
386660
596100
804720
1013240
1222560
120600
329280
537720
746480
955040
1163353
61000
270153
479280
687980
896340
1105120
3060
212380
421420
630140
839320
1048840
1257000
154980
364240
572800
782060
991400
1200600
98420
307413
516082
725060
934300
1143060
41280
249620
458740
668780
877220
1085280
1294100
191840
401160
609800
819300
1028800
1237200
25220
234640
444900
654300
863860
1074460
1283760
183040
391500
601080
811080
1020400
1229440
127340
336420
9900
224900
437300
647740
859980
1070380
1279560
179040
390220
600980
811300
1020780
1230860
131700
341360
550240
759500
969020
1179500
79560
289500
498320
707420
918140
1128200
26820
236380
445878
655640
869960
1079760
4580
213560
422560
632140
841340
1053260
1262440
160620
369980
579080
788180
996640
1205640
105649
314800
523820
733180
942440
1151540
49680
259200
468520
679120
888840
1097940
1306844
205080
413320
621978
829798
1037780
1247460
148260
357640
566880
775400
984520
1193340
91780
301100
509000
718560
927120
1137760
35820
244364
452760
661740
869760
1106740
5600
214162
423280
632180
840940
1050720
1261460
160080
368440
578020
787160
995900
1204180
103360
312100
521380
729560
939420
1148380
46040
257080
466960
675060
883100
1093020
1302740
201220
410360
619220
828100
1037440
1246460
145160
354260
563680
772660
984420
1193380
91724
300460
510080
719740
929480
1138200
37380
247520
456480
665660
898080
1108430
8060
217660
427060
636260
847040
1056360
1266080
163720
373940
583373
792400
1001480
1210802
109160
318580
527900
737680
946640
1156340
55040
264920
475140
684280
893580
1105360
3800
212080
420400
628920
836500
1045800
1254560
152220
361660
571520
782040
990820
1199720
98480
307960
515940
724080
933187
1141360
40040
248980
460060
566280
777120
986180
1195260
93820
302962
512562
721660
929680
1139160
37600
246060
455740
664720
873740
1082640
1291600
190860
400100
609060
818015
1027360
1236600
135540
344180
554400
763760
972300
1181760
80020
289360
498620
706720
916360
1125220
23600
232500
440700
649460
859400
1068020
1276640
174720
383380
592040
800680
1008560
1217740
115540
346140
556368
766240
975600
1186560
84980
293760
502380
711070
921640
1131280
29500
239220
448060
655960
864900
1073820
1282980
181140
390260
598180
807220
1016120
1224960
123380
332480
541580
750280
958900
1168260
66640
275080
484100
693240
902300
1110940
11420
220720
430580
638900
847860
1056880
1265960
164800
374520
583360
791980
1001040
1209360
107500
339600
548640
756860
965460
1174140
72300
281160
490178
699420
908020
1116800
15300
223400
432080
640440
849460
1058120
1268020
166140
375120
584400
793280
1004020
1213240
111740
320360
529460
738120
947540
1157373
56040
265140
474380
683220
892040
1100560
1310640
209460
418300
627360
835760
1044780
1253900
152680
362440
571520
780520
990260
1198660
116940
327480
537180
746960
956080
1164940
64380
274600
483600
693340
902680
1112260
10540
219120
431080
640940
850520
1059780
1268560
167600
377740
587860
796320
1005800
1214920
113760
323600
532614
742080
951100
1159520
58562
268740
477280
686260
895320
1105320
2920
212140
421500
630820
838720
1048240
1257900
156260
364920
573080
782677
991700
1097520
1307480
206600
416160
625840
835360
1044800
1254740
152980
362700
571380
783740
993220
1201580
99800
308500
518061
727200
935420
1143560
42200
249780
458840
668160
877815
1086140
1295080
193820
402500
611900
821440
1030580
1240580
139500
348440
557700
767040
975740
1184700
82860
291880
500880
709940
918660
1127060
25720
234980
443800
653680
879240
1090240
1299940
198380
408600
617260
826140
1035660
1244240
141700
350893
559840
768940
980480
1189980
88640
297360
505980
714680
923380
1132380
30340
238780
448920
657920
867420
1076540
1285320
183840
392660
601240
810460
1018720
1227380
124900
333522
541880
750760
961120
1169090
67300
276480
485700
695200
904160
1112840
11420
219380
428920
637560
870040
1079140
1288677
187040
396440
605260
814720
1023360
1232500
131600
340640
549720
758580
967540
1176598
74660
282743
492400
700766
908380
1117340
17480
226200
435240
643220
851460
1060220
1269820
167440
376920
585160
794040
1002620
1211580
109980
319880
529440
738533
947440
1155560
53660
262380
471180
680740
889540
1097600
1305980
203300
411380
621000
830940
1040140
1249000
146838
355260
564000
773000
981060
1190480
88722
297135
505820
715300
923960
1132780
29840
237920
446300
655180
863640
1072970
1282220
179940
388240
597800
806300
1015260
1224640
122620
331440
540500
748860
957660
1166520
64080
273420
484180
693380
902280
1111700
10480
219700
428360
636720
845620
1054480
1263280
161480
317140
527100
737060
946780
1155860
53560
261820
470840
679236
888360
1096540
1305280
203280
412360
621440
829640
1039420
1248320
145240
353420
562400
771580
980520
1189500
87900
297060
506420
715780
925080
1134560
33440
242260
451960
660680
869780
1079060
1288680
186860
395560
604080
812460
1022160
1231100
130000
339940
550340
760300
969300
1178680
97560
307580
516400
726040
934360
1143280
40440
248760
456600
666100
875060
1084160
1293040
194300
403900
613100
821720
1030520
1240460
138540
347840
557300
766820
975600
1184540
83320
292760
502200
711700
921440
1131020
29760
239561
448100
658140
868780
1078200
1286540
184120
392120
600840
809480
1017900
1226620
124460
332780
541280
749580
959140
1168040
89920
299900
509500
719100
927380
1135660
34140
242420
452560
660860
869960
1078920
1287800
186440
395820
605380
814320
1023000
1231720
130000
338840
548300
756540
965420
1174700
73120
282420
491400
699620
908900
1117940
16580
225540
434640
644420
853740
1062020
1271700
169740
377820
587180
795640
1004820
1214340
112860
324120
533580
742460
952220
1185020
84880
293300
501860
711460
921300
1129200
26820
235480
444480
653240
861620
1070360
1279380
177900
386600
595120
804720
1014140
1223500
122380
331895
540700
749620
958700
1168320
67220
275780
485180
693220
901420
1110520
9240
218240
426920
635460
843840
1052460
1260860
160000
369260
578620
788120
997720
1206240
104980
314700
523420
733380
847260
1058000
1267620
167200
375900
584480
792900
1002300
1210740
108760
317710
527280
735900
944980
1153500
52200
262320
471220
679300
889340
1097620
1305840
203520
413120
622000
830640
1039440
1248440
147060
356240
564580
773320
981670
1190940
89020
298080
507960
716760
925440
1135140
34700
243880
453420
662740
871280
1080420
1289460
188280
396380
624580
834980
1045146
1254580
151689
360180
570120
778920
986840
1196160
94120
302540
512500
721800
930620
1139260
37080
245340
453920
663240
872100
1081700
1290480
189200
397460
606680
815300
1025320
1233940
132120
340620
549600
758540
966880
1175360
73140
282400
491640
700160
909100
1118518
17440
226640
435400
643660
852660
1061580
1269920
167680
376140
648760
860320
1070180
1279980
178640
388050
597980
808640
1017900
1227820
125780
334600
544200
753820
963500
1173280
72260
282660
492540
701920
911580
1121040
19220
228600
438260
647080
856340
1065880
1275580
174840
384100
593160
802080
1011640
1220700
119400
328560
537440
746280
955320
1164480
63120
272000
481060
690378
899200
1111060
9040
237140
447800
657460
866160
1074820
1283000
181960
390800
599820
809040
1018100
1227400
126060
335080
544540
753820
963020
1171200
69640
278480
487180
697040
905680
1115300
13940
222900
432300
641860
850460
1059120
1268220
166940
375600
585520
794580
1004220
1213120
111340
320340
529640
738695
947360
1157580
56020
265220
474360
683240
892640
1102100
25180
237820
445920
655580
865240
1073940
1283538
181700
391244
600420
809680
1019040
1228180
127320
336260
546200
755700
964840
1173520
72260
281360
489940
699360
907780
1116780
15040
223380
432760
642340
850720
1060460
1269880
167800
376160
585240
793820
1003160
1212040
110780
320040
529300
738600
947540
1156720
54360
263580
473460
683660
892400
1101960
25240
234935
443620
651780
860740
1069660
1277980
176560
384940
593120
801500
1009620
1218180
116420
324560
532860
744280
953040
1161180
60000
268620
477820
686500
896240
1105240
2580
212020
420820
629380
838180
1045860
1255160
152220
360640
568640
777180
985180
1193540
91400
299860
509120
718440
927240
1136400
34000
243380
451840
661380
870940
988240
1198280
97580
306920
515640
725400
934020
1142920
41680
252220
461140
670260
879540
1088980
1297800
195900
404320
612960
822300
1031520
1241160
138880
347780
556240
765440
974340
1182980
81320
290760
500480
708940
918640
1127160
25140
234680
444120
653020
862320
1071080
1280420
179000
388080
596800
806060
1015180
1224960
122124
330740
539720
767800
977700
1187109
85800
294200
504000
713960
923560
1132920
31320
239640
448660
657960
865860
1074100
1283220
181920
390860
599980
809520
1019620
1228280
126740
335200
543380
752520
961840
1170160
68020
276900
486520
696460
906340
577680
794440
1006460
1219000
118780
329940
539620
749240
959100
1171400
71240
281580
491960
703920
915320
1125320
23380
233380
444140
652440
862100
1071282
1280580
178860
390900
600160
810280
1019920
1229380
127940
342620
552080
761602
971381
1180600
79020
287380
498820
708020
917600
1126940
25560
234060
443580
651460
861660
1070800
1279620
177900
386840
596100
805260
1014760
1223260
123820
333260
542320
751600
961040
1169740
68820
278560
388300
599260
810180
1019860
1229040
126600
335160
543940
752400
960280
1169400
66980
276540
488020
697160
906640
1115480
14360
223020
431980
640740
849920
1059000
1266860
165740
376720
585200
794160
1002520
1211700
110380
319720
528840
738000
946640
1155320
53820
262760
471480
681940
890640
1099240
1307920
206220
415580
624760
833880
1042620
1251740
173720
385520
594720
804360
1014640
1223720
123520
333660
542660
752780
962000
1169958
68260
276920
486100
695100
904420
1113400
11100
220880
430900
639080
847320
1056860
1267700
166460
376120
585820
794580
1004180
1213820
112000
320520
529520
738060
946920
1155500
52820
261760
471260
681060
890460
1100280
1308960
210020
419940
629480
838960
1047300
1279340
180580
389360
598820
808420
1017180
1226680
125240
334200
543960
753360
962180
1170780
69040
278020
486360
695460
904780
1115440
14580
222940
432000
640540
849880
1058840
1267540
166140
375400
584220
792860
1000980
1210154
108060
316900
525920
735100
944400
1154160
52800
261360
470960
679860
889520
1101860
860
209600
418420
627600
837040
1045760
1279880
179240
388600
597960
807660
1017380
1226240
125540
334780
543540
752700
961880
1171280
70480
280860
489740
698840
907460
1117660
16580
225700
434980
645860
854780
1063440
1272960
171280
380840
590400
799300
1008140
1218180
116560
325240
533980
743720
952760
1162260
60220
269740
479620
687760
896920
1105980
5700
214920
423540
633160
841460
1077880
1287600
184720
393280
602420
813000
1021680
1230620
129520
338340
547800
756800
965300
1174020
71460
280940
489980
699180
908360
1117880
17286
227120
435400
645120
854860
1063420
1272120
170996
378860
589140
799440
1009200
1218700
117540
326560
535520
743920
953120
1162720
61340
270080
482120
691160
900900
1110480
9620
218160
427900
637340
870940
1080920
1291320
189140
398960
607920
818180
1027711
1236240
134720
345260
553940
764260
973600
1183500
81420
290120
499460
708640
918320
1127900
26200
235840
445680
655360
864020
1073440
1282360
179560
388200
597340
806240
1018480
1228000
125940
335800
545340
754300
963000
1171800
70320
280320
490160
699780
908500
1117340
15660
224720
433860
540780
751620
961320
1169600
68960
278600
488800
698680
907940
1117420
15860
225520
434080
643800
853880
1063240
1271780
169680
379260
588020
796660
1005960
1214920
113420
322380
531460
740860
950520
1160180
60560
270040
479180
688160
897600
1106740
4960
213920
422660
631120
841320
1049700
1259180
157260
366440
575600
784420
994060
1202700
100840
328400
538940
748040
958420
1167740
66620
275580
483900
693000
900960
1109620
7640
216740
425020
633120
841540
1051060
1259380
158020
366300
574540
782518
991240
1200180
98380
306800
514940
723420
931200
1139660
37780
246600
458340
667420
875100
1083320
1292460
190500
399840
608480
817060
1027520
1236460
134910
343580
551680
760720
969440
1177880
76220
307660
516880
725780
934320
1142900
41420
249640
458160
666420
875540
1084400
1293880
192320
400520
608200
816100
1024998
1233550
132140
341980
551080
760480
969740
1178840
77564
285578
495260
704740
913070
1122020
20840
231080
440100
648360
857560
1065980
1274140
172040
381520
589560
801000
1009840
1218700
117660
326560
535700
745160
953840
1163120
82680
292280
500780
709960
918777
1128180
