Mark,12V_power
0,11.0375
0,11.0375
0,11.3625
0,11.3625
0,11.3625
0,11.3625
0,11.3625
0,11.3625
0,11.3625
0,11.3625
0,11.075
0,11.075
0,11.075
0,11.075
0,11.075
0,11.075
0,11.075
0,11.075
0,11.075
0,11.075
0,11.075
0,11.075
0,11.075
0,11.075
0,11.075
0,11.075
0,11.075
0,11.075
0,11.075
0,11.075
0,11.075
0,11.075
0,11.075
0,11.075
0,11.075
0,11.075
0,11.075
0,11.075
0,11.075
0,11.1
0,11.1
0,11.1
0,11.1
0,11.1
0,11.1
0,11.1
0,11.1
0,11.0625
0,11.0625
0,11.0625
0,11.0625
0,11.0625
0,11.0625
0,11.0625
0,11.125
0,11.125
0,11.125
0,11.125
0,11.125
0,11.125
0,11.125
0,11.125
0,11.0625
0,11.0625
0,11.0625
0,11.0625
0,11.0625
0,11.0625
0,11.0625
0,11.1
0,11.1
0,11.1
0,11.1
0,11.1
0,11.1
0,11.1
0,11.1
0,11.1
0,11.1
0,11.1
0,11.1
0,11.1
0,11.1
0,11.1
0,11.1
0,11.1
0,11.1
0,11.1
0,11.1
0,11.1
0,11.1
0,11.1
0,11.1
0,11.1
0,11.1
0,11.1
0,11.1
0,11.1
0,11.1
0,11.1
0,11.1
0,11.1
0,11.1
0,11.1
0,11.1
0,11.1
0,11.075
0,11.075
0,11.075
0,11.075
0,11.075
0,11.075
0,11.075
0,11.125
0,11.125
0,11.125
0,11.125
0,11.125
0,11.125
0,11.125
0,11.125
0,11.0625
0,11.0625
0,11.0625
0,11.0625
0,11.0625
0,11.0625
0,11.0625
0,11.1
0,11.1
0,11.1
0,11.1
0,11.1
0,11.1
0,11.1
0,11.1
0,11.125
0,11.125
0,11.125
0,11.125
0,11.125
0,11.125
0,11.125
0,11.075
0,11.075
0,11.075
0,11.075
0,11.075
0,11.075
0,11.075
0,11.125
0,11.125
0,11.125
0,11.125
0,11.125
0,11.125
0,11.125
0,11.125
0,11.1
0,11.1
0,11.1
0,11.1
0,11.1
0,11.1
0,11.1
0,11.075
0,11.075
0,11.075
0,11.075
0,11.075
0,11.075
0,11.075
0,11.075
0,11.075
0,11.075
0,11.075
0,11.075
0,11.075
0,11.075
0,11.075
0,11.0375
0,11.0375
0,11.0375
0,11.0375
0,11.0375
0,11.0375
0,11.0375
0,11.0375
0,11.1
0,11.1
0,11.1
0,11.1
0,11.1
0,11.1
0,11.1
0,11.0625
0,11.0625
0,11.0625
0,11.0625
0,11.0625
0,11.0625
0,11.0625
0,11.1
0,11.1
0,11.1
0,11.1
0,11.1
0,11.1
0,11.1
0,11.1
0,11.1
0,11.1
0,11.1
0,11.1
0,11.1
0,11.1
0,11.1
0,11.075
0,11.075
0,11.075
0,11.075
0,11.075
0,11.075
0,11.075
0,11.075
0,11.075
0,11.075
0,11.075
0,11.075
0,11.075
0,11.075
0,11.075
0,11.125
0,11.125
0,11.125
0,11.125
0,11.125
0,11.125
0,11.125
0,11.0625
0,11.0625
0,11.0625
0,11.0625
0,11.0625
0,11.0625
0,11.0625
0,11.0625
0,11.1
0,11.1
0,11.1
0,11.1
0,11.1
0,11.1
0,11.1
0,11.1
0,11.1
0,11.1
0,11.1
0,11.1
0,11.1
0,11.1
0,11.1
0,11.1
0,11.1
0,11.1
0,11.1
0,11.1
0,11.1
0,11.1
0,11.075
0,11.075
0,11.075
0,11.075
0,11.075
0,11.075
0,11.075
0,11.1
0,11.1
0,11.1
0,11.1
0,11.1
0,11.1
0,11.1
0,11.1
0,11.0625
0,11.0625
0,11.0625
0,11.0625
0,11.0625
0,11.0625
0,11.0625
0,11.1
0,11.1
0,11.1
0,11.1
0,11.1
0,11.1
0,11.1
0,11.1
0,11.0625
0,11.0625
0,11.0625
0,11.0625
0,11.0625
0,11.0625
0,11.0625
0,11.125
0,11.125
0,11.125
0,11.125
0,11.125
0,11.125
0,11.125
0,11.075
0,11.075
0,11.075
0,11.075
0,11.075
0,11.075
0,11.075
0,11.075
0,11.0625
0,11.0625
0,11.0625
0,11.0625
0,11.0625
0,11.0625
0,11.0625
0,11.1
0,11.1
0,11.1
0,11.1
0,11.1
0,11.1
0,11.1
0,11.1
0,11.0625
0,11.0625
0,11.0625
0,11.0625
0,11.0625
0,11.0625
0,11.0625
0,11.0625
0,11.0625
0,11.0625
0,11.0625
0,11.0625
0,11.0625
0,11.0625
0,11.125
0,11.125
0,11.125
0,11.125
0,11.125
0,11.125
0,11.125
0,11.125
0,11.0625
0,11.0625
0,11.0625
0,11.0625
0,11.0625
0,11.0625
0,11.0625
0,11.125
0,11.125
0,11.125
0,11.125
0,11.125
0,11.125
0,11.125
0,11.125
0,11.075
0,11.075
0,11.075
0,11.075
0,11.075
0,11.075
0,11.075
0,11.1
0,11.1
0,11.1
0,11.1
0,11.1
0,11.1
0,11.1
0,11.125
0,11.125
0,11.125
0,11.125
0,11.125
0,11.125
0,11.125
0,11.125
0,11.075
0,11.075
0,11.075
0,11.075
0,11.075
0,11.075
0,11.075
0,11.1
0,11.1
0,11.1
0,11.1
0,11.1
0,11.1
0,11.1
0,11.1
0,11.1
0,11.1
0,11.1
0,11.1
0,11.1
0,11.1
0,11.1
0,11.0625
0,11.0625
0,11.0625
0,11.0625
0,11.0625
0,11.0625
0,11.0625
0,11.0625
0,11.1
0,11.1
0,11.1
0,11.1
0,11.1
0,11.1
0,11.1
0,11.075
0,11.075
0,11.075
0,11.075
0,11.075
0,11.075
0,11.075
0,11.1
0,11.1
0,11.1
0,11.1
0,11.1
0,11.1
0,11.1
0,11.1
0,11.1
0,11.1
0,11.1
0,11.1
0,11.1
0,11.1
0,11.1
0,11.1
0,11.1
0,11.1
0,11.1
0,11.1
0,11.1
0,11.1
0,11.1
0,11.075
0,11.075
0,11.075
0,11.075
0,11.075
0,11.075
0,11.075
0,11.1
0,11.1
0,11.1
0,11.1
0,11.1
0,11.1
0,11.1
0,11.075
0,11.075
0,11.075
0,11.075
0,11.075
0,11.075
0,11.075
0,11.075
0,11.125
0,11.125
0,11.125
0,11.125
0,11.125
0,11.125
0,11.125
0,11.125
0,11.125
0,11.125
0,11.125
0,11.125
0,11.125
0,11.125
0,11.125
0,11.075
0,11.075
0,11.075
0,11.075
0,11.075
0,11.075
0,11.075
0,11.125
0,11.125
0,11.125
0,11.125
0,11.125
0,11.125
0,11.125
0,11.1
0,11.1
0,11.1
0,11.1
0,11.1
0,11.1
0,11.1
0,11.1
0,11.0375
0,11.0375
0,11.0375
0,11.0375
0,11.0375
0,11.0375
0,11.0375
0,11.1
0,11.1
0,11.1
0,11.1
0,11.1
0,11.1
0,11.1
0,11.1
0,11.075
0,11.075
0,11.075
0,11.075
0,11.075
0,11.075
0,11.075
0,11.125
0,11.125
0,11.125
0,11.125
0,11.125
0,11.125
0,11.125
0,11.1
0,11.1
0,11.1
0,11.1
0,11.1
0,11.1
0,11.1
0,11.1
0,11.1
0,11.1
0,11.1
0,11.1
0,11.1
0,11.1
0,11.1
0,11.1
0,11.1
0,11.1
0,11.1
0,11.1
0,11.1
0,11.1
0,11.1
0,11.075
0,11.075
0,11.075
0,11.075
0,11.075
0,11.075
0,11.075
0,11.075
0,11.075
0,11.075
0,11.075
0,11.075
0,11.075
0,11.075
0,11.1
0,11.1
0,11.1
0,11.1
0,11.1
0,11.1
0,11.1
0,11.1
0,11.0625
0,11.0625
0,11.0625
0,11.0625
0,11.0625
0,11.0625
0,11.0625
0,11.125
0,11.125
0,11.125
0,11.125
0,11.125
0,11.125
0,11.125
0,11.125
0,11.1
0,11.1
0,11.1
0,11.1
0,11.1
0,11.1
0,11.1
0,11.075
0,11.075
0,11.075
0,11.075
0,11.075
0,11.075
0,11.075
0,11.1
0,11.1
0,11.1
0,11.1
0,11.1
0,11.1
0,11.1
0,11.1
0,11.1
0,11.1
0,11.1
0,11.1
0,11.1
0,11.1
0,11.1
0,11.125
0,11.125
0,11.125
0,11.125
0,11.125
0,11.125
0,11.125
0,11.125
0,11.125
0,11.125
0,11.125
0,11.125
0,11.125
0,11.125
0,11.125
0,11.1
0,11.1
0,11.1
0,11.1
0,11.1
0,11.1
0,11.1
0,11.1
0,11.1
0,11.1
0,11.1
0,11.1
0,11.1
0,11.1
0,11.1
0,11.075
0,11.075
0,11.075
0,11.075
0,11.075
0,11.075
0,11.075
0,11.1
0,11.1
0,11.1
0,11.1
0,11.1
0,11.1
0,11.1
0,11.1
0,11.125
0,11.125
0,11.125
0,11.125
0,11.125
0,11.125
0,11.125
0,11.1
0,11.1
0,11.1
0,11.1
0,11.1
0,11.1
0,11.1
0,11.1
0,11.1
0,11.1
0,11.1
0,11.1
0,11.1
0,11.1
0,11.1
0,11.1
0,11.1
0,11.1
0,11.1
0,11.1
0,11.1
0,11.1
0,11.075
0,11.075
0,11.075
0,11.075
0,11.075
0,11.075
0,11.075
0,11.075
0,11.1
0,11.1
0,11.1
0,11.1
0,11.1
0,11.1
0,11.1
0,11.1
0,11.1
0,11.1
0,11.1
0,11.1
0,11.1
0,11.1
0,11.1
0,11.1
0,11.1
0,11.1
0,11.1
0,11.1
0,11.1
0,11.1
0,11.125
0,11.125
0,11.125
0,11.125
0,11.125
0,11.125
0,11.125
0,11.1
0,11.1
0,11.1
0,11.1
0,11.1
0,11.1
0,11.1
0,11.1
0,11.075
0,11.075
0,11.075
0,11.075
0,11.075
0,11.075
0,11.075
0,11.125
0,11.125
0,11.125
0,11.125
0,11.125
0,11.125
0,11.125
0,11.0625
0,11.0625
0,11.0625
0,11.0625
0,11.0625
0,11.0625
0,11.0625
0,11.1
0,11.1
0,11.1
0,11.1
0,11.1
0,11.1
0,11.1
0,11.1
0,11.1
0,11.1
0,11.1
0,11.1
0,11.1
0,11.1
0,11.1
0,11.075
0,11.075
0,11.075
0,11.075
0,11.075
0,11.075
0,11.075
0,11.075
0,11.125
0,11.125
0,11.125
0,11.125
0,11.125
0,11.125
0,11.125
0,11.1
0,11.1
0,11.1
0,11.1
0,11.1
0,11.1
0,11.1
0,11.075
0,11.075
0,11.075
0,11.075
0,11.075
0,11.075
0,11.075
0,11.075
0,11.125
0,11.125
0,11.125
0,11.125
0,11.125
0,11.125
0,11.125
0,11.075
0,11.075
0,11.075
0,11.075
0,11.075
0,11.075
0,11.075
0,11.075
0,11.125
0,11.125
0,11.125
0,11.125
0,11.125
1,11.125
1,11.125
1,11.1
1,11.1
1,11.1
1,11.1
1,11.1
1,11.1
1,11.1
1,11.1
1,11.1
1,11.1
1,11.1
1,11.1
1,11.1
1,12.025
1,12.025
1,12.025
1,11.975
1,11.975
1,11.975
1,11.975
1,11.975
1,11.975
1,11.975
1,11.975
1,12.1625
1,12.1625
1,12.1625
1,12.1625
1,12.1625
1,12.1625
1,12.1625
1,11.975
1,11.975
1,11.975
1,11.975
1,11.975
1,11.975
1,11.975
1,12.6125
1,12.6125
1,12.6125
1,12.6125
1,12.6125
1,12.6125
1,12.6125
1,12.7375
1,12.7375
1,12.7375
1,12.7375
1,12.7375
1,12.7375
1,12.7375
1,12.7
1,12.7
1,12.7
1,12.7
1,12.7
1,12.7
1,12.7
1,12.7
1,12.7
1,12.7
1,12.7
1,12.7
1,12.7
1,12.7
1,12.7
1,12.825
1,12.825
1,12.825
1,12.825
1,12.825
1,12.825
1,12.825
1,12.3125
1,12.3125
1,12.3125
1,12.3125
1,12.3125
1,12.3125
1,12.3125
1,12.3125
1,12.6625
1,12.6625
1,12.6625
1,12.6625
1,12.6625
1,12.6625
1,12.6625
1,12.7375
1,12.7375
1,12.7375
1,12.7375
1,12.7375
1,12.7375
1,12.7375
1,12.5125
1,12.5125
1,12.5125
1,12.5125
1,12.5125
1,12.5125
1,12.5125
1,12.5125
1,12.7125
1,12.7125
1,12.7125
1,12.7125
1,12.7125
1,12.7125
1,12.7125
1,12.9375
1,12.9375
1,12.9375
1,12.9375
1,12.9375
1,12.9375
1,12.9375
1,12.4375
1,12.4375
1,12.4375
1,12.4375
1,12.4375
1,12.4375
1,12.4375
1,13.0625
1,13.0625
1,13.0625
1,13.0625
1,13.0625
1,13.0625
1,13.0625
1,13.0625
1,11.75
1,11.75
1,11.75
1,11.75
1,11.75
1,11.75
1,11.75
1,11.575
1,11.575
1,11.575
1,11.575
1,11.575
1,11.575
1,11.575
1,11.525
1,11.525
1,11.525
1,11.525
1,11.525
1,11.525
1,11.525
1,11.5125
1,11.5125
1,11.5125
1,11.5125
1,11.5125
1,11.5125
1,11.5125
1,11.5125
1,11.5125
1,11.5125
1,11.5125
1,11.5125
1,11.5125
1,11.5125
1,11.5125
1,11.5125
1,11.5125
1,11.5125
1,11.5125
1,11.5125
1,11.5125
1,11.5125
1,11.5125
1,11.4875
1,11.4875
1,11.4875
1,11.4875
1,11.4875
1,11.4875
1,11.4875
1,11.525
1,11.525
1,11.525
1,11.525
1,11.525
1,11.525
1,11.525
1,11.4875
1,11.4875
1,11.4875
1,11.4875
1,11.4875
1,11.4875
1,11.4875
1,11.4875
1,11.4875
1,11.4875
1,11.4875
1,11.4875
1,11.4875
1,11.4875
1,11.4875
1,11.5125
1,11.5125
1,11.5125
1,11.5125
1,11.5125
1,11.5125
1,11.5125
1,11.5125
1,11.4875
1,11.4875
1,11.4875
1,11.4875
1,11.4875
1,11.4875
1,11.4875
1,11.5125
1,11.5125
1,11.5125
1,11.5125
1,11.5125
1,11.5125
1,11.5125
1,11.55
1,11.55
1,11.55
1,11.55
1,11.55
1,11.55
1,11.55
1,11.55
1,11.5125
1,11.5125
1,11.5125
1,11.5125
1,11.5125
1,11.5125
1,11.5125
1,11.525
1,11.525
1,11.525
1,11.525
1,11.525
1,11.525
1,11.525
1,11.525
1,11.65
1,11.65
1,11.65
1,11.65
1,11.65
1,11.65
1,11.65
1,11.6125
1,11.6125
1,11.6125
1,11.6125
1,11.6125
1,11.6125
1,11.6125
1,11.5875
1,11.5875
1,11.5875
1,11.5875
1,11.5875
1,11.5875
1,11.5875
1,11.5875
1,11.65
1,11.65
1,11.65
1,11.65
1,11.65
1,11.65
1,11.65
1,11.6375
1,11.6375
1,11.6375
1,11.6375
1,11.6375
1,11.6375
1,11.6375
1,11.6375
1,11.6375
1,11.6375
1,11.6375
1,11.6375
1,11.6375
1,11.6375
1,11.6375
1,11.6125
1,11.6125
1,11.6125
1,11.6125
1,11.6125
1,11.6125
1,11.6125
1,11.675
1,11.675
1,11.675
1,11.675
1,11.675
1,11.675
1,11.675
1,11.675
1,11.575
1,11.575
1,11.575
1,11.575
1,11.575
1,11.575
1,11.575
1,11.65
1,11.65
1,11.65
1,11.65
1,11.65
1,11.65
1,11.65
1,11.65
1,11.6125
1,11.6125
1,11.6125
1,11.6125
1,11.6125
1,11.6125
1,11.6125
1,11.6125
1,11.6125
1,11.6125
1,11.6125
1,11.6125
1,11.6125
1,11.6125
1,11.6125
1,11.7375
1,11.7375
1,11.7375
1,11.7375
1,11.7375
1,11.7375
1,11.7375
1,11.7125
1,11.7125
1,11.7125
1,11.7125
1,11.7125
1,11.7125
1,11.7125
1,11.775
1,11.775
1,11.775
1,11.775
1,11.775
1,11.775
1,11.775
1,11.775
1,11.65
1,11.65
1,11.65
1,11.65
1,11.65
1,11.65
1,11.65
1,11.5875
1,11.5875
1,11.5875
1,11.5875
1,11.5875
1,11.5875
1,11.5875
1,11.5875
1,11.6125
1,11.6125
1,11.6125
1,11.6125
1,11.6125
1,11.6125
1,11.6125
1,11.5875
1,11.5875
1,11.5875
1,11.5875
1,11.5875
1,11.5875
1,11.5875
1,11.6125
1,11.6125
1,11.6125
1,11.6125
1,11.6125
1,11.6125
1,11.6125
1,11.6125
1,11.7375
1,11.7375
1,11.7375
1,11.7375
1,11.7375
1,11.7375
1,11.7375
1,11.6125
1,11.6125
1,11.6125
1,11.6125
1,11.6125
1,11.6125
1,11.6125
1,11.6125
1,11.5125
1,11.5125
1,11.5125
1,11.5125
1,11.5125
1,11.5125
1,11.5125
1,11.55
1,11.55
1,11.55
1,11.55
1,11.55
1,11.55
1,11.55
1,11.5125
1,11.5125
1,11.5125
1,11.5125
1,11.5125
1,11.5125
1,11.5125
1,11.5125
1,11.525
1,11.525
1,11.525
1,11.525
1,11.525
1,11.525
1,11.525
1,11.5125
1,11.5125
1,11.5125
1,11.5125
1,11.5125
1,11.5125
1,11.5125
1,11.5125
1,11.4875
1,11.4875
1,11.4875
1,11.4875
1,11.4875
1,11.4875
1,11.4875
1,11.5125
1,11.5125
1,11.5125
1,11.5125
1,11.5125
1,11.5125
1,11.5125
1,11.525
1,11.525
1,11.525
1,11.525
1,11.525
1,11.525
1,11.525
1,11.525
1,11.475
1,11.475
1,11.475
1,11.475
1,11.475
1,11.475
1,11.475
1,11.5125
1,11.5125
1,11.5125
1,11.5125
1,11.5125
1,11.5125
1,11.5125
1,11.5125
1,11.4875
1,11.4875
1,11.4875
1,11.4875
1,11.4875
1,11.4875
1,11.4875
1,11.4875
1,11.4875
1,11.4875
1,11.4875
1,11.4875
1,11.4875
1,11.4875
1,11.4875
1,11.4875
1,11.4875
1,11.4875
1,11.4875
1,11.4875
1,11.4875
1,11.4875
1,11.4875
1,11.4875
1,11.4875
1,11.4875
1,11.4875
1,11.4875
1,11.4875
1,11.525
1,11.525
1,11.525
1,11.525
1,11.525
1,11.525
1,11.525
1,11.525
1,11.4875
1,11.4875
1,11.4875
1,11.4875
1,11.4875
1,11.4875
1,11.4875
1,11.4875
1,11.4875
1,11.4875
1,11.4875
1,11.4875
1,11.4875
1,11.4875
1,11.4875
1,11.4875
1,11.4875
1,11.4875
1,11.4875
1,11.4875
1,11.4875
1,11.4875
1,11.475
1,11.475
1,11.475
1,11.475
1,11.475
1,11.475
1,11.475
1,11.475
1,11.475
1,11.475
1,11.475
1,11.475
1,11.475
1,11.475
1,11.475
1,11.4875
1,11.4875
1,11.4875
1,11.4875
1,11.4875
1,11.4875
1,11.4875
1,11.475
1,11.475
1,11.475
1,11.475
1,11.475
1,11.475
1,11.475
1,11.475
1,11.5125
1,11.5125
1,11.5125
1,11.5125
1,11.5125
1,11.5125
1,11.5125
1,11.5125
1,11.5125
1,11.5125
1,11.5125
1,11.5125
1,11.5125
1,11.5125
1,11.5125
1,11.5125
1,11.5125
1,11.5125
1,11.5125
1,11.5125
1,11.5125
1,11.5125
1,11.4875
1,11.4875
1,11.4875
1,11.4875
1,11.4875
1,11.4875
1,11.4875
1,11.4875
1,11.4875
1,11.4875
1,11.4875
1,11.4875
1,11.4875
1,11.4875
1,11.4875
1,11.5125
1,11.5125
1,11.5125
1,11.5125
1,11.5125
1,11.5125
1,11.5125
1,11.45
1,11.45
1,11.45
1,11.45
1,11.45
1,11.45
1,11.45
1,11.5125
1,11.5125
1,11.5125
1,11.5125
1,11.5125
1,11.5125
1,11.5125
1,11.4875
1,11.4875
1,11.4875
1,11.4875
1,11.4875
1,11.4875
1,11.4875
1,11.4875
1,11.5125
1,11.5125
1,11.5125
1,11.5125
1,11.5125
1,11.5125
1,11.5125
1,11.4875
1,11.4875
1,11.4875
1,11.4875
1,11.4875
1,11.4875
1,11.4875
1,11.525
1,11.525
1,11.525
1,11.525
1,11.525
1,11.525
1,11.525
1,11.525
1,11.45
1,11.45
1,11.45
1,11.45
1,11.45
1,11.45
1,11.45
1,11.4875
1,11.4875
1,11.4875
1,11.4875
1,11.4875
1,11.4875
1,11.4875
1,11.4875
1,11.45
1,11.45
1,11.45
1,11.45
1,11.45
1,11.45
1,11.45
1,11.475
1,11.475
1,11.475
1,11.475
1,11.475
1,11.475
1,11.475
1,11.475
1,11.5125
1,11.5125
1,11.5125
1,11.5125
1,11.5125
1,11.5125
1,11.5125
1,11.4875
1,11.4875
1,11.4875
1,11.4875
1,11.4875
1,11.4875
1,11.4875
1,11.475
1,11.475
1,11.475
1,11.475
1,11.475
1,11.475
1,11.475
1,11.475
1,11.4875
1,11.4875
1,11.4875
1,11.4875
1,11.4875
1,11.4875
1,11.4875
1,11.45
1,11.45
1,11.45
1,11.45
1,11.45
1,11.45
1,11.45
1,11.45
1,11.475
1,11.475
1,11.475
1,11.475
1,11.475
1,11.475
1,11.475
1,11.45
1,11.45
1,11.45
1,11.45
1,11.45
1,11.45
1,11.45
1,11.4875
1,11.4875
1,11.4875
1,11.4875
1,11.4875
1,11.4875
1,11.4875
1,11.4875
1,11.4875
1,11.4875
1,11.4875
1,11.4875
1,11.4875
1,11.4875
1,11.4875
1,11.4875
1,11.4875
1,11.4875
1,11.4875
1,11.4875
1,11.4875
1,11.4875
1,11.4875
1,11.45
1,11.45
1,11.45
1,11.45
1,11.45
1,11.45
1,11.45
1,11.4875
1,11.4875
1,11.4875
1,11.4875
1,11.4875
1,11.4875
1,11.4875
1,11.475
1,11.475
1,11.475
1,11.475
1,11.475
1,11.475
1,11.475
1,11.475
1,11.4875
1,11.4875
1,11.4875
1,11.4875
1,11.4875
1,11.4875
1,11.4875
1,11.475
1,11.475
1,11.475
1,11.475
1,11.475
1,11.475
1,11.475
1,11.475
1,11.4875
1,11.4875
1,11.4875
1,11.4875
1,11.4875
1,11.4875
1,11.4875
1,11.475
1,11.475
1,11.475
1,11.475
1,11.475
1,11.475
1,11.475
1,11.4875
1,11.4875
1,11.4875
1,11.4875
1,11.4875
1,11.4875
1,11.4875
1,11.4875
1,11.475
1,11.475
1,11.475
1,11.475
1,11.475
1,11.475
1,11.475
1,11.4875
1,11.4875
1,11.4875
1,11.4875
1,11.4875
1,11.4875
1,11.4875
1,11.4875
1,11.45
1,11.45
1,11.45
1,11.45
1,11.45
1,11.45
1,11.45
1,11.475
1,11.475
1,11.475
1,11.475
1,11.475
1,11.475
1,11.475
1,11.475
1,11.475
1,11.475
1,11.475
1,11.475
1,11.475
1,11.475
1,11.475
1,11.4875
1,11.4875
1,11.4875
1,11.4875
1,11.4875
1,11.4875
1,11.4875
1,11.4875
1,11.4875
1,11.4875
1,11.4875
1,11.4875
1,11.4875
1,11.4875
1,11.4875
1,11.475
1,11.475
1,11.475
1,11.475
1,11.475
1,11.475
1,11.475
1,11.425
1,11.425
1,11.425
1,11.425
1,11.425
1,11.425
1,11.425
1,11.425
1,11.4875
1,11.4875
1,11.4875
1,11.4875
1,11.4875
1,11.4875
1,11.4875
1,11.45
1,11.45
1,11.45
1,11.45
1,11.45
1,11.45
1,11.45
1,11.4875
1,11.4875
1,11.4875
1,11.4875
1,11.4875
1,11.4875
1,11.4875
1,11.4875
1,11.475
1,11.475
1,11.475
1,11.475
1,11.475
1,11.475
1,11.475
1,11.475
1,11.475
1,11.475
1,11.475
1,11.475
1,11.475
1,11.475
1,11.475
1,11.4875
1,11.4875
1,11.4875
1,11.4875
1,11.4875
1,11.4875
1,11.4875
1,11.475
1,11.475
1,11.475
1,11.475
1,11.475
1,11.475
1,11.475
1,11.475
1,11.475
1,11.475
1,11.475
1,11.475
1,11.475
1,11.475
1,11.475
1,11.45
1,11.45
1,11.45
1,11.45
1,11.45
1,11.45
1,11.45
1,11.45
1,11.45
1,11.45
1,11.45
1,11.45
1,11.45
1,11.45
1,11.45
1,11.475
1,11.475
1,11.475
1,11.475
1,11.475
1,11.475
1,11.475
1,11.475
1,11.475
1,11.475
1,11.475
1,11.475
1,11.475
1,11.475
1,11.4875
1,11.4875
1,11.4875
1,11.4875
1,11.4875
1,11.4875
1,11.4875
1,11.4875
1,11.4875
1,11.4875
1,11.4875
1,11.4875
1,11.4875
1,11.4875
1,11.4875
1,11.4875
1,11.4875
1,11.4875
1,11.4875
1,11.4875
1,11.4875
1,11.4875
1,11.4875
1,11.45
1,11.45
1,11.45
1,11.45
1,11.45
1,11.45
1,11.45
1,11.4875
1,11.4875
1,11.4875
1,11.4875
1,11.4875
1,11.4875
1,11.4875
1,11.475
1,11.475
1,11.475
1,11.475
1,11.475
1,11.475
1,11.475
1,11.475
1,11.45
1,11.45
1,11.45
1,11.45
1,11.45
1,11.45
1,11.45
1,11.475
1,11.475
1,11.475
1,11.475
1,11.475
1,11.475
1,11.475
1,11.475
1,11.45
1,11.45
1,11.45
1,11.45
1,11.45
1,11.45
1,11.45
1,11.4875
1,11.4875
1,11.4875
1,11.4875
1,11.4875
1,11.4875
1,11.4875
1,11.4875
1,11.4875
1,11.4875
1,11.4875
1,11.4875
1,11.4875
1,11.4875
1,11.4875
1,11.45
1,11.45
1,11.45
1,11.45
1,11.45
1,11.45
1,11.45
1,11.4875
1,11.4875
1,11.4875
1,11.4875
1,11.4875
1,11.4875
1,11.4875
1,11.4875
1,11.425
1,11.425
1,11.425
1,11.425
1,11.425
1,11.425
1,11.425
1,11.475
1,11.475
1,11.475
1,11.475
1,11.475
1,11.475
1,11.475
1,11.45
1,11.45
1,11.45
1,11.45
1,11.45
1,11.45
1,11.45
1,11.45
1,11.475
1,11.475
1,11.475
1,11.475
1,11.475
1,11.475
1,11.475
1,11.475
1,11.475
1,11.475
1,11.475
1,11.475
1,11.475
1,11.475
1,11.475
1,11.4875
1,11.4875
1,11.4875
1,11.4875
1,11.4875
1,11.4875
1,11.4875
1,11.475
1,11.475
1,11.475
1,11.475
1,11.475
1,11.475
1,11.475
1,11.475
1,11.475
1,11.475
1,11.475
1,11.475
1,11.475
1,11.475
1,11.475
1,11.475
1,11.475
1,11.475
1,11.475
1,11.475
1,11.475
1,11.475
1,11.4875
1,11.4875
1,11.4875
1,11.4875
1,11.4875
1,11.4875
1,11.4875
1,11.4875
1,11.45
1,11.45
1,11.45
1,11.45
1,11.45
1,11.45
1,11.45
1,11.45
1,11.45
1,11.45
1,11.45
1,11.45
1,11.45
1,11.45
1,11.45
1,11.5125
1,11.5125
1,11.5125
1,11.5125
1,11.5125
1,11.5125
1,11.5125
1,11.5125
1,11.5125
1,11.5125
1,11.5125
1,11.5125
1,11.5125
1,11.5125
1,11.475
1,11.475
1,11.475
1,11.475
1,11.475
1,11.475
1,11.475
1,11.475
1,11.4875
1,11.4875
1,11.4875
1,11.4875
1,11.4875
1,11.4875
1,11.4875
1,11.45
1,11.45
1,11.45
1,11.45
1,11.45
1,11.45
1,11.45
1,11.45
1,11.5125
1,11.5125
1,11.5125
1,11.5125
1,11.5125
1,11.5125
1,11.5125
1,11.2875
1,11.2875
1,11.2875
1,11.2875
1,11.2875
1,11.2875
1,11.2875
1,11.1625
1,11.1625
1,11.1625
1,11.1625
1,11.1625
1,11.1625
1,11.1625
1,11.1625
1,11.2
1,11.2
1,11.2
1,11.2
1,11.2
1,11.2
1,11.2
1,11.1625
1,11.1625
1,11.1625
1,11.1625
1,11.1625
1,11.1625
1,11.1625
1,11.1625
1,11.1625
1,11.1625
1,11.1625
1,11.1625
1,11.1625
1,11.1625
1,11.1625
1,11.1875
1,11.1875
1,11.1875
1,11.1875
1,11.1875
1,11.1875
1,11.1875
1,11.1375
1,11.1375
1,11.1375
1,11.1375
1,11.1375
1,11.1375
1,11.1375
1,11.1375
1,11.1875
1,11.1875
1,11.1875
1,11.1875
1,11.1875
1,11.1875
1,11.1875
1,11.1625
1,11.1625
1,11.1625
1,11.1625
1,11.1625
1,11.1625
1,11.1625
1,11.1625
1,11.1375
1,11.1375
1,11.1375
1,11.1375
1,11.1375
1,11.1375
1,11.1375
1,11.1625
1,11.1625
1,11.1625
1,11.1625
1,11.1625
1,11.1625
1,11.1625
1,11.1625
1,11.1625
1,11.1625
1,11.1625
1,11.1625
1,11.1625
1,11.1625
1,11.1625
1,11.1375
1,11.1375
1,11.1375
1,11.1375
1,11.1375
1,11.1375
1,11.1375
1,11.1875
1,11.1875
1,11.1875
1,11.1875
1,11.1875
1,11.1875
1,11.1875
1,11.1875
1,11.125
1,11.125
1,11.125
1,11.125
1,11.125
1,11.125
1,11.125
1,11.1875
1,11.1875
1,11.1875
1,11.1875
1,11.1875
1,11.1875
1,11.1875
1,11.1375
1,11.1375
1,11.1375
1,11.1375
1,11.1375
1,11.1375
1,11.1375
1,11.1875
1,11.1875
1,11.1875
1,11.1875
1,11.1875
1,11.1875
1,11.1875
1,11.1875
1,11.1625
1,11.1625
1,11.1625
1,11.1625
1,11.1625
1,11.1625
1,11.1625
1,11.1625
1,11.1625
1,11.1625
1,11.1625
1,11.1625
1,11.1625
1,11.1625
1,11.1625
1,11.1375
1,11.1375
1,11.1375
1,11.1375
1,11.1375
1,11.1375
1,11.1375
1,11.1875
1,11.1875
1,11.1875
1,11.1875
1,11.1875
1,11.1875
1,11.1875
1,11.1375
1,11.1375
1,11.1375
1,11.1375
1,11.1375
1,11.1375
1,11.1375
1,11.1375
1,11.1625
1,11.1625
1,11.1625
1,11.1625
1,11.1625
1,11.1625
1,11.1625
1,11.1375
1,11.1375
1,11.1375
1,11.1375
1,11.1375
1,11.1375
1,11.1375
1,11.1375
1,11.1375
1,11.1375
1,11.1375
1,11.1375
1,11.1375
1,11.1375
1,11.1375
1,11.1625
1,11.1625
1,11.1625
1,11.1625
1,11.1625
1,11.1625
1,11.1625
1,11.1625
1,11.1625
1,11.1625
1,11.1625
1,11.1625
1,11.1625
1,11.1625
1,11.1625
1,11.1375
1,11.1375
1,11.1375
1,11.1375
1,11.1375
1,11.1375
1,11.1375
1,11.1875
1,11.1875
1,11.1875
1,11.1875
1,11.1875
1,11.1875
1,11.1875
1,11.1875
1,11.1375
1,11.1375
1,11.1375
1,11.1375
1,11.1375
1,11.1375
1,11.1375
1,11.1625
1,11.1625
1,11.1625
1,11.1625
1,11.1625
1,11.1625
1,11.1625
1,11.1375
1,11.1375
1,11.1375
1,11.1375
1,11.1375
1,11.1375
1,11.1375
1,11.1375
1,11.1375
1,11.1375
1,11.1375
1,11.1375
1,11.1375
1,11.1375
1,11.1375
1,11.1625
1,11.1625
1,11.1625
1,11.1625
1,11.1625
1,11.1625
1,11.1625
1,11.1625
1,11.1625
1,11.1625
1,11.1625
1,11.1625
1,11.1625
1,11.1625
1,11.1625
1,11.125
1,11.125
1,11.125
1,11.125
1,11.125
1,11.125
1,11.125
1,11.1375
1,11.1375
1,11.1375
1,11.1375
1,11.1375
1,11.1375
1,11.1375
1,11.1375
1,11.125
1,11.125
1,11.125
1,11.125
1,11.125
1,11.125
1,11.125
1,11.1875
1,11.1875
1,11.1875
1,11.1875
1,11.1875
1,11.1875
1,11.1875
1,11.1875
1,11.125
1,11.125
1,11.125
1,11.125
1,11.125
1,11.125
1,11.125
1,11.1375
1,11.1375
1,11.1375
1,11.1375
1,11.1375
1,11.1375
1,11.1375
1,11.1375
1,11.1625
1,11.1625
1,11.1625
1,11.1625
1,11.1625
1,11.1625
1,11.1625
1,11.1375
1,11.1375
1,11.1375
1,11.1375
1,11.1375
1,11.1375
1,11.1375
1,11.1
1,11.1
1,11.1
1,11.1
1,11.1
1,11.1
1,11.1
1,11.1
1,11.1625
1,11.1625
1,11.1625
1,11.1625
1,11.1625
1,11.1625
1,11.1625
1,11.1
1,11.1
1,11.1
1,11.1
1,11.1
1,11.1
1,11.1
1,11.1
1,11.1625
1,11.1625
1,11.1625
1,11.1625
1,11.1625
1,11.1625
1,11.1625
1,11.125
1,11.125
1,11.125
1,11.125
1,11.125
1,11.125
1,11.125
1,11.1625
1,11.1625
1,11.1625
1,11.1625
1,11.1625
1,11.1625
1,11.1625
1,11.1625
1,11.1375
1,11.1375
1,11.1375
1,11.1375
1,11.1375
1,11.1375
1,11.1375
1,11.1375
1,11.1375
1,11.1375
1,11.1375
1,11.1375
1,11.1375
1,11.1375
1,11.1375
1,11.125
1,11.125
1,11.125
1,11.125
1,11.125
1,11.125
1,11.125
1,11.1375
1,11.1375
1,11.1375
1,11.1375
1,11.1375
1,11.1375
1,11.1375
1,11.1
1,11.1
1,11.1
1,11.1
1,11.1
1,11.1
1,11.1
1,11.1
1,11.1375
1,11.1375
1,11.1375
1,11.1375
1,11.1375
1,11.1375
1,11.1375
1,11.125
1,11.125
1,11.125
1,11.125
1,11.125
1,11.125
1,11.125
1,11.125
1,11.125
1,11.125
1,11.125
1,11.125
1,11.125
1,11.125
1,11.125
1,11.1375
1,11.1375
1,11.1375
1,11.1375
1,11.1375
1,11.1375
1,11.1375
1,11.1625
1,11.1625
1,11.1625
1,11.1625
1,11.1625
1,11.1625
1,11.1625
1,11.1625
1,11.125
1,11.125
1,11.125
1,11.125
1,11.125
1,11.125
1,11.125
1,11.1625
1,11.1625
1,11.1625
1,11.1625
1,11.1625
1,11.1625
1,11.1625
1,11.1625
1,11.125
1,11.125
1,11.125
1,11.125
1,11.125
1,11.125
1,11.125
1,11.1375
1,11.1375
1,11.1375
1,11.1375
1,11.1375
1,11.1375
1,11.1375
1,11.1
1,11.1
1,11.1
1,11.1
1,11.1
1,11.1
1,11.1
1,11.1
1,11.125
1,11.125
1,11.125
1,11.125
1,11.125
1,11.125
1,11.125
1,11.1375
1,11.1375
1,11.1375
1,11.1375
1,11.1375
1,11.1375
1,11.1375
1,11.1375
1,11.1375
1,11.1375
1,11.1375
1,11.1375
1,11.1375
1,11.1375
1,11.1375
1,11.1
1,11.1
1,11.1
1,11.1
1,11.1
1,11.1
1,11.1
1,11.1625
1,11.1625
1,11.1625
1,11.1625
1,11.1625
1,11.1625
1,11.1625
1,11.1625
1,11.1
1,11.1
1,11.1
1,11.1
1,11.1
1,11.1
1,11.1
1,11.1375
1,11.1375
1,11.1375
1,11.1375
1,11.1375
1,11.1375
1,11.1375
1,11.1375
1,11.125
1,11.125
1,11.125
1,11.125
1,11.125
1,11.125
1,11.125
1,11.1375
1,11.1375
1,11.1375
1,11.1375
1,11.1375
1,11.1375
1,11.1375
1,11.1625
1,11.1625
1,11.1625
1,11.1625
1,11.1625
1,11.1625
1,11.1625
1,11.1625
1,11.1375
1,11.1375
1,11.1375
1,11.1375
1,11.1375
1,11.1375
1,11.1375
1,11.1375
1,11.1375
1,11.1375
1,11.1375
1,11.1375
1,11.1375
1,11.1375
1,11.1375
1,11.1625
1,11.1625
1,11.1625
1,11.1625
1,11.1625
1,11.1625
1,11.1625
1,11.1
1,11.1
1,11.1
1,11.1
1,11.1
1,11.1
1,11.1
1,11.1
1,11.1375
1,11.1375
1,11.1375
1,11.1375
1,11.1375
1,11.1375
1,11.1375
1,11.1375
1,11.1375
1,11.1375
1,11.1375
1,11.1375
1,11.1375
1,11.1375
1,11.1375
1,11.1375
1,11.1375
1,11.1375
1,11.1375
1,11.1375
1,11.1375
1,11.1375
1,11.1625
1,11.1625
1,11.1625
1,11.1625
1,11.1625
1,11.1625
1,11.1625
1,11.1375
2,11.1375
2,11.1375
2,11.1375
2,11.1375
2,11.1375
2,11.1375
2,11.1
2,11.1
2,11.1
2,11.1
2,11.1
2,11.1
2,11.1
2,11.1
2,11.0625
2,11.0625
2,11.0625
2,11.0625
2,11.0625
2,11.0625
2,11.0625
2,11.0375
2,11.0375
2,11.0375
2,11.0375
2,11.0375
2,11.0375
2,11.0375
2,11.0375
2,11.0625
2,11.0625
2,11.0625
2,11.0625
2,11.0625
2,11.0625
2,11.0625
2,11.0625
2,11.0625
2,11.0625
2,11.0625
2,11.0625
2,11.0625
2,11.0625
2,11.0625
2,11.0625
2,11.0625
2,11.0625
2,11.0625
2,11.0625
2,11.0625
2,11.0625
2,11.0375
2,11.0375
2,11.0375
2,11.0375
2,11.0375
2,11.0375
2,11.0375
2,11.0625
2,11.0625
2,11.0625
2,11.0625
2,11.0625
2,11.0625
2,11.0625
2,11.0625
2,11.0125
2,11.0125
2,11.0125
2,11.0125
2,11.0125
2,11.0125
2,11.0125
2,11.0625
2,11.0625
2,11.0625
2,11.0625
2,11.0625
2,11.0625
2,11.0625
2,11.0625
2,11.0375
2,11.0375
2,11.0375
2,11.0375
2,11.0375
2,11.0375
2,11.0375
2,11.0375
2,11.0375
2,11.0375
2,11.0375
2,11.0375
2,11.0375
2,11.0375
2,11.0375
2,11.0375
2,11.0375
2,11.0375
2,11.0375
2,11.0375
2,11.0375
2,11.0375
2,11.0625
2,11.0625
2,11.0625
2,11.0625
2,11.0625
2,11.0625
2,11.0625
2,11.1
2,11.1
2,11.1
2,11.1
2,11.1
2,11.1
2,11.1
2,11.1
2,11.0625
2,11.0625
2,11.0625
2,11.0625
2,11.0625
2,11.0625
2,11.0625
2,11.0125
2,11.0125
2,11.0125
2,11.0125
2,11.0125
2,11.0125
2,11.0125
2,11.075
2,11.075
2,11.075
2,11.075
2,11.075
2,11.075
2,11.075
2,11.075
2,11.0
2,11.0
2,11.0
2,11.0
2,11.0
2,11.0
2,11.0
2,11.075
2,11.075
2,11.075
2,11.075
2,11.075
2,11.075
2,11.075
2,11.075
2,11.0375
2,11.0375
2,11.0375
2,11.0375
2,11.0375
2,11.0375
2,11.0375
2,11.0625
2,11.0625
2,11.0625
2,11.0625
2,11.0625
2,11.0625
2,11.0625
2,11.0625
2,11.0625
2,11.0625
2,11.0625
2,11.0625
2,11.0625
2,11.0625
2,11.0625
2,11.0375
2,11.0375
2,11.0375
2,11.0375
2,11.0375
2,11.0375
2,11.0375
2,11.0375
2,11.0375
2,11.0375
2,11.0375
2,11.0375
2,11.0375
2,11.0375
2,11.0375
2,11.0625
2,11.0625
2,11.0625
2,11.0625
2,11.0625
2,11.0625
2,11.0625
2,11.0375
2,11.0375
2,11.0375
2,11.0375
2,11.0375
2,11.0375
2,11.0375
2,11.0625
2,11.0625
2,11.0625
2,11.0625
2,11.0625
2,11.0625
2,11.0625
2,11.0625
2,11.0625
2,11.0625
2,11.0625
2,11.0625
2,11.0625
2,11.0625
2,11.0625
2,11.075
2,11.075
2,11.075
2,11.075
2,11.075
2,11.075
2,11.075
2,11.075
2,11.075
2,11.075
2,11.075
2,11.075
2,11.075
2,11.075
2,11.075
2,11.0375
2,11.0375
2,11.0375
2,11.0375
2,11.0375
2,11.0375
2,11.0375
2,11.0375
2,11.0375
2,11.0375
2,11.0375
2,11.0375
2,11.0375
2,11.0375
2,11.0375
2,11.1
2,11.1
2,11.1
2,11.1
2,11.1
2,11.1
2,11.1
2,11.0
2,11.0
2,11.0
2,11.0
2,11.0
2,11.0
2,11.0
2,11.0625
2,11.0625
2,11.0625
2,11.0625
2,11.0625
2,11.0625
2,11.0625
2,11.0625
2,11.0625
2,11.0625
2,11.0625
2,11.0625
2,11.0625
2,11.0625
2,11.0625
2,11.0625
2,11.0625
2,11.0625
2,11.0625
2,11.0625
2,11.0625
2,11.0625
2,11.0625
2,11.075
2,11.075
2,11.075
2,11.075
2,11.075
2,11.075
2,11.075
2,11.075
2,11.075
2,11.075
2,11.075
2,11.075
2,11.075
2,11.075
2,11.0625
2,11.0625
2,11.0625
2,11.0625
2,11.0625
2,11.0625
2,11.0625
2,11.0625
2,11.075
2,11.075
2,11.075
2,11.075
2,11.075
2,11.075
2,11.075
2,11.0125
2,11.0125
2,11.0125
2,11.0125
2,11.0125
2,11.0125
2,11.0125
2,11.0125
2,11.0625
2,11.0625
2,11.0625
2,11.0625
2,11.0625
2,11.0625
2,11.0625
2,11.0375
2,11.0375
2,11.0375
2,11.0375
2,11.0375
2,11.0375
2,11.0375
2,11.0375
2,11.0375
2,11.0375
2,11.0375
2,11.0375
2,11.0375
2,11.0375
2,11.0375
2,11.075
2,11.075
2,11.075
2,11.075
2,11.075
2,11.075
2,11.075
2,11.075
2,11.075
2,11.075
2,11.075
2,11.075
2,11.075
2,11.075
2,11.075
2,11.0125
2,11.0125
2,11.0125
2,11.0125
2,11.0125
2,11.0125
2,11.0125
2,11.0625
2,11.0625
2,11.0625
2,11.0625
2,11.0625
2,11.0625
2,11.0625
2,11.0375
2,11.0375
2,11.0375
2,11.0375
2,11.0375
2,11.0375
2,11.0375
2,11.0375
2,11.0625
2,11.0625
2,11.0625
2,11.0625
2,11.0625
2,11.0625
2,11.0625
2,11.0625
2,11.0625
2,11.0625
2,11.0625
2,11.0625
2,11.0625
2,11.0625
2,11.0625
2,11.0375
2,11.0375
2,11.0375
2,11.0375
2,11.0375
2,11.0375
2,11.0375
2,11.0625
2,11.0625
2,11.0625
2,11.0625
2,11.0625
2,11.0625
2,11.0625
2,11.0625
2,11.0625
2,11.0625
2,11.0625
2,11.0625
2,11.0625
2,11.0625
2,11.0625
2,11.0375
2,11.0375
2,11.0375
2,11.0375
2,11.0375
2,11.0375
2,11.0375
2,11.075
2,11.075
2,11.075
2,11.075
2,11.075
2,11.075
2,11.075
2,11.075
2,11.0125
2,11.0125
2,11.0125
2,11.0125
2,11.0125
2,11.0125
2,11.0125
2,11.075
2,11.075
2,11.075
2,11.075
2,11.075
2,11.075
2,11.075
2,11.0625
2,11.0625
2,11.0625
2,11.0625
2,11.0625
2,11.0625
2,11.0625
2,11.0625
2,11.075
2,11.075
2,11.075
2,11.075
2,11.075
2,11.075
2,11.075
2,11.0625
2,11.0625
2,11.0625
2,11.0625
2,11.0625
2,11.0625
2,11.0625
2,11.0625
2,11.075
2,11.075
2,11.075
2,11.075
2,11.075
2,11.075
2,11.075
2,11.0625
2,11.0625
2,11.0625
2,11.0625
2,11.0625
2,11.0625
2,11.0625
2,11.0625
2,11.075
2,11.075
2,11.075
2,11.075
2,11.075
2,11.075
2,11.075
2,11.0375
2,11.0375
2,11.0375
2,11.0375
2,11.0375
2,11.0375
2,11.0375
2,11.0625
2,11.0625
2,11.0625
2,11.0625
2,11.0625
2,11.0625
2,11.0625
2,11.0625
2,11.0625
2,11.0625
2,11.0625
2,11.0625
2,11.0625
2,11.0625
2,11.0625
2,11.0625
2,11.0625
2,11.0625
2,11.0625
2,11.0625
2,11.0625
2,11.0625
2,11.0625
2,11.1
2,11.1
2,11.1
2,11.1
2,11.1
2,11.1
2,11.1
2,11.0625
2,11.0625
2,11.0625
2,11.0625
2,11.0625
2,11.0625
2,11.0625
2,11.0625
2,11.0625
2,11.0625
2,11.0625
2,11.0625
2,11.0625
2,11.0625
2,11.0625
2,11.1
2,11.1
2,11.1
2,11.1
2,11.1
2,11.1
2,11.1
2,11.0375
2,11.0375
2,11.0375
2,11.0375
2,11.0375
2,11.0375
2,11.0375
2,11.0375
2,11.075
2,11.075
2,11.075
2,11.075
2,11.075
2,11.075
2,11.075
2,11.0625
2,11.0625
2,11.0625
2,11.0625
2,11.0625
2,11.0625
2,11.0625
2,11.075
2,11.075
2,11.075
2,11.075
2,11.075
2,11.075
2,11.075
2,11.075
2,11.0625
2,11.0625
2,11.0625
2,11.0625
2,11.0625
2,11.0625
2,11.0625
2,11.0625
2,11.0625
2,11.0625
2,11.0625
2,11.0625
2,11.0625
2,11.0625
2,11.0625
2,11.0375
2,11.0375
2,11.0375
2,11.0375
2,11.0375
2,11.0375
2,11.0375
2,11.0625
2,11.0625
2,11.0625
2,11.0625
2,11.0625
2,11.0625
2,11.0625
2,11.0625
2,11.0625
2,11.0625
2,11.0625
2,11.0625
2,11.0625
2,11.0625
2,11.0625
2,11.075
2,11.075
2,11.075
2,11.075
2,11.075
2,11.075
2,11.075
2,11.0625
2,11.0625
2,11.0625
2,11.0625
2,11.0625
2,11.0625
2,11.0625
2,11.0625
2,11.0625
2,11.0625
2,11.0625
2,11.0625
2,11.0625
2,11.0625
2,11.0625
2,11.1
2,11.1
2,11.1
2,11.1
2,11.1
2,11.1
2,11.1
2,11.0625
2,11.0625
2,11.0625
2,11.0625
2,11.0625
2,11.0625
2,11.0625
2,11.0625
2,11.0375
2,11.0375
2,11.0375
2,11.0375
2,11.0375
2,11.0375
2,11.0375
2,11.075
2,11.075
2,11.075
2,11.075
2,11.075
2,11.075
2,11.075
2,11.075
2,11.0625
2,11.0625
2,11.0625
2,11.0625
2,11.0625
2,11.0625
2,11.0625
2,11.075
2,11.075
2,11.075
2,11.075
2,11.075
2,11.075
2,11.075
2,11.0625
2,11.0625
2,11.0625
2,11.0625
2,11.0625
2,11.0625
2,11.0625
2,11.0625
2,11.075
2,11.075
2,11.075
2,11.075
2,11.075
2,11.075
2,11.075
2,11.075
2,11.075
2,11.075
2,11.075
2,11.075
2,11.075
2,11.075
2,11.075
2,11.0625
2,11.0625
2,11.0625
2,11.0625
2,11.0625
2,11.0625
2,11.0625
2,11.0625
2,11.0625
2,11.0625
2,11.0625
2,11.0625
2,11.0625
2,11.0625
2,11.0625
2,11.075
2,11.075
2,11.075
2,11.075
2,11.075
2,11.075
2,11.075
2,11.0375
2,11.0375
2,11.0375
2,11.0375
2,11.0375
2,11.0375
2,11.0375
2,11.075
2,11.075
2,11.075
2,11.075
2,11.075
2,11.075
2,11.075
2,11.075
2,11.0625
2,11.0625
2,11.0625
2,11.0625
2,11.0625
2,11.225
2,11.225
2,11.225
2,11.225
2,11.225
2,11.225
2,11.225
2,11.225
2,11.125
2,11.125
2,11.125
2,11.125
2,11.125
2,11.125
2,11.125
2,11.0375
2,11.0375
2,11.0375
2,11.0375
2,11.0375
2,11.0375
2,11.0375
2,11.075
2,11.075
2,11.075
2,11.075
2,11.075
2,11.075
2,11.075
2,11.075
2,11.1
2,11.1
2,11.1
2,11.1
2,11.1
2,11.1
2,11.1
2,11.0625
2,11.0625
2,11.0625
2,11.0625
2,11.0625
2,11.0625
2,11.0625
2,11.0625
2,11.0625
2,11.0625
2,11.0625
2,11.0625
2,11.0625
2,11.0625
2,11.0625
2,11.0625
2,11.0625
2,11.0625
2,11.0625
2,11.0625
2,11.0625
2,11.0625
2,11.0625
2,11.0625
2,11.0625
2,11.0625
2,11.0625
2,11.0625
2,11.0625
2,11.0625
2,11.075
2,11.075
2,11.075
2,11.075
2,11.075
2,11.075
2,11.075
2,11.075
2,11.075
2,11.075
2,11.075
2,11.075
2,11.075
2,11.075
2,11.075
2,11.075
2,11.075
2,11.075
2,11.075
2,11.075
2,11.075
2,11.075
2,11.0625
