ro_data
421560
688360
907200
1120120
22260
232220
442960
709440
925240
1136240
35080
245660
458580
668640
878440
1088560
1298700
200620
410540
620060
829620
1038830
1247640
148900
358260
567200
776440
985920
1196183
107100
315880
524800
733820
943300
1152580
50760
265060
474620
683380
892020
1100940
1309602
208120
416780
628480
837700
997920
1211500
110780
320340
529880
738620
947300
1158180
56140
264660
473840
682640
891760
1100440
1309800
207200
416500
627680
836420
1045300
1254800
153040
362140
570422
779040
987180
1195780
92960
369520
579475
788002
996980
1204880
103580
312080
519680
726880
935044
1143093
40640
250680
459520
667240
874880
1083180
1292180
190760
399300
608120
739960
950260
1159100
56160
264680
475340
683540
891758
1100200
1308160
206280
414220
623080
831100
1039260
1247160
145060
352700
561000
768600
977220
1187060
85160
294120
503420
712060
920580
1128820
25620
233180
441700
649340
857220
1064960
1273580
171140
379980
588600
796920
1007580
1215600
113140
321540
529760
738320
946960
1156060
54720
264380
473460
710800
920020
1129040
26320
234438
442960
651420
859860
1068260
1278320
176760
385260
596000
805460
1014080
1223100
121320
329760
538480
746960
954889
1163360
61160
269780
477080
686800
895780
1104300
2700
211040
419000
627320
838080
1046280
1255340
153380
361360
569400
777561
986020
1195120
92884
301380
509100
717520
926940
1135700
32840
241540
356400
567380
778160
986040
1194340
92580
300380
508640
719740
927800
1135560
33380
241740
449680
657460
866120
1073980
1283200
180260
388820
597780
806180
1014500
1222920
119940
327600
536300
743860
952880
1161400
58400
266880
473560
681740
889940
1097160
1304980
204760
413480
621040
828920
1037478
1245220
142740
351240
558920
767200
974580
1182220
79000
310300
519140
727420
935840
1144960
42320
250460
459220
667420
876320
1085000
1293200
190240
399160
607660
815380
1024260
1232940
131260
340680
549220
757000
965340
1173520
70740
278620
486220
694920
902780
1110740
8940
217280
426020
634200
842480
1051220
1258960
156920
364860
572300
780140
988500
1196360
94620
301820
510880
719360
928500
1136740
1262200
161973
370620
578180
786080
994020
1216960
115780
324520
532700
740680
949600
1158328
55540
264140
471940
680360
889060
1097040
1305780
203660
411620
619560
827300
1035460
1243580
140700
349200
557040
764980
973040
1181160
79040
288620
496940
705180
913500
1121780
19920
227360
436120
643600
851760
1059300
1267560
164960
376340
585220
794480
1020500
1232820
132260
340460
548940
758440
967420
1176380
74020
282800
491300
698820
906920
1115000
12800
221340
429040
637300
845760
1055380
1263620
161060
370120
577900
786340
994400
1202240
99900
308260
515960
724260
932880
1141300
38680
245900
454460
663220
871660
1080440
1288340
185900
394760
602800
813880
1022700
1230920
128800
337360
545880
754260
869340
1079580
1288660
186978
396240
605280
813320
1021980
1230220
128900
337240
545740
754460
963160
1171940
69960
278300
486960
695700
903560
1112080
10260
218400
426100
634140
842186
1050920
1259680
157960
366620
575540
784100
992680
1201200
98900
306198
515100
723160
931720
1140020
37780
245840
453200
661320
870000
1080280
1288660
186940
394680
622480
833920
1043780
1252840
151080
359660
568240
777020
985316
1193938
92800
301940
510529
719720
927660
1136644
34160
242057
450460
659720
867960
1076343
1284580
182900
391560
599280
808060
1017240
1225940
123900
330882
538980
747300
956020
1163900
61900
270180
477240
685640
893560
1102280
1309440
207420
414380
621540
830418
1039280
1248020
146300
353780
560380
776200
986600
1197180
98140
306120
514680
723080
931540
1140240
38400
247360
454880
663380
871600
1078840
1287560
186360
393580
601940
810800
1019240
1227120
124580
332400
541247
748260
956320
1163940
62060
269980
477740
685860
893900
1102420
1309900
207620
415380
622820
831260
1039180
1247960
145660
354120
562220
770260
978960
1187360
85220
258860
467720
675840
884340
1092160
1300080
197540
405980
613420
820780
1028500
1236680
133860
341980
549520
757920
965840
1172980
70180
279600
502360
711900
919700
1127920
25600
234280
441840
649620
857800
1066569
1275460
173540
382400
590562
798460
1007520
1215720
113100
321240
529640
738320
946260
1153580
51300
258980
467600
675800
883620
1091360
1299640
223320
432300
639880
848500
1056880
1265260
162565
370820
579360
787920
996280
1203800
100000
307740
515480
723340
930680
1138600
35960
242580
449900
658080
865960
1074040
1282020
179060
386540
594540
802740
1010340
1217920
115720
323300
531380
739400
947400
1155100
52060
259980
467900
676800
884700
1092560
1303040
201400
409240
617220
825020
1033320
1180860
80060
287760
495640
703140
911200
1119680
17240
225340
434242
642517
851300
1060422
1269140
166440
373780
582100
789840
997960
1205200
102520
311940
520320
728520
937460
1145680
43360
251222
458580
667240
875600
1083900
1291960
189540
398000
606100
814040
1022100
1230040
128200
336160
544300
751840
959980
1168240
65780
274340
481900
689720
897720
1129040
27140
235520
444120
652111
860240
1068380
1276440
174040
381580
589760
798220
1006640
1214440
111700
319680
527980
736280
944980
1153120
50980
259160
467200
675140
883480
1091160
1299060
197780
405960
613320
821014
1028780
1236220
133820
340820
549040
757040
965200
1173760
71080
279540
487180
695220
903100
1111260
8600
217460
425740
633940
784740
994080
1202460
101020
309580
517720
726260
935200
1142840
41320
248900
457440
665660
874140
1082140
1290540
187500
395920
604600
813480
1021080
1228836
126820
335900
543860
752140
960500
1169260
67180
275460
483238
690500
898996
1106520
4380
212840
421820
631080
840180
1047840
1256200
154640
362800
571660
779520
988360
1197420
94360
303040
511020
743740
952300
1160900
58760
266740
475840
683780
892640
1100500
1309180
206940
415178
623340
831100
1039280
1247940
145120
354080
562402
771320
979880
1203920
102560
311280
519400
727800
936220
1144460
41260
249780
458620
667520
874900
1083460
1291940
189880
398640
606160
814460
1023320
1231640
129840
337440
546480
754620
962980
1171260
69680
277900
392700
603220
812560
1021660
1230900
128540
336840
545120
753440
962180
1171040
68328
276740
485020
693820
902360
1110800
8720
217160
424820
632940
840882
1050100
1258340
156380
366020
573900
783060
991640
1200040
97400
305400
513480
722280
930100
1138680
36540
244540
452380
660540
869380
1077500
1285820
182880
390980
598820
806840
1014780
1222640
120180
350480
559280
767540
975380
1183040
80471
289360
496980
705220
914140
1122480
20440
228322
436320
644620
853300
1062120
1271000
168678
376660
585140
793960
1003000
1210940
108580
317280
527420
737420
946040
1153920
50860
260500
468880
677660
885880
1094320
1302880
200200
409200
617200
825900
1034660
1242880
140420
348640
557180
764960
971580
1180240
1303260
202400
410738
619720
828380
1037000
1245100
142560
350580
559020
766920
975820
1184020
81320
289880
498880
706920
915180
1123420
20240
228580
436760
645240
854440
1063500
1271380
168700
377400
585260
793878
1002240
1210440
107160
315840
524040
732460
939400
1147980
46030
254320
461620
670120
878660
1086300
1294180
192500
400340
608060
815880
1023840
1255180
154280
362620
571240
779160
987680
1195718
92860
301040
509060
717440
925318
1133160
30240
239280
447180
654340
863100
1071280
1279620
176580
385140
593960
801940
1010580
1219140
117260
326360
534140
742920
951360
1160860
58270
266320
474940
682740
890740
1098940
1307440
204500
413040
621040
829220
1037320
1244640
156513
365440
573840
782880
907220
1117040
15700
224100
432980
640480
849940
1058420
1267540
165680
373760
581580
790380
999200
1207693
105315
313420
521720
730060
938020
1144840
42820
250340
457940
667180
875000
1082720
1290300
188020
395500
604580
812700
1020940
1229660
127980
336740
545400
754060
962100
1171020
68780
276840
485240
693560
901800
1110500
8620
217660
425500
633840
865500
1074080
1282700
179920
389320
598080
807600
1016420
1225580
122860
332280
541680
749660
957820
1166140
63880
271280
479600
688540
897340
1105150
3620
211640
420580
629280
837960
1046380
1254880
152500
360300
568300
777066
984980
1193240
90200
298800
507380
715640
922980
1131980
29200
238000
446580
655140
863800
1073260
1281320
180160
388460
506520
718300
926660
1135500
33760
243080
452700
660820
869180
1077880
96440
314380
529600
740880
952560
1161940
61020
269740
480460
689900
899300
1107700
5360
216060
425960
634840
842860
1051760
1263800
162160
371080
579477
787860
997520
1206060
103760
312220
520620
728380
941240
1150680
49020
280040
489580
697560
906500
1116920
13920
222200
430320
637978
846360
1054040
1261300
160140
368660
576880
784602
992200
1200480
97660
305480
513740
723080
931760
1140300
38560
245880
453820
662160
870680
1078400
1287220
186580
395400
603440
811780
1019830
1228860
126740
335000
542980
750780
959460
1168580
67060
275820
483860
691480
899540
1107380
5500
111720
322940
530860
738960
947240
1157720
55680
264040
471860
680160
888100
1095940
1303760
200980
409860
618400
825640
1033853
1241380
140820
349380
557440
766320
974380
1182560
79800
287840
496300
704760
912480
1121040
17780
225858
433000
641560
851880
1061060
1270380
167300
376800
585380
793398
1001280
1210220
107420
315280
522840
730220
938120
1146400
65740
273780
482320
693040
901680
1110940
8040
215860
424020
631780
839620
1047320
1254920
152962
361160
569420
778100
986300
1194400
92460
301520
508800
717060
927840
1136520
34440
242600
450200
658580
866640
1074840
1283740
181020
389300
597900
806240
1014440
1223240
120740
329640
537800
746920
954998
1163660
61280
272040
481000
688920
897820
1067760
1279400
178300
387220
596740
805700
1013580
1222160
120180
328540
537340
745280
954700
1162840
60020
268260
476400
685100
893500
1100580
1308160
205260
415380
623980
832440
1039880
1247840
145500
353180
561440
769660
978460
1187180
84880
293460
502700
710200
918300
1127080
24360
233160
440900
648440
856460
1064580
1272480
169380
377220
585760
813520
1025140
1233920
131320
340540
548740
756840
965000
1173400
71360
280220
487820
695660
903120
1111280
8940
217600
425440
634020
842320
1049880
1258880
155460
363900
571160
779280
987480
1196080
94440
302540
510320
718880
926802
1136460
35180
243540
453160
660860
869440
1077580
1285300
182060
389600
597020
804740
1012740
1221400
119200
327520
535840
745080
954960
1163140
61020
268300
476160
683240
891200
1099220
1307120
205080
413060
620320
828500
1036280
1244460
142180
350880
559100
769040
977460
1185600
83960
293140
501700
710660
918700
1127310
24980
233480
441540
649860
858400
1066280
1274580
171840
380660
588598
796334
1004758
1213060
110340
317922
526340
734300
942140
1149160
46080
254060
436140
646880
855500
1064680
1272120
170060
377860
586060
794000
1001120
1208720
107820
316700
524460
732340
939313
1148020
45800
254820
462680
670520
878720
1087260
1295080
192700
400320
608560
816750
1024900
1233160
130860
338680
545760
753940
961800
1171160
69020
277300
486260
694580
903100
1111180
8680
217260
425600
633420
842240
1050300
1258280
155360
385660
595000
804200
1012800
1221020
118420
327120
538420
747280
955200
1163760
60940
268818
477318
685200
892980
1101500
1309020
206080
414400
621780
829860
1038200
1246200
143680
351700
559500
767367
975300
1183900
81280
289040
496780
705280
913240
1121960
19580
227740
435842
643780
850940
1059480
1267580
165160
373540
581140
789520
997540
1206220
39680
249980
458520
667040
876200
1085660
1295100
193520
402400
613540
822780
1031760
1240100
138680
346920
554860
763140
971740
1179960
77320
284920
493260
701122
908800
1116540
13460
221720
430400
637400
845620
1053940
1262180
159520
367500
575300
783120
991140
1199160
96860
304660
512820
721260
929580
1137700
34660
243560
451960
660900
868900
1077180
1305000
205020
413860
621580
830020
1037740
1246560
144640
352285
560000
767880
976140
1184026
81840
289860
498080
706060
916160
1124040
22940
232160
440700
649100
857400
1066360
1275500
173480
382260
590960
798620
1007000
1214740
112360
320760
528781
737360
945202
1153660
52000
260260
469220
677300
885640
1093200
1301080
199300
407000
615020
823200
956860
1167080
66400
274700
483600
693081
901600
1110380
8340
217180
425240
633540
841860
1049380
1257413
155840
364140
572580
779880
988620
1196420
94180
302440
511280
719880
928020
1135820
33000
240560
448480
656960
864540
1072500
1283460
181100
390900
599600
807420
1014860
1224240
121360
330080
538596
746460
955460
1163760
61260
268780
477720
686320
920960
1129900
27380
236060
444560
653000
861700
1070440
1278720
176680
384780
592820
800960
1008980
1217440
115080
323400
532560
741040
949040
1156760
53880
262100
469760
678220
886460
1095780
1304300
202640
410360
617980
826380
1034260
1242160
139080
347760
556180
765440
974400
1182960
80600
289080
497100
706040
913860
1122240
20920
229740
438380
562260
773080
981560
1190440
88380
296340
504340
712480
922040
1131200
28840
237020
445040
653320
861560
1069980
1279620
177440
385560
594540
802560
1011740
1219760
116960
325360
532600
741220
950700
1158200
56300
264340
471780
679780
888320
1096940
1305320
202820
410460
617740
826720
1035500
1243500
140820
348260
555880
763660
972480
1180060
76920
285460
516740
726160
933800
1141780
39460
247700
456520
664040
871980
1079880
1287320
183860
391820
599434
806540
1014260
1222420
120260
328373
536800
744920
953680
1161120
58480
266540
475080
684240
892300
1100160
1307440
204640
412760
621400
830240
1038200
1245500
142100
350260
557400
765340
975980
1184320
83260
291440
499820
708440
916620
1123540
21780
167020
376740
585400
794420
1002060
1210500
108760
317300
525520
733240
941160
1149420
47200
255600
464540
672620
881140
1090000
1298760
197100
405080
613940
821600
1029240
1237320
134620
342360
550514
758180
966080
1173442
70520
278960
487380
695800
903880
1111880
10220
218360
425800
634820
843460
1052260
1259740
157780
366340
573880
781920
989700
1197060
116360
325060
533800
742480
950560
1159440
56300
264240
472320
680500
888080
1096220
1304000
201360
409200
617580
825460
1033020
1242005
140020
348520
556997
765520
974460
1182560
79060
286880
494780
702180
909720
1118240
15720
223640
431900
641660
849540
1057360
1265200
162300
370920
578560
786700
994780
1201560
98940
306980
515040
723240
931980
1081120
1290960
188920
396880
605520
813200
1021100
1230020
127480
335260
543718
752138
959380
1166940
64960
273480
481880
689480
897500
1106840
4260
212140
420260
628600
837332
1045940
1254440
152080
360520
568120
777180
985340
1193380
90962
298800
507460
715420
923860
1131740
29500
237240
444100
652160
860040
1068240
1276300
173560
381772
589780
798520
1029960
1239500
137700
346340
555620
763560
972760
1181560
80180
288260
496700
704580
912280
1120938
18080
226278
435320
642320
850440
1058420
1267374
165320
373080
581120
789520
997480
1205960
103020
310420
518775
726300
934440
1142020
39160
247160
455000
662780
870500
1078280
1285560
185460
394180
602620
810680
1018960
1227360
125820
334760
542569
684600
894820
1103680
2440
211680
419620
627935
837040
1046000
1254580
152160
361060
568880
777680
986620
1195480
93640
301540
508680
717220
925540
1133500
30720
238900
447310
655260
864100
1072720
1281380
178460
386980
595220
803920
1012260
1220180
117680
326200
533860
741760
949500
1156680
53940
261640
469740
677900
886240
1094280
1302020
200100
407958
638780
847640
1054880
1263500
160660
368680
577120
784800
992800
1201440
99360
306700
513860
722000
930280
1138460
36000
243240
451040
658980
867380
1076080
1283700
180960
388660
596740
804380
1012100
1220080
117460
325660
533760
740260
947580
1155720
52140
260200
468080
676040
883732
1091480
1299740
196940
405220
613060
821160
1029300
1237920
134700
288700
499300
708280
917300
1125380
22980
230560
438900
646820
857000
1065480
1273220
170640
378300
586200
795220
1003180
1210220
107380
315880
524020
732540
940460
1148620
45440
253261
461100
668620
876280
1084160
1292260
190240
397460
605640
813860
1021998
1230160
128580
336480
544030
751360
959880
1167940
65900
274820
483300
691300
899100
1107360
4740
237500
447400
656080
864760
1073020
1280680
178800
386900
595240
804100
1012940
1221560
118980
326340
534840
743420
951114
1159400
56980
265140
473000
682080
890780
1098720
1307820
204340
412540
621180
830000
1038375
1247060
144860
353100
561480
769860
979120
1187560
84780
292720
500340
708560
917020
1124880
22180
230160
438580
646520
854380
1063700
1204480
104180
313120
522040
730300
939100
1147320
45140
253500
461080
669160
877460
1086360
1294960
192800
401740
610440
818680
1027380
1235040
133500
342240
550420
759420
968060
687500
906220
1121220
20920
232460
441680
650500
859520
1070800
1280660
178720
387780
596580
806880
1014920
1223180
120460
328480
538640
747040
977580
1188460
87440
298600
506440
713840
921820
1130700
27860
241220
450380
659280
867318
1075900
1283600
181580
391720
600040
808300
1016720
1225720
123560
331320
539360
749980
959060
1167958
65740
275180
484180
692460
901120
1109560
9680
218800
427780
635900
844340
1052820
1260840
157620
365620
574300
785780
994420
1203220
101540
309500
517740
725840
1086880
1300420
199780
409380
620680
830500
1039100
1248740
146760
355420
564520
773500
982220
1213320
115640
326140
535140
746820
955680
1164960
63420
273240
482400
690580
899420
1108020
5960
215300
424240
633238
842420
1052300
1260640
159100
367042
575080
783398
991440
1199280
95980
304340
512680
721380
930140
1138000
36440
244600
454960
609300
819020
1026720
1234820
132980
341980
550100
758260
967120
1175476
73020
281220
489400
698460
906600
1114920
11840
221460
430440
638580
846220
1054280
1262800
160460
368820
577520
784820
993420
1201780
99420
308140
516600
725080
932940
1140720
38220
246260
456700
665800
874040
1081460
1289380
186160
393560
601180
809300
1017540
1224840
121760
330520
561700
771720
980660
1190175
86720
294880
502880
711460
920500
1131840
29560
237940
445340
653364
860960
1068460
1277040
173660
381940
590540
799140
1009020
1216060
113880
322480
530960
739940
948060
1155880
53660
262200
470820
678680
886660
1095800
1305880
203100
411340
619280
827860
1035160
1243440
140980
350400
558740
766820
975080
1184500
81820
214180
424580
633220
841300
1050660
1260060
157260
365260
573560
781260
988640
1196540
94180
302318
513140
722260
930996
1139080
36280
244720
452840
661580
869620
1077980
1287260
185180
393540
601800
809620
1017500
1225860
123400
331480
538900
746440
954780
1162320
59380
266940
475460
684120
892520
1100880
1308740
205922
414020
623860
832340
1040500
1248460
174940
383640
592640
800660
1008660
1216600
114940
321860
529640
736880
943680
1152120
49780
258288
466440
674415
882160
1090120
1298540
195960
403940
611620
819160
1026660
1234480
132160
340680
548660
756480
965316
1172438
69540
279800
487860
695820
903200
1111440
9000
216600
424440
632740
841520
1049560
1257340
154760
362960
571040
779160
986420
1169420
72100
282080
491480
700760
909040
1117220
15000
223200
431800
639540
848240
1056700
1264940
162360
371980
581320
789580
997340
1205980
103720
312480
521040
729960
941060
1150080
48500
257980
467400
676500
884920
1093580
1301660
199230
407080
616060
824120
1032600
1240620
137520
346160
553980
763040
970700
1179020
77200
285900
493898
703220
924300
1133120
30740
239280
448440
656600
865660
1074612
1282040
179700
388040
596080
803400
1011280
1219960
117920
325980
533440
741700
949780
1157960
57400
266580
475820
684240
891940
1100280
1308980
206660
414200
622440
829720
1037380
1244820
142600
351178
559580
768300
976882
1185280
82560
291140
499480
707060
915000
1123540
21380
230440
437700
645420
877440
1086380
1294580
191680
398860
606640
813740
1021920
1230120
127980
336180
544040
752320
960160
1167660
65540
272960
481020
688480
896300
1105202
2580
212380
420740
628951
836540
1044840
1253600
150840
358760
567240
774960
982960
1192040
89560
298080
507280
715780
923720
1132500
29640
237640
445820
654640
862500
1070340
1278620
176020
384220
539300
749940
958880
1167420
65180
273200
481600
690860
898880
1106840
4220
211660
419820
627240
835220
1043520
1251398
148802
356700
564860
772180
979980
1188620
85720
294140
501740
709340
917420
1126020
23680
231200
440880
648660
856640
1065240
1272180
170560
378940
586860
794880
1002900
1209660
106640
315280
522918
730500
937840
1146580
43880
252900
483020
692760
901080
1109660
7717
216740
424660
633720
841780
1050000
1258360
155849
365240
573780
782000
990800
1199020
96580
305580
514200
722360
931040
1139220
37000
245060
453940
662120
870340
1078100
1285840
183360
391780
599980
807680
1015660
1223480
119920
328600
537040
745280
953760
1162720
60800
269100
477580
686000
896920
1105200
3540
145580
356280
565560
774380
983420
1191540
89120
297540
505180
713040
921260
1129360
26760
235480
443420
652700
860440
1068120
1275700
173760
381980
590340
799060
1006820
1215860
113160
321050
529840
738510
946860
1155360
52200
260480
468921
677120
886100
1095080
1304220
202640
410880
619560
828940
1037180
1245900
143420
352040
560200
768280
976490
1184480
103000
312460
522020
730820
939800
1148160
45260
253100
461760
669980
878780
1087680
1296640
194277
402500
610340
819020
1028420
1236920
134860
342860
553420
762324
970900
1178660
75720
284080
492040
700760
908560
1116980
14620
223300
430740
638760
846560
1054760
1262820
160440
368300
576220
785120
992960
1202460
99460
308360
517160
725500
933820
1060980
1272560
170818
379760
589120
796997
1005660
1214620
112340
320420
528520
736620
944760
1152840
49860
258280
466040
674080
881820
1089980
1298140
195798
404700
612560
821140
1029720
1238060
135500
343940
552040
758820
966860
1174100
72480
281300
489580
698080
906600
1114720
11540
219600
427877
635780
843620
1052900
1260620
158040
366200
574140
782740
1013058
1222660
120560
328660
539260
748440
956198
1164240
62140
270800
478800
686270
894640
1102940
540
209000
416340
623900
831420
1039464
1247140
144420
352800
561180
769720
977700
1186280
83360
291495
499640
708060
915840
1123780
21140
228740
437260
644642
852780
1061080
1269080
166380
374560
582920
790480
998620
1206620
103020
310720
518800
666300
876520
1085260
1293480
190620
399280
607160
815220
1023380
1231360
129320
337740
546420
754600
963020
1171620
70220
277900
485880
693980
901960
1109640
7280
214880
423060
630580
839160
1047620
1256080
153540
360800
569920
778100
986120
1194580
92220
300960
509920
718780
926400
1134480
32020
239800
447880
655700
863880
1072540
1281040
180700
388960
619380
828460
1036400
1244720
142540
351120
560540
769100
977320
1185220
83280
291100
499686
708240
916420
1124560
22380
230020
437940
646080
854020
1061500
1269380
166440
374600
582100
790200
997760
1205780
102780
310340
518020
726160
934020
1141720
37980
246356
453740
661780
869200
1076960
1284040
181840
389600
597236
805800
1013940
1221780
119620
268700
478700
686940
895480
1104740
2400
210740
419360
627400
835940
1043740
1252660
151340
359440
567220
776082
984040
1192400
89380
297740
505140
713400
921260
1129660
27500
236460
444924
652600
860960
1070060
1278620
177060
385260
593180
801500
1010240
1218040
115640
323620
531760
740400
948920
1157260
55480
263180
471760
680740
888760
1097520
1305660
225440
434960
643400
851860
1062660
1270720
167540
374880
582520
790934
997980
1205720
102860
310800
518780
726400
934640
1142680
39980
247880
456960
665720
873660
1081560
1290220
187762
395700
603400
810340
1019000
1227300
125140
333120
541400
749200
956280
1164660
61740
269927
478060
686620
894540
1102600
300
209400
417440
625160
833120
1041580
1185240
84660
293940
502580
710860
919100
1127620
26160
235100
444080
652209
860680
1068380
1276540
174240
382200
590800
799300
1007640
1216040
113440
322160
530240
738840
945820
1153540
50620
258520
466340
675680
883700
1091940
1300440
197900
405820
613200
821740
1030180
1239420
136758
345540
552640
761420
969340
1177640
74900
282960
490380
698800
906880
1137300
35620
244020
453000
661280
869400
1077220
1285140
182800
391280
600040
808660
1017060
1225380
123060
331080
538540
746240
954100
1162080
59800
268660
479600
688320
896660
1105200
2800
211040
420140
628640
836920
1045180
1252780
150380
358460
566180
774962
983300
1190960
88620
296760
504720
713440
920840
1129100
26360
234213
442200
650780
789820
1000880
1209340
107840
316300
524780
733560
942760
1151180
49720
258120
466800
675500
884560
1093280
1301720
198920
407200
615560
823620
1031600
1240240
138960
347780
557140
764960
972700
1181260
78480
286060
495160
703660
911580
1120980
19480
228480
437460
645720
853260
1061000
1268860
167080
375740
584860
793860
1002780
1211180
108240
317320
526080
1017440
1230500
129660
338920
548580
757100
966120
1175274
74480
283560
493040
702620
911520
1120598
18320
226880
435700
644500
853200
1061540
1269620
167796
376320
585000
793120
1001160
1209280
107040
315800
524340
732280
940380
1148380
45740
253740
460940
668860
877320
1084780
820180
1036040
1249780
149580
383940
594640
803445
1011640
1222160
120520
328740
536920
744760
954800
1162980
60940
269240
477100
687380
895820
1104200
1780
211040
421280
629820
838440
1045880
1253100
149700
362200
570560
778080
986280
1194260
91680
299920
511140
719960
929020
1137120
35140
243060
451560
659940
870040
1077920
1286720
184380
393060
601600
809980
1017960
1225760
126280
361140
570700
780060
988120
1195340
92060
299780
508358
716340
927160
1135640
32280
240960
449220
656980
865600
1074120
1282278
178960
388200
599220
807580
1015955
1224340
122000
330700
539280
748360
956540
1164920
62560
270500
478620
689900
898720
1106820
4820
212720
420940
630300
838860
1047220
1256000
153100
361362
569200
777600
988080
1196940
2640
212680
421140
629360
837400
1046360
1255160
153200
361360
569720
779060
987120
1195920
93160
302738
510900
718340
927160
1135320
33420
241700
450420
658460
867320
1075520
1283680
181420
389600
598160
806360
1014220
1221560
121360
329080
536500
745100
953300
1161860
59740
268040
476140
683660
891920
1100565
1308660
206820
415460
623240
831160
1039200
1270580
170260
380820
589280
796980
1006320
1214660
113380
321460
529844
738460
947000
1155040
52680
261140
469840
678280
886880
1095060
1303240
201060
408640
616740
825420
1036300
1244940
142300
350120
558140
766900
974720
1183120
81260
290160
497680
706720
914960
1124060
21780
229300
437260
646040
853620
1061740
1269320
167560
375060
583260
791640
917640
1129840
28160
235980
444000
653040
860750
1068760
1277340
175300
384380
591080
798900
1006120
1214400
112760
320780
528860
736855
944240
1152160
49840
257020
465100
673040
881060
1088560
1296640
194740
405380
613780
822320
1030880
1239380
136560
344500
553060
760980
969558
1177020
74020
281880
489680
697474
905080
1112620
9680
216940
423760
630780
858160
1069780
1278880
176100
383920
592280
800380
1008480
1215700
113120
321100
531734
739960
949200
1157160
55220
264360
472440
680080
887760
1096580
1305340
204620
413600
621800
830380
1038980
1246840
143880
351700
560200
768240
976840
1185680
83248
290980
498695
707280
915020
1123600
21360
228780
436200
644320
852080
1060180
1268520
169000
377400
524640
734420
943560
1152680
50000
258340
467140
675220
883540
1091820
1299040
196880
404800
612840
821580
1028940
1237240
134360
342320
550260
757920
966560
1174460
72240
280560
489020
697280
905060
1112860
10780
219520
427460
635700
844220
1052660
1261360
158560
366880
575380
785660
994600
1202620
99640
307380
515420
722740
930960
1138000
36140
244560
472980
682480
891000
1099460
1307940
205680
413820
622700
831600
1040440
1248500
145560
353780
562720
770560
978660
1186340
82900
290260
498320
707200
916000
1124260
22260
229560
438208
647120
855320
1063060
1271700
169080
376600
585189
792700
1002000
1212480
110060
318720
527600
735780
944420
1152900
50200
257960
465980
673640
882080
1090560
1298180
129520
340180
548920
757320
965220
1172573
70560
278540
486840
695140
902840
1111300
8400
216642
424980
633500
841620
1049500
1257020
154620
363420
572100
780180
988440
1196922
94800
302900
511280
721400
929960
1138060
35460
243600
451320
659440
868060
1075860
1287260
185560
393760
602180
810260
1019360
1227558
124740
333078
541620
750100
958540
1167020
133580
344780
554460
764140
972020
1180900
78245
286100
495300
703760
911920
1120240
18080
225920
434460
642720
852080
1061140
1268998
166500
374160
581880
789740
997855
1206540
103960
312560
520720
729420
936840
1144080
41580
249620
458280
666420
874820
1082780
1289740
187180
395460
604040
813220
1021200
1230620
127860
337860
546400
754660
962980
1198260
97040
305220
513520
721960
929956
1137720
34740
242840
451420
659640
867660
1075640
1283860
182080
391320
599120
807780
1015580
1224229
121920
329920
537880
746417
954740
1163100
61280
269300
478020
686480
894600
1102640
300
208660
416920
625340
833380
1041440
1249740
147040
355440
563380
772060
980760
1189320
87060
295560
504200
712860
851920
1062620
1271660
169920
377640
586360
794620
1003220
1211100
108500
317080
525540
736260
945040
1153600
51320
259260
467080
675280
884140
1093200
1301720
199400
407607
616260
824560
1032860
1241340
139477
348060
557260
765600
974020
1182820
80896
289520
497440
706140
915460
1124780
22940
231620
439240
648200
856440
1065400
1273960
172120
380720
588740
820460
1029900
1237920
135680
343000
550800
759440
967940
1176280
73980
282220
490100
698160
905760
1113920
12180
220480
428800
637000
846020
1054220
1262000
159380
367420
576020
783740
992220
1200240
97760
306400
513720
721820
929860
1139560
37080
244800
455300
663940
872080
1080720
1289340
186480
394420
602580
811440
1019340
1228165
126240
334820
457236
668400
876820
1085980
1295140
193100
401807
609900
818360
1026280
1234340
132120
340800
549540
758020
965640
1174300
72100
281040
489040
697540
906480
1114440
12220
220640
428760
636900
845300
1053960
1263380
161820
369720
577500
785460
993840
1201500
98600
306500
514080
722000
930800
1138280
35060
243360
451020
658460
866360
1074520
1282660
179720
410280
619480
827820
1035960
1243940
140940
349660
557360
766920
976080
1184860
82760
292300
501500
709400
918060
1126300
23140
230920
441960
650340
859120
1067340
1275680
173506
382420
590660
798820
1006920
1215640
112620
320400
527920
735398
943740
1152575
51000
259040
467640
675960
884040
1092200
1300120
196820
404580
612600
820640
1028940
1237280
60020
269920
478400
686420
894620
1103520
918
208880
416200
624560
833000
1040960
1248920
146700
354480
562540
770740
980240
1188200
85980
293620
501600
709602
918160
1125960
23260
230484
438480
647540
855020
1063460
1271480
168600
376700
585600
793700
1002020
1210080
108100
317000
525200
733420
942800
1151700
49860
258160
466560
674180
881740
1090240
12580
221740
430780
639100
847840
1056220
1264906
161400
370300
578800
786780
994900
1203700
103800
312440
520340
728960
938160
1146920
44880
252140
459880
667580
875860
1084540
1292140
190100
398260
607200
815500
1023780
1231920
129620
338040
545240
753200
960820
1168700
66100
274420
482600
689700
897140
1106420
3540
211600
420180
627500
835700
979040
1188820
86800
295300
504220
712460
920700
1130260
28180
236020
443640
652160
860920
1068600
1276340
173260
380920
589100
797400
1005500
1213980
110680
318240
526400
734820
943500
1150540
47600
254880
464060
671160
878820
1086400
1294500
191840
399180
607280
814700
1022400
1229720
127080
334460
542260
750120
958340
1166400
65260
273480
482020
690240
920240
1129900
28100
236860
444420
653060
861020
1068720
1276640
173860
381980
590280
798160
1007040
1215340
112640
320300
528980
736940
946860
1155754
53060
261800
469900
677840
886220
1094580
1302420
199440
407740
615360
823380
1030400
1237200
134080
343282
550800
759000
967260
1174680
72160
280240
488840
697380
904900
1113660
11020
218920
427940
584380
793860
1001780
1209460
107180
315540
523138
731160
939600
1147414
44720
252120
460860
668860
877500
1085440
1293680
190340
398720
606860
815220
1023200
1231360
128740
337480
546580
754860
962940
1170960
68100
275780
483780
691914
900420
1108680
5960
214140
422980
631740
840040
1048240
1255740
153240
361460
570036
778560
987180
1195980
93620
301580
532380
741880
951140
1158520
55760
265156
473060
681280
889380
1097100
1306240
203920
411780
620480
829100
1037100
1245080
142180
350560
559160
767260
975780
1184620
82360
290340
498220
706260
915100
1123140
20680
228640
436860
645400
854340
1062540
1271060
168160
379100
588580
797080
1006420
1215040
112540
320020
528680
736520
944540
1153620
51540
190320
400940
609680
817520
1027000
1235260
132820
341220
548400
756340
964100
1171940
69680
278160
487240
696100
904640
1112740
10100
218080
425940
634940
843660
1052520
1260400
157260
365580
574460
783220
991280
1199700
96640
303960
511740
719980
927740
1135560
33080
240560
448220
656080
864760
1072760
1280840
178100
387300
595360
802500
1010400
1218840
140140
349300
557980
766100
974580
1182900
81140
289400
497288
704900
913400
1121980
21100
229000
437220
645260
853520
1061940
1270340
167880
376160
584540
793180
1001060
1209680
106720
315020
522920
732020
939960
1148140
45760
254500
462860
671260
880180
1089380
1297244
194740
403160
610360
817898
1026140
1234760
132980
341340
550080
759340
967880
1106240
6120
214800
423560
103380
318080
530780
740700
950520
1160020
58560
267640
477480
686360
895040
1103200
960
211600
421000
629940
838500
1047260
1258340
156340
364860
573540
782300
993000
1201540
99160
307640
516527
726080
938320
1147200
45280
253720
462480
671380
879920
1091160
1300180
197100
406240
614300
823160
1056320
1265140
164941
373300
582160
790260
998340
1206500
104060
312840
521400
731780
940520
1149300
46660
253940
461360
670560
877240
1085740
1294200
194080
402720
611040
819760
1027880
1235620
133020
341720
549880
757180
965040
1176560
75060
283440
491800
700100
908215
1115840
13300
221640
429980
639120
847580
1055480
1265740
164030
372940
581140
709120
918980
1128260
25580
233300
441520
650080
858820
1067200
1275260
175000
383840
591160
799636
1008320
1216640
114680
322380
531160
739460
948180
1156840
55200
263560
472220
679880
890720
1098980
1306220
203120
410960
619080
827620
1036200
1244020
141020
349800
557900
766680
975540
1183720
80740
288380
496000
706020
914380
1122380
19960
228960
437360
668500
877060
1086140
1295060
192160
399857
607860
816440
1024658
1233040
131244
340080
547740
756031
966120
1175560
72440
281100
489240
696791
905280
1112880
11140
218900
427440
635640
843940
1052020
1260920
157820
366420
574080
782480
990660
1198860
96420
306560
515600
723520
931660
1140560
37840
245780
453520
661420
869560
1078040
1286320
184000
312660
523180
732420
940359
1148480
47220
256200
464800
672700
881120
1089760
1297840
195120
405080
613360
821940
1030120
1238420
136440
344960
553100
761400
970180
1179340
76320
283380
491500
700420
908120
1116540
14034
223680
431660
640660
848780
1057060
1265640
162480
370560
579220
787780
998120
1206540
103680
312260
520720
729000
936800
1144800
41440
271960
481440
689400
897740
1106440
4720
212460
421240
629860
838360
1045720
1254540
151560
360020
567800
775500
983640
1192180
90340
298780
507260
714940
922720
1132960
31360
240140
448620
657300
865540
1073900
1282860
180980
389080
597720
805400
1014200
1222180
119720
327980
536100
744320
952860
1160860
58200
267520
475700
684240
893140
1101680
1227340
127520
337180
545660
753640
962880
1171740
69020
277500
485320
695860
904580
1113400
10900
219680
427240
634900
843120
1050820
1258920
156920
364740
573340
783000
991340
1199680
97980
306940
516140
725160
933640
1142100
38920
247720
456420
664400
873280
1080760
1288760
185680
393520
602080
810080
1019000
1227040
124620
332420
539800
748280
957260
1188740
88600
296900
505960
714560
923480
1131860
29220
237020
445280
652520
860740
1069220
1277080
175680
384040
591800
800300
1009460
1218560
115560
323820
532240
739880
947900
1156840
54320
261680
470260
678580
887640
1096200
1304100
201980
410420
618120
825920
1034560
1242980
140600
349780
558620
765720
974320
1182480
80100
287940
498500
707640
829680
1040200
1249500
146780
354940
563100
771180
979260
1187460
85260
293880
502060
710480
918900
1127340
25960
234820
443080
651340
859940
1067840
1276320
173360
380880
588880
796860
1004800
1213720
112220
320540
528600
736160
944966
1153560
51000
259480
467560
675900
884358
1092620
1301500
199880
407780
616200
825060
1033760
1242900
140860
349100
559080
790920
1000080
1208620
106060
314640
523140
731380
940240
1148860
46300
254220
462100
670380
879260
1087140
1295360
192780
401100
609400
818240
1027540
1237040
135380
343920
553540
761500
969460
1178560
76980
285300
494280
702460
910720
1118440
16580
224720
433180
641440
849820
1058080
1266340
163501
372780
581688
790045
997800
1206160
103620
311960
434900
645780
855300
1063800
1272620
169380
377280
585920
796220
1003700
1211440
109420
317780
526340
733880
942160
1150280
47800
256480
464820
673140
881540
1090340
1298565
195920
403840
612260
820500
1028800
1237240
135420
343900
552609
760860
969180
1176940
74300
282840
491320
699220
907060
1114580
11960
220140
428080
636460
845480
1054460
1262420
160060
391220
599820
808140
1015960
1224660
122460
331020
539120
748400
956920
1164760
61780
270220
478400
686220
893980
1102840
1860
210034
417800
626040
835100
1043620
1254680
153000
361860
570940
779160
986960
1195080
92780
301940
511682
719300
927620
1136480
34780
243140
451340
659494
868080
1076118
1284260
181940
390620
598740
807560
1016540
1224620
73240
286125
496840
707040
915860
1124780
22860
231860
440500
649678
858220
1066480
1275300
174040
382880
592460
800860
1010360
1218960
116740
324900
533480
741680
950300
1159700
57620
265520
475400
684180
892520
1100166
1308100
205980
414180
622400
830560
1039200
1248180
146440
353840
561980
770480
979020
1186240
83980
292660
501180
709000
919840
1140940
40700
248838
457640
666320
874160
1082920
1291240
188820
396460
604400
811980
1020320
1228400
126040
334015
541520
749840
957560
1165398
63300
271740
479820
688000
896420
1105160
2980
211300
418500
626220
834880
1043340
1250940
148400
356720
564940
772860
981460
1189620
87580
296160
504280
712180
919820
1127540
24680
232760
440453
649020
857500
1090940
1301480
199140
407920
616300
824117
1032700
1241000
137940
346340
553640
761398
968920
1177220
74420
282440
490700
698640
906560
1114780
11040
218740
427940
636640
844524
1052880
1260374
157060
365260
573580
781420
992300
1200700
98420
305880
514460
722620
930660
1138860
36300
244620
452460
660840
868980
1077180
1284880
182900
391020
598800
753840
963860
1172560
70460
278700
486220
694660
903120
1111160
8320
216020
424245
632700
841020
1048720
1255740
153800
361460
569540
777740
985980
1193800
91580
299978
507920
715820
923300
1130720
28860
236720
445140
652760
860480
1068520
1277360
175040
383780
592000
800760
1008420
1217640
114780
323440
531960
740660
948220
1156880
55360
264300
473200
704140
913000
1121080
18820
227180
434940
642700
850620
1059380
1268360
166360
374860
583860
792440
1000916
1209120
106940
315260
524080
731880
939320
1147560
44880
253500
461380
671600
879680
1087100
1294940
193620
401340
609760
817740
1026720
1235680
133800
342300
550500
759020
966740
1175400
72680
281140
489900
698460
907220
1115680
13340
221740
358580
569520
777700
985940
1192920
89880
298440
506520
713720
922200
1130240
27280
235360
442920
651240
859100
1066600
1274440
171520
379680
588840
797540
1005560
1214880
113420
322160
530600
739220
948242
1156660
54280
262600
470640
679100
887800
1096160
1305100
201720
409700
618020
825900
1033560
1241220
139140
347980
556430
764020
972140
1180800
77580
307020
517760
726080
933820
1142160
40180
248560
456420
665160
873040
1080800
1288520
186440
394380
602060
810015
1018040
1226480
124160
332520
541400
749460
958980
1167260
65146
273380
481620
689620
897260
1105160
2120
211860
419620
627800
835440
1043620
1251360
149040
357800
564918
772240
980060
1187700
85680
292840
500598
708860
917040
1124960
1273200
172600
381540
590580
799880
1007240
1215240
112500
320280
527420
735320
943940
1152400
49920
257980
466540
673800
882380
1091140
1298860
196940
403760
611640
820000
1028440
1236540
134800
342800
552200
760280
969940
1178920
76120
283560
491480
699720
907540
1116120
12940
221100
429500
637620
846380
1053860
1262740
160300
367760
575440
783580
991958
1222360
120460
328420
536358
745440
953080
1161980
59840
266980
475720
683760
891220
1098440
1307220
203560
411880
620120
829220
1037580
1245700
143000
350900
558380
766380
974280
1181700
79300
287020
495420
703720
912200
1120120
17440
224840
432960
641460
848880
1056420
1264340
161400
369480
577660
785700
993880
1202120
99260
307300
515200
723320
877202
1087740
1295780
193560
401700
609920
817360
1025940
1233960
131600
339280
547340
755840
962960
1170880
68020
276560
483960
692640
900820
1109780
7040
214080
421480
629160
836740
1045240
1253480
150180
358180
566000
773840
981620
1190355
87760
295600
504340
712420
920040
1128660
26800
235500
442880
651160
858580
1066760
1274920
172740
380820
589140
818880
1027840
1236000
133120
341200
549420
758460
966340
1174080
72280
280940
489180
697700
905860
1114160
11780
220280
428256
636962
845320
1054160
1263520
161420
369040
577740
785940
994000
1202360
100020
308120
516880
725240
933220
1141560
38820
248240
456180
663520
872240
1079880
1288020
185840
393900
601600
810040
1018040
1226040
122980
332400
481480
690960
900100
1108380
5380
213840
421682
629600
838040
1045540
1254040
152040
359880
567420
775680
984000
657360
873380
1086020
1296020
196138
406560
615060
823460
1032500
1241620
139340
347120
554800
765240
973640
1181640
79320
286940
497620
706391
916020
1124500
22300
232020
441220
649688
857960
1066480
1275280
176900
274780
484560
693638
902300
1110660
8460
219120
427560
635980
845000
1053240
1261720
159000
367300
578000
786400
994560
1202680
99440
307600
516080
723920
931900
1142060
39720
247860
456560
665680
874060
1082180
1291020
188480
396960
607900
816320
1024960
1234360
131900
340320
547580
756320
964980
1172680
69660
279980
487940
696820
905500
1113180
11280
244560
454040
662360
871860
1080780
1289060
186760
397120
605600
813960
1022880
1232240
129160
338000
546200
755280
964340
1173200
70880
278967
487540
698620
907100
1116020
13080
221940
430600
638140
846960
1055880
1263200
160820
368320
576460
784640
991800
1199922
99580
307360
515840
724200
932540
1142340
39760
247640
455200
663780
871620
1079540
1199460
99980
308280
517480
725920
933540
1145160
42980
251080
458700
667220
875580
1084860
1294120
192060
401040
610020
817820
1025940
1234400
132200
340840
549080
757700
966000
1174400
73980
282760
490700
698780
907100
1115000
13540
222360
430560
638460
845760
1053720
1261800
159140
367280
575220
784020
991960
1200480
98758
306980
515840
726080
934140
1167480
65300
273680
481560
690120
897940
1106260
4160
213320
421340
629180
837580
1046840
1255060
152520
360560
568180
776180
984660
1192800
90680
299100
507556
715120
924880
1133860
31380
239560
447060
654720
862280
1070300
1279040
175580
383800
590900
799098
1006700
1214760
113020
321033
528740
736460
944560
1152580
49980
258360
466662
674220
804220
1014880
1224620
124640
334400
543280
751100
958220
1167560
64640
272040
480880
689280
897441
1105360
2800
211180
419160
627540
835600
1043820
1251900
149420
357380
565880
773760
981740
1189860
87040
295320
502620
709480
917340
1124560
20940
230820
439000
648120
855620
1064120
1271800
168500
376380
583820
792120
1000320
1208320
104900
312660
521160
753180
962160
1170220
67560
275620
484420
692126
899920
1107960
5560
213440
421200
628340
837280
1045020
1252620
149700
358120
566020
773858
981300
1191360
89260
297640
505640
713820
921558
1129020
26000
233480
440840
648160
855760
1064700
1273000
170100
378520
586900
794680
1002480
1210720
107720
316000
523740
731800
940340
1148760
45798
254140
409220
620220
828742
1037620
1246400
143520
352460
560800
769780
977840
1186260
83640
292220
501998
710420
919240
1127900
25020
232800
441740
649400
857120
1065520
1272820
170080
377800
586160
793820
1001720
1210260
107520
315300
523220
731020
939440
1147740
45240
253680
461760
669880
877620
1085780
1293600
190920
398700
607220
815560
1023980
1231720
128720
360440
569220
777120
985580
1193600
90840
298420
506580
713880
924100
1131800
27840
235480
443200
651360
859080
1067120
1275700
173380
380920
588180
795920
1003820
1212120
109700
317620
525460
733880
942220
1149780
47420
255260
464060
671680
880480
1088660
1296880
194220
401920
609400
817540
1025080
1232920
129940
337620
546082
754080
962440
1170860
13260
223680
431980
640160
848660
1056500
1264780
162060
370640
578200
785840
995780
1204280
101120
308920
517000
724780
933100
1141660
40580
248800
456960
664760
872720
1080500
1288680
185920
393200
601580
809660
1018120
1226720
125420
332120
539920
748560
956940
1165620
62660
271080
479660
687600
895320
1103480
720
208540
416540
625240
833440
1041240
1272260
169820
378000
586200
794920
1003260
1211100
108100
316060
524080
732600
940420
1148840
46060
254300
462740
670200
877300
1084654
1294180
192078
400760
609560
817840
1026780
1235076
133120
341980
549560
756900
964260
1171520
68520
275680
482860
690917
899140
1107720
4540
212740
420960
628240
836680
1044300
1252360
149580
357140
565560
773580
926560
1137960
36260
244600
452700
660120
868640
1076346
1283700
180960
389100
597440
805220
1013080
1220420
117080
325140
533720
741620
949180
1157040
54540
262280
470940
679380
887200
1095680
1304100
200780
408460
616680
824980
1032240
1240260
137160
347420
555580
763480
971800
1180140
77400
285360
492940
700460
908738
1115680
12240
220020
427900
635760
863560
1073660
1282160
180020
387740
595960
804280
1012260
1221220
118360
326600
534180
741900
949920
1158380
56260
265084
473040
681880
890100
1098040
1306400
203780
411480
619720
828240
1037320
1246800
143900
351300
559500
768007
976980
1184720
82200
290360
498320
706220
913940
1122020
20220
228760
436920
645100
853042
1061280
1269360
166540
374700
533922
743840
951880
1159380
57580
265600
474280
681740
889380
1096660
1307120
204758
413200
621040
829000
1037100
1244080
141580
350240
558480
766660
973940
1181940
78440
286100
493900
702320
910060
1116800
14480
223140
431520
640200
848740
1056160
1264700
161860
370360
578320
786780
995080
1202700
99980
308916
518046
725760
933980
1143100
40860
249398
480320
689500
897320
1105700
4162
211760
420360
627980
835820
1044080
1252340
149800
357900
566160
774340
981960
1189000
86040
293960
502660
710620
918540
1127200
24060
231560
439600
647640
856000
1064300
1271980
169260
377660
585280
793880
1001718
1209580
106720
315300
523900
731710
940140
1148160
47732
255700
463680
671660
880720
1089440
1297300
172880
385420
595880
804480
1013940
1222000
120260
328320
536040
744840
953180
1161380
58340
266680
475020
682500
890060
1098240
1306820
203880
412080
620420
829340
1037100
1244520
141581
349470
557960
765740
972655
1180620
78280
285980
494560
702660
911620
1120080
16860
225440
433080
640820
849320
1057160
1265880
162620
370580
578240
785480
993000
1222140
120760
329300
537620
745180
953320
1161680
58760
267260
475580
683660
891660
1100020
1308180
204860
413120
620980
829620
1038100
1246660
143980
352420
560160
767480
975520
1183760
81820
290060
497480
706140
914280
1122880
21380
229720
438820
646120
853560
1063640
1272880
170460
378180
586000
793500
1001420
1209480
106420
314000
521420
730000
938380
1056800
1267180
165380
374200
582300
790700
998500
1205940
102620
310720
518560
726700
934480
1142720
40220
248960
456760
664700
872820
1080520
1288934
185340
393360
601700
809500
1017780
1226460
123820
331760
539160
747220
955040
1163020
60720
269040
476900
684300
892520
1100320
1307920
206180
414680
623120
831460
1039200
1247360
144603
353100
560580
769340
999580
1208660
105620
314020
521680
729440
937280
1145940
43500
252000
459920
667680
875700
1083980
1292760
191360
399800
607900
816600
1025740
1234340
131604
340060
548700
756780
964880
1172940
70820
278320
487020
695060
903300
1111360
9100
217560
426253
634760
842640
1051240
1260500
158520
366580
576700
785140
993060
1200860
97740
305560
513240
659602
868880
1077040
1284980
182380
390000
598660
807440
1015200
1223200
120840
328800
536940
745440
954220
1161940
58800
265520
473220
681700
889940
1098540
1306120
203460
411020
619540
827320
1034800
1242060
139460
347660
555980
764300
971420
1179240
77260
285604
493500
701640
909860
1118260
16460
224220
432520
640240
848060
1056220
1264300
161078
369640
599140
808320
1016220
1223655
120360
327620
535600
742900
951100
1158820
56400
264300
471860
679800
886760
1094480
1302520
198700
406340
614100
820960
1029360
1236720
134300
342060
549520
756660
964020
1172572
69760
277200
484260
691780
899260
1106620
4620
211900
419860
628000
835940
1043280
1250780
147260
354540
562220
770340
978420
1186680
83820
261040
471340
680400
889360
1097280
1305014
202400
411000
618480
827020
1035780
1246960
145360
353620
562160
769960
977780
1184620
82120
290500
498680
707180
915641
1124080
21960
229180
437900
646280
854420
1062520
1271620
169320
378154
586180
793860
1002080
1211000
109080
317800
526280
735220
942800
1149640
46320
254407
462760
670840
879460
1087440
1295420
218020
427240
635360
843580
1052040
1260880
158100
366240
574200
781760
990620
1198822
97020
304900
512920
721200
928780
1136780
34120
242680
450800
658200
866940
1075740
1283700
182220
389580
597760
806100
1014340
1222820
121020
329460
537540
745780
953740
1162080
59640
268520
477160
685040
892160
1100000
1308280
206500
414560
622860
830880
1038660
1178600
77860
286880
495920
705080
914380
1123260
20620
228720
436980
645760
854780
1062880
1271240
168700
377380
586680
795765
1003720
1212380
110540
319600
529660
737040
946240
1154800
830020
1045440
1257540
156920
368180
577620
785820
994480
1203760
102680
311900
519840
727760
937620
1145524
43680
252080
460200
670800
879840
971300
1180320
77620
288640
497520
706900
915240
1123520
21680
234820
443760
652598
861740
1069460
1278200
175760
386722
595420
804920
1013140
1220920
119020
327260
536580
746860
955740
1164020
62140
270660
479300
687660
895520
1103400
3300
211420
419460
627800
836300
1045040
1254580
152920
361500
569720
779820
988840
1197600
95280
303480
511340
719870
954320
1164040
62640
271340
480920
689480
897720
1106340
4680
212840
421440
630400
838580
1047340
1256840
154540
363004
573680
781716
990040
1198120
96080
304300
512500
721000
929380
1137620
35560
243600
452180
660760
871040
1079800
1288300
186100
395060
603500
810920
1019340
1227900
125260
333480
542020
750080
958940
1166620
64540
275000
483420
590200
800780
1009880
1218640
116260
325200
533640
742060
950760
1159740
57980
266200
473720
682380
889800
1098060
1307840
204920
413100
621460
829900
1038260
1246740
143420
351440
559980
767760
976180
1184880
82820
292240
501020
709500
917760
1125880
23920
233940
441840
649700
858440
1066160
1274040
171280
379920
588660
797380
1005480
1214020
111560
319520
550880
759620
967820
1176540
74160
281980
490740
698540
908340
1117380
14840
223720
431420
639860
847940
1055460
1263280
160900
369000
577600
786420
995460
1204120
102160
310960
519780
728360
936860
1145000
43280
252100
460280
668380
875560
1086000
1294600
192520
401800
610280
817800
1026420
1235420
133340
341042
549920
758320
966340
1174560
72000
190200
400400
609400
817260
1025620
1233760
130980
339040
546100
754880
962640
1170580
67080
278100
486100
694400
902260
1110280
8280
216413
424360
632420
840520
1048640
1257420
155480
363020
570860
778320
986420
1194340
91660
300100
508240
716500
924220
1131780
29320
237680
445340
654120
862100
1069960
1277700
174700
384760
593700
802020
1010281
1218680
138340
347400
555320
763980
973060
1181900
78860
286700
495120
703600
911420
1119860
17680
225640
433600
641740
851800
1061200
1269600
167460
375380
582680
790700
998360
1206780
104360
311660
520380
728260
937060
1144520
44200
252860
461420
669120
876720
1084880
1293140
191160
399460
606980
814415
1023340
1230900
127900
335980
543020
751760
959660
1104860
4660
213320
421940
630160
836980
1046360
1253560
151160
359700
567640
775800
983780
1191980
90582
298600
506760
715280
923800
1133120
30480
238100
446220
656000
863620
1071740
1279960
177940
386360
593620
802740
1011020
1220900
118600
326140
534600
742480
950380
1157940
54620
262118
469800
678500
887360
1096080
1305240
202960
410960
619420
828220
1059280
1268680
166240
374520
582440
790620
998520
1206880
105000
312840
520140
728340
937020
1145180
43260
251640
460540
669200
877880
1088500
1297640
195440
403160
612140
819860
1026780
1235000
132780
340540
548360
756720
965120
1172840
70540
278660
487040
695204
903260
1111500
9680
217520
424860
632580
839840
1048440
1256620
154080
363300
571300
709880
919960
1128500
26760
234640
442780
651420
859980
1068016
1276320
174400
383700
591480
799100
1007100
1215480
112880
320660
528420
736380
944400
1154320
52160
259360
468160
677160
886000
1094420
1302500
199860
407600
615460
823500
1030880
1238740
136120
344420
553120
760380
968420
1177440
74580
283620
492300
700760
907940
1115880
13160
221056
429000
660640
870080
1078380
1287655
185460
394044
602620
810960
1019420
1227780
125980
334760
543140
752560
961020
1169520
67260
275480
483700
692287
900260
1107520
5260
213220
421400
628860
837700
1045600
1254700
155120
364100
573120
782060
990700
1198860
97400
305740
514200
721680
929860
1138120
34840
243040
451564
660240
868060
1076761
1284420
182200
313400
524460
734320
943660
1151880
49958
259240
467920
676480
885120
1093940
1302120
199760
408520
616520
824940
1033460
1242300
139720
348380
555620
764140
971220
1179060
76780
284600
493400
701920
910380
1119400
17120
225300
433540
642180
850160
1058320
1267080
164700
372940
581247
789860
997640
1205682
102900
311340
522920
732380
940880
1148780
45960
277560
486720
695300
904700
1113540
10420
218460
426660
635320
844300
1053240
1260960
158380
366560
574820
783340
991900
1199894
97800
306240
514160
722280
930740
1139580
38360
246740
455300
663380
871500
1080200
1289360
187060
395260
604400
812600
1020820
1230020
127420
336000
544340
752740
961700
1170040
68100
276740
485480
693800
901600
1110080
1229220
128680
338180
547260
754920
964100
1172220
69920
278680
487700
696160
904400
1112880
10040
217860
425460
634020
841500
1049600
1258820
159640
369060
577620
785720
993480
1202000
99700
308060
516300
725440
933600
1141080
38160
246940
454940
663460
871700
1080600
1288620
186220
394680
602540
811100
1019140
1226860
124520
333200
541940
750440
958300
1189760
88800
297680
505700
713800
922320
1130600
27580
236060
445020
653660
863160
1071360
1280160
178140
387140
595160
803360
1011980
1220500
118460
327140
535880
743200
951780
1160000
57040
265620
473780
681360
888800
1097040
1304340
201940
409900
618260
827000
1035440
1243860
141900
349600
557160
764800
972280
1180260
78178
285840
493960
702580
832860
1043360
1252000
151840
360740
569000
776220
984280
1191900
88700
296380
503800
712120
920160
1128200
26400
234740
443460
651360
860060
1067880
1276380
173680
381820
589280
796980
1004722
1212560
109960
317360
525220
733246
941480
1149520
47080
254780
462740
670880
879600
1088420
1296580
194580
402800
610860
819580
1027300
1236220
133880
343000
552040
782980
992580
1201060
98340
306160
514520
723380
931220
1139180
37600
245640
453080
660920
869100
1077600
1285520
182420
390162
598740
807440
1014960
1222980
120620
328440
536480
745200
953340
1162040
60100
267820
475840
684220
892580
1100860
1309040
206140
414620
622320
829600
1038040
1246660
144360
351820
560240
768200
976360
1187100
84400
292920
437880
648400
857500
1066680
1275060
172300
379940
588940
797340
1005300
1214900
112500
321440
529580
738400
946700
1155160
53180
261080
469660
678120
886360
1094420
1302760
200940
409700
618020
826280
1034380
1242760
141140
349760
558960
766320
974120
1182360
79700
288720
496900
705160
913660
1121790
20020
228720
437100
645060
853520
1061380
1270880
168800
445360
656820
865660
1075800
1284860
182440
391360
600300
809660
1017900
1227580
125140
333580
541700
750240
959060
1167720
64920
273340
482620
691320
899500
1107560
4960
212780
420980
629580
838100
1046360
1254720
152500
360640
569520
761441
986900
1194860
91940
300260
509060
717040
924440
1131880
29220
237200
445280
653420
861680
1070800
1279220
201980
410768
619300
829900
1038440
1247800
145900
354060
562420
771980
980240
1187820
85660
293580
501660
710120
918000
1125960
23220
231700
439960
649300
857680
1066240
1274800
171860
379700
588220
796600
1005020
1213480
111580
319640
527560
736820
944400
1151860
49300
256820
465700
673120
880780
1088540
1297360
194300
402220
611100
819400
1027920
1156460
55940
264060
472080
681396
890180
1098660
1307100
204820
414740
623700
831780
1040380
1248540
145920
354400
562540
771620
981400
1190480
88060
296240
504840
712920
921080
1129780
27660
236180
444600
653320
861636
1070200
1278366
175360
383940
592100
800820
1009540
1218680
115780
324360
532880
741400
949880
1158200
54980
263900
471880
680340
889320
1121080
19340
227200
435780
644800
853960
1062220
1270560
167860
375620
584380
792120
1000320
1208756
106220
314080
522280
730280
938200
1146680
44220
253400
462040
669522
877540
1085700
1294700
192180
399920
607940
816322
1024660
1232520
129580
337700
546160
754060
962880
1170660
68420
276320
484200
692360
900340
1108580
6100
213980
422220
630060
761180
972220
1181000
78300
286400
494340
701980
909700
1117620
15520
224600
433020
640500
848040
1056620
1265620
163320
371400
579100
786660
993860
1201700
98900
306920
514720
722920
930880
1138500
36360
244800
453240
661420
869780
1077140
1285360
183240
391600
600060
809220
1017500
1225360
123340
333100
541340
750280
958340
1167180
65100
272780
481200
711840
920540
1128840
26060
234560
443280
651340
860560
1068758
1277120
174560
382540
591000
799720
1007640
1216260
114000
321360
530120
738520
946460
1154860
52360
260980
467920
675900
884280
1091640
1300080
197840
406180
614320
821780
1030400
1238840
136460
344220
38440
253140
465920
675940
886000
1095860
1304400
203920
364260
575560
784980
993580
1201940
103080
311700
520820
729560
937808
1148960
46540
255620
463080
671118
881100
1089780
1298520
195760
403920
612400
825460
1035040
1244080
141640
349260
558520
766600
977120
1186060
84580
293060
501940
710460
919020
1127240
27300
235960
445000
653706
861960
1069590
1277500
174880
383360
592820
802020
1011340
1218720
137940
349040
557340
765900
973740
1181260
81140
289860
498880
707000
914780
1123300
20900
228720
437420
646060
854440
1064880
1272960
170220
378780
587960
796642
1005240
1213920
111040
319700
528300
736260
944220
1154540
52140
259940
468100
676420
884740
1092940
1301100
198480
407380
616400
824340
1033040
1242460
142160
350320
558920
767080
975060
1183960
102920
313600
521960
730600
939260
1148460
46500
254500
463220
671940
883160
1091480
1301080
198660
407167
615300
823320
1031280
1238940
135880
343600
551980
760280
968640
1177380
75100
283380
492540
703620
912480
1121080
20080
227860
435920
644060
852640
1059160
1267300
164720
373920
582160
790940
999400
1208120
106080
314460
522600
730160
941080
1083760
1294780
192500
401540
609460
818080
1027000
1235200
132500
340960
549480
757540
965400
1173280
71180
278800
487420
694900
903540
1111540
9660
219860
428520
636580
845300
1053440
1261900
159940
369442
578060
786660
994340
1202580
100480
309060
517120
725040
933280
1142040
39720
248200
457500
665400
872800
1081200
1289700
186980
396820
605700
813560
1045200
1253720
150820
358700
567760
776360
985140
1193000
90365
298040
506700
715320
923560
1132040
29762
238400
446580
655175
862940
1071180
1279780
177780
385900
593780
801940
1012860
1221620
119180
326800
534000
742200
951200
1159520
57200
265340
473240
681780
890520
1099140
1307680
205900
414380
622840
831540
1039780
1248140
145880
354160
563320
687340
897300
1105980
4180
212060
420180
628220
836860
1047140
1255960
153700
361860
570020
777980
985780
1193980
92100
299880
508620
717060
925980
1134680
32720
240940
449140
657220
865080
1074460
1282800
180060
387680
595860
803800
1012220
1221060
118600
326880
534100
742320
950520
1158940
56400
265280
473700
684120
892940
1101920
60
208162
415780
646720
855700
1063560
1272060
170220
377460
585680
793020
1000620
1209260
107020
315180
523020
730340
937682
1145760
42620
250060
457940
666160
875280
1083300
1291840
189560
397900
605500
813160
1022060
1230620
128500
336680
545360
753220
961160
1169060
68820
277060
484720
694040
903360
1111120
9000
217260
425960
634000
842780
1051580
1259880
158680
291240
500700
709460
917780
1126280
23720
232340
440420
648520
856960
1065720
1274140
171540
379440
586820
794640
1002520
1210700
108640
317560
525740
733160
941700
1150204
47960
256680
464940
673240
881300
1089380
1297360
194760
405500
613860
822420
1030780
1238920
135960
344040
551718
759520
967560
1175440
73000
280180
487920
696440
905300
1114320
11860
243320
454100
662220
870760
1079180
1287080
185080
393702
601920
811100
1019060
1227900
125820
334240
542200
750260
958740
1166720
63920
272260
480460
688840
896300
1104220
2440
210824
419160
628700
837240
1045620
1254520
151960
359860
570320
779200
988058
1196460
94860
302820
510580
718500
927020
1135390
32680
240600
448320
657380
865100
1073320
1206780
105700
314460
523040
732240
940882
1149480
46880
255100
463180
670760
878800
1087600
1296000
193240
401960
610115
818660
1026680
1235300
132700
339980
547980
755920
963602
1171660
68440
276420
484860
693500
901400
1109840
6860
214740
422540
631240
840020
1048700
1256540
154680
362960
571480
781860
991440
1199220
97640
306380
514400
722460
930660
1161940
59720
267800
476700
684640
892760
1101520
1309420
207940
416140
623960
831160
1039660
1248000
146400
354320
563420
771980
980360
1188600
86840
296000
504280
711820
920220
1128780
26280
235520
443600
652260
860020
1068220
1276200
173964
381660
589500
798020
1006340
1214896
112720
320040
527700
736220
944640
1151700
48740
256660
464420
673500
811600
1021360
1230220
128140
337360
545720
753900
962480
1173158
70500
278840
486845
695740
903800
1111900
9720
218200
427020
635320
843120
1051720
1260220
157780
366320
575220
783900
991880
1199900
97980
306280
514400
722840
931300
1139520
37380
246030
454520
663220
871380
1079500
1288200
185680
393660
601740
810360
1018420
1227460
125360
333780
543020
776520
985560
1194260
92920
301800
510380
719120
927980
1136300
33700
242740
451480
660280
868380
1077580
1286020
183600
392180
600270
808780
1017860
1226700
123440
332020
540220
747900
955780
1164060
61540
269520
478500
686520
896860
1105220
3560
211680
419860
627740
835460
1042660
1250600
147200
355320
562980
771420
979540
1188700
86100
294740
416240
626380
835600
1043880
1252540
150200
357760
565600
774440
983140
1191300
88420
296640
505040
713660
922176
1130240
27580
236740
444932
652760
859960
1068040
1275682
173000
381220
589280
797200
1005700
1213960
111780
320480
528820
737720
945280
1153040
50420
258920
467400
675520
884100
1093060
1301400
199040
407020
615300
822680
1031156
1238740
135080
366840
576880
785800
994940
1203380
101360
310320
519480
728640
937140
1145760
43280
251820
460380
668200
879780
1088580
1297320
194760
403120
611460
819680
1027820
1235300
132680
340520
548720
756560
965080
1173220
70840
279000
487721
695820
903600
1111400
7700
215620
423320
631360
838700
1047000
1254860
151920
360620
568920
777360
985420
1193760
20520
230080
438160
646780
855240
1064220
1273040
170960
378918
586880
794760
1003396
1211700
109480
318820
527460
735600
943760
1152640
49638
258380
467600
676240
885460
1093420
1301300
198880
407220
615940
824900
1033720
1242620
139800
348080
556340
764220
971120
1178820
75700
283680
491660
700440
908260
1116540
14482
223360
432560
641060
850160
1058100
1288660
187760
396680
604600
812640
1020980
1228380
126820
335880
545740
755240
963340
1171540
69320
277340
485480
693380
900820
1108575
5620
214460
422640
630760
838480
1046760
1253460
151400
359280
567060
775660
983900
1191640
88680
298020
505120
712900
920960
1128900
27260
235500
444040
651740
860600
1068940
1277420
175440
383460
591500
799960
934420
1145220
43140
251720
460280
668980
876940
1086100
1294440
191560
400760
608300
816140
1024940
1232540
130360
337740
546420
754640
962580
1171000
67840
276140
483660
691580
899798
1108320
5340
213480
421540
629540
837640
1045120
1253280
150220
359120
567620
775840
984420
1192040
89120
296940
504940
713020
920680
1128720
26100
234180
442800
650880
879940
1088740
1297760
195900
404080
612940
821640
1029360
1236840
133920
342200
549920
759080
967240
1175620
75060
283240
491420
698840
906520
1113800
10800
218340
426320
633840
842340
1049920
1257960
154840
363260
571280
779500
987060
1194880
92260
299800
508100
716740
925440
1133220
31060
239520
447640
655860
863380
1072040
1280080
177080
385520
537100
747400
956700
1164200
61900
269900
478500
687180
896800
1104740
2100
209800
417780
626320
834500
1043720
1252040
150340
357840
566500
775120
983440
1191240
89320
297860
506680
714580
923360
1131920
29000
236740
445280
653740
861260
1069380
1277300
175060
382940
590620
798300
1007140
1216220
113720
321660
529860
737980
946100
1154260
52320
261340
534300
744860
953560
1161760
59640
267720
476460
685000
892920
1101320
1309680
208220
415280
624000
832260
1040200
1248460
146360
354600
562500
771080
979540
1188140
85980
293420
501480
710160
918200
1126220
24040
233060
440580
647840
857700
1066100
1274200
170860
379180
587460
794580
1002260
1210200
108100
316120
523520
731420
939300
1147580
45220
275760
484700
692760
900580
1108120
5580
213600
421040
628520
836940
1044980
1252340
149800
357780
565480
773280
980880
1188740
85960
295040
503060
711060
918780
1126320
23860
231660
439900
648160
856480
1064560
1273180
170760
379820
587840
796360
1004380
1212140
109040
316820
525040
733000
940680
1148060
44800
252600
460740
669520
877580
1085320
1253560
152800
360780
569480
777380
985420
1192440
90175
298200
507540
715820
923660
1132360
29146
238020
445940
653560
861280
1068780
1277020
174820
383820
592820
800900
1009800
1218040
115300
323620
531520
739969
947520
1155520
52880
260940
469081
677720
885880
1093480
1301220
198420
406180
614160
821960
1029200
1237660
135240
343080
551500
761540
969480
1201100
878180
1092840
1305980
205340
415720
624820
833860
1042820
1253260
151780
360009
567740
775960
985880
1194680
92420
300220
508600
718680
927840
1135840
33960
242860
452880
662120
871000
1079040
1286080
183420
395400
603760
812160
1020320
1229120
126640
334540
545080
754320
962800
1170860
68260
276440
484460
691900
858440
1069620
1279560
176960
385420
594460
803220
1011560
1219680
119960
328020
537080
745640
953080
1161500
59500
267680
475980
684680
895800
1104820
2800
210900
419300
628040
836440
1044740
1252860
149860
357740
568160
776020
984880
1192580
89600
298040
506450
714680
923100
1131680
29920
237760
445280
656420
865160
1073200
1281440
179440
387360
595477
826360
1035680
1243160
139964
348000
556360
765380
975220
1183420
81240
289900
498000
706420
914140
1122800
20180
228300
435780
643080
850740
1058280
1265800
163220
372980
581200
789680
997180
1204560
102100
310400
518200
726280
933880
1141920
39940
247500
455400
663000
870600
1078800
1286340
185240
393640
601960
809340
1017220
1224720
122420
330960
459400
670320
879282
1086720
1295120
193020
401780
609353
816740
1025580
1233700
130140
339440
547440
755440
963060
1170860
68300
275960
483760
690500
898360
1106720
3860
211600
418840
626560
834780
1042760
1250780
147920
355980
565020
772980
982660
1190540
87660
295900
503380
711560
918700
1126600
24020
232180
440200
648258
855900
1063260
1271840
169167
397920
606900
815040
1022440
1229800
127100
334520
542300
750640
958800
1168720
66940
275080
483180
691080
899400
1107460
5040
212860
421080
629260
837320
1045620
1252840
149780
357500
565540
773160
981200
1189840
86980
294540
502680
710420
918000
1126200
23890
231780
441620
650002
857660
1064940
1273140
171260
379640
587740
796650
1005220
1212960
64980
275500
482800
691600
899520
1107300
3860
211700
420380
628100
835980
1043200
1251480
147720
355420
564400
772460
980420
1188420
85400
293140
503360
712020
920420
1128600
25900
233560
442100
649900
857720
1066946
1275080
173080
381440
589660
798160
1005220
1213040
110540
318140
526120
734100
942180
1150240
48360
256580
465080
673220
881740
1089940
10580
220180
428500
636520
844800
1052680
1260240
160360
368900
576660
784400
993020
1202260
99340
307120
515600
722980
930660
1138220
35760
243800
452240
659920
868280
1075980
1284680
181960
390080
598040
806620
1014540
1222300
118940
326460
534278
742740
950484
1157660
56480
265000
472880
681220
888680
1096700
1304200
201760
409460
617680
827780
979800
1189860
87480
296100
503200
711420
919720
1127260
24280
232180
440540
648260
856940
1065080
1272720
170120
379660
587060
795140
1003240
1211060
108560
317040
524940
732040
939720
1148620
45720
253780
461920
669878
878160
1085960
1294110
192080
400500
608940
816420
1023920
1231960
129500
337620
546320
755280
963460
1173260
70500
279300
487320
695460
927080
1136240
34240
242660
450740
658680
866160
1074660
1282560
179920
386920
595060
802660
1010880
1218580
116320
323900
532660
740780
949618
1157820
56120
263860
472000
680180
888140
1096140
1304760
201200
409800
619480
827480
1034180
1243060
141240
349220
556260
764420
972720
1180687
78500
287160
494960
703440
911780
1120500
19920
229060
437100
584340
794380
1003880
1212660
109940
318300
526380
735820
944340
1152660
50700
259180
467260
676100
883780
1091960
1299660
197240
405100
613140
821900
1029800
1237920
135280
342840
550820
758916
966580
1174740
72860
280980
489080
697740
906444
1114880
12300
220380
429380
637940
845600
1054940
1263320
159740
367840
576420
784540
993900
1202580
99700
307720
538800
747721
956140
1164000
61620
271940
480820
688960
896900
1105440
3129
210600
418620
626700
835380
1044140
1251060
148540
356960
565080
774220
982700
1191860
89140
297320
505360
713580
922340
1131040
29440
238780
447078
655040
863820
1071720
1280520
177775
386180
595100
802120
1010360
1218900
115820
324820
532780
740880
948620
1156640
54460
188540
398860
607820
817000
1025520
1234340
131500
339280
547480
756700
965480
1173920
72100
281700
489540
697220
906080
1113880
11060
219380
428080
638360
846800
1054520
1261700
159760
367540
575940
784280
991960
1201100
98560
306720
515920
724800
934240
1142680
40080
248480
456880
665320
873280
1081300
1289220
186340
395420
602800
811100
1019300
1227260
150000
359160
567860
777060
985580
1194340
92760
301690
510540
718580
927260
1135860
34020
242560
451420
660460
869180
1078000
1284700
181660
390460
598360
806480
1015280
1224120
121940
331260
539400
747400
954860
1162640
60280
268620
476880
685900
894240
1102680
1310660
208360
415860
625120
833180
1041260
1248740
146140
356040
564560
773180
981900
1103760
3360
212200
420760
629560
838660
1046440
1255780
152440
361640
569600
778080
987220
1195580
92540
300700
509380
717680
925260
1133000
31140
239220
447680
656060
864320
1072660
1280580
178080
386860
594420
803080
1011120
1219660
117700
326580
534940
743200
951000
1159880
56480
263680
472280
680580
889760
1098220
1306300
203880
412340
620560
829200
1059240
1268820
167260
375300
583560
791780
999500
1207800
104980
313340
522180
730080
938580
1147080
45140
253600
461880
670840
879220
1088020
1295760
192960
401640
609920
818320
1025760
1233920
130640
341400
550320
759080
967740
1175804
73660
281560
489500
697940
905980
1114260
12700
220340
427900
635700
844200
1052440
1259762
158500
366180
574100
708380
918260
1126553
23780
231880
440380
647740
855620
1063560
1272500
169540
377973
585940
793860
1003340
1211920
110020
317640
525860
734500
941980
1149560
46940
255500
464300
673400
881900
1089740
1297540
194900
402800
610900
819300
1027820
1235480
133320
341800
549420
757100
965080
1173920
71418
279920
488240
696420
903400
1111800
9880
218460
425760
657120
866140
1074980
1283340
180840
389800
597660
805780
1013560
1221080
118980
326500
535240
744060
952360
1160000
56760
264860
473500
681440
889880
1098080
1307940
206200
414320
622860
830520
1038080
1245860
143560
350880
557860
764560
972580
1180800
77860
286400
494780
702780
910500
1117840
15120
223240
431380
639100
846900
1055220
1263600
160800
312520
523000
732240
940620
1149140
45840
254840
463160
671640
880260
1089040
1297680
195000
403520
612180
821060
1029400
1237680
135500
344596
553020
761520
969840
1177540
75760
283958
492600
701700
910380
1118240
15420
223360
431280
639620
847100
1054960
1263180
159840
367640
575680
783940
991920
1200080
97480
305560
514000
721400
928560
1137040
33740
264500
473880
682660
890600
1098800
1306680
204500
412960
621330
829600
1037000
1245620
143420
351400
560560
769740
978560
1187660
85560
293220
501620
709240
917460
1125650
23360
231880
440420
648271
860560
1068940
1276800
174400
382600
592120
799960
1008040
1216420
113260
321620
529660
738540
947570
1156440
53700
262180
470040
678080
885920
1093620
1223940
124540
332660
540260
748680
956380
1165260
62617
270760
478920
686900
894760
1103680
760
209160
417220
624960
833200
1041560
1250100
147040
355860
563325
771760
979220
1186320
83480
291770
499920
708360
916080
1124800
22660
230840
439180
647940
856340
1064580
1273280
170640
378300
586940
794900
1003240
1211700
108780
317000
525200
733620
942180
1173320
71000
279480
489020
697400
905680
1114020
12520
220620
428500
636420
844740
1052880
1260600
158230
366100
574340
782500
990220
1198920
97280
305680
513440
721220
928920
1137260
34200
241197
449040
657400
865520
1073400
1281460
179520
388600
596860
805620
1013360
1221720
119940
327840
536080
744520
952980
1160800
58320
269200
477185
685400
828440
1038140
1246820
144940
353240
561540
769560
978140
1186860
84660
293580
502080
709820
917500
1125180
23040
230701
438460
645460
853800
1061420
1270040
167400
375600
582240
790120
997460
1205900
103980
311780
519920
727200
935620
1142700
40080
248480
457180
665180
873480
1081060
1288840
186820
395320
603480
812405
1020040
1228360
126300
334916
543700
775860
985260
1193480
91380
299280
506980
715020
923760
1132920
31340
239140
447240
656200
864420
1071660
1280420
177960
386020
594220
802400
1010740
1219580
116980
325400
533560
742560
951740
1160520
58980
266980
475280
683100
890520
1099240
1307380
205460
413820
622020
830540
1038962
1246620
143940
351380
558780
767300
975660
1183820
80900
289220
467140
679600
889400
1098380
1306720
204080
411738
620680
828380
1036180
1244300
141820
349760
18680
232800
444900
654600
863900
1072840
1281360
178680
387540
595300
803400
1012240
1220960
120620
329860
538600
746722
954400
1164080
61500
270040
478260
687560
897680
1107500
5820
214740
422600
630480
842280
1051300
1259700
157520
388980
597520
806260
1015740
1224840
122280
330346
538680
748060
956280
1164760
64420
272900
481260
689880
898820
1107110
4740
212960
421040
631900
841220
1049460
1257300
154460
362540
570580
779520
987700
1195840
95300
303560
511360
719880
928420
1136740
34120
243080
451580
659220
867760
1078130
1286940
184460
391900
599980
808000
1016560
1224360
38854
249760
458420
666560
874320
1085040
1293720
192380
401180
609620
818260
1026600
1234960
132580
340640
550060
758980
966200
1174724
74260
283280
491540
700280
907860
1115920
14160
222320
430440
638700
846700
1055380
1264240
162440
370500
579140
789180
996840
1204860
103020
311180
519720
728440
936400
1146116
44240
252380
460560
669000
876980
1085280
6680
215720
424020
634280
842380
1050080
1258140
155060
363920
571720
780440
988180
1196160
93860
301780
511240
719720
928260
1136220
32780
241360
449760
658560
868100
1076220
1285040
182780
390540
598600
806660
1014820
1222860
119540
326900
535420
744160
952520
1160860
58560
266480
475000
682760
890100
1097460
1305440
204520
412880
621317
830357
953220
1163700
60855
269400
477340
686960
894920
1102320
180
210400
418080
626740
834540
1043420
1250920
148220
357320
565980
774460
982340
1190060
87900
298020
505540
713440
921860
1130520
27600
235600
444220
652300
860100
1069060
1277220
175180
383360
591080
798520
1006940
1214760
111760
318760
526260
734200
942620
1150420
48720
256100
464740
672980
906540
1115880
14320
222438
431320
639820
847880
1056320
1264140
161260
368740
575880
784540
994060
1202596
99280
307220
514560
722380
930980
1139260
36520
244140
451300
659420
867660
1075940
1284740
181820
390320
598940
806920
1016780
1225920
123200
331520
539400
746480
956020
1163900
60980
269880
478020
686140
894380
1102740
1310560
208300
416760
552700
762700
970600
1178520
75805
283740
491760
699240
907420
1114480
10980
218060
426240
634640
842040
1050440
1258800
155760
364280
574700
782720
990500
1198640
95700
304000
512980
721660
930080
1138060
35460
243220
451480
659260
866920
1074320
1282480
180080
389220
597640
805880
1014440
1222380
119620
327900
535940
744000
951960
1159060
56140
263840
494020
703300
911320
1119400
16760
225520
433880
642260
850720
1059260
1268920
167244
375240
583040
790900
999220
1206580
104040
313820
522140
729240
937076
1145440
43260
250980
459840
667420
875600
1083440
1292640
190120
398820
607060
814080
1022280
1230360
128220
336860
544740
752960
960880
1168600
65920
274240
483120
691236
899020
1107060
4620
157560
368040
575920
784260
992380
1201240
99140
309560
517600
725660
934340
1143100
40840
248320
456440
664800
873500
1081840
1290240
187900
396260
604900
812460
1020549
1228800
125580
333760
541560
748760
956060
1163940
60900
268560
475961
684800
892500
1099980
1308400
205880
413440
621780
830180
1037860
1246120
144220
352960
561340
770500
978620
1187380
109520
318880
528840
738880
947040
1155600
52840
261220
471960
680440
890080
1098660
1307120
204560
412660
621040
828560
1037460
1246260
144100
352557
560880
769805
978380
1186400
83560
292400
500280
708620
917880
1125860
22520
230400
437840
646180
854220
1063020
1271380
169220
376700
584420
791820
999880
1207760
105880
314700
523040
730900
938400
1073160
1283200
182180
391500
599240
807360
1015980
1224020
121300
329660
537400
745520
953420
1162760
61280
269760
477740
688300
896960
1105280
4560
214180
422880
631160
839360
1047609
1255760
154320
362620
569740
778000
986440
1194540
92480
300260
508560
717060
925320
1133200
30540
237900
447040
654260
861880
1070800
1278240
175680
383960
592880
801140
1031438
1241180
139880
348260
556140
763640
972160
1180320
77740
286300
494220
702320
910360
1118340
16100
224000
432860
641300
849480
1058020
1266920
164340
372580
581900
790600
999180
1207300
105640
314040
522360
731080
939380
1149860
48360
257320
465640
674000
882240
1089840
1298180
195900
404660
612900
820940
1028840
1236680
133880
342240
550340
740780
954120
1163760
62160
271340
479860
688760
896773
1104080
1940
210900
419760
627940
836260
1044660
1253160
151240
360040
568160
775860
984460
1192740
90280
298020
507100
715440
923580
1132640
29960
237560
446360
655940
864300
1073140
1281480
179484
388140
598180
807160
1014820
1223580
120180
328860
537180
745120
953740
1161680
59300
266680
469160
679560
887420
1095540
1304000
201300
409420
617480
827920
1036100
1245240
143180
351860
560520
767920
976320
1184340
82280
290540
498960
706560
915020
1122800
20140
228640
436780
645340
854500
1062800
1271120
168380
376900
585380
794340
1002320
1210280
108180
315900
523920
732220
939960
1148120
45600
253380
462040
670020
878600
1086360
1294580
192253
426440
636040
844880
1053140
1261320
158200
365620
573520
780140
987940
1196160
93880
302180
509960
718060
925620
1133140
31140
238960
447760
654700
862880
1070840
1278260
174780
382720
590960
799160
1007260
1214900
112100
319300
528082
735720
944220
1152800
50040
258420
465680
673840
883900
1092040
1300196
197760
405380
613560
820720
1029540
1238380
79660
289522
497820
705580
914260
1122560
20420
228180
436320
644580
852020
1059740
1268000
165060
373080
581940
790340
997580
1205260
102980
310780
518440
726840
934960
1142740
41060
248780
456240
664340
872300
1080040
1287620
184840
393740
601680
809800
1018680
1226040
123980
332200
539680
747860
956800
1164220
61140
268740
476720
684460
892080
1099600
17520
228120
436540
645520
854036
1062660
1270300
167940
376080
584140
792200
999000
1207800
105120
313600
521260
729320
936700
1144800
42860
251180
459320
667340
875500
1083560
1292260
188760
398240
606800
815360
1023340
1232220
129680
338440
549480
757800
966120
1174660
72240
280420
489660
698260
906620
1114680
11620
219500
427480
635220
843660
993200
1202720
101420
309620
518360
726840
935960
1144220
41620
249540
457940
665860
874440
1082140
1289860
187020
395820
604722
813040
1020840
1229700
126860
335520
543680
751760
959300
1166860
64080
272020
480140
689400
897700
1107820
5200
213460
421800
630140
838920
1046460
1254780
152140
360060
568900
777300
984780
1193120
90100
297420
505740
713680
944220
1152820
50720
259400
468040
675000
883500
1091780
1299440
197020
404880
612960
820140
1028400
1236860
133920
341920
550440
759300
968060
1176400
73143
280758
489240
697122
906080
1114380
12100
219660
427480
635580
843460
1051440
1259580
157540
365940
573900
782380
990960
1198800
98680
305980
514680
722720
931580
1140260
37020
244860
452340
595740
805720
1013980
1222760
119800
327920
536420
743840
951860
1160380
58000
265820
473440
681880
888460
1096180
1304760
202480
410880
619000
827200
1035340
1244140
141060
349120
557760
765540
973820
1182360
79300
287480
496200
703677
911160
1119240
17340
225520
433880
641680
849480
1057560
1265980
162800
371100
579660
788640
997000
1204740
102520
310980
542660
752360
960620
1168500
66320
275060
483740
691940
900520
1109220
6640
214400
422720
630320
838120
1046160
1254540
152278
360880
568920
776920
984680
1192520
90820
298820
507300
715420
923940
1132480
29140
237100
444380
651940
861760
1070278
1277840
175720
384420
592260
800840
1009080
1217202
114300
322080
530580
738340
946460
1154420
51780
198280
408440
616620
824180
1032360
1241040
139520
348060
555860
765375
974460
1182320
79700
287920
495200
703800
911960
1120180
17860
226160
434980
643240
851140
1059380
1267260
165260
373620
582000
790322
998320
1206660
104580
312940
521470
731620
940140
1148080
46060
254860
463140
671760
880700
1090140
1298540
197420
406620
615980
824060
1033680
1242520
162720
371120
580240
789440
997980
1206440
104260
313120
521320
730260
938440
1145700
43600
252080
460100
668880
877442
1086400
1294400
192300
400620
609380
817400
1026060
1234160
131680
339660
547820
757640
966060
1174600
72180
281100
489300
698440
906480
1115040
13160
221420
429640
638515
847240
1055880
1264660
162740
371100
580040
789140
997660
1112620
12220
221180
429900
639340
848440
1056680
1264500
162685
371700
580520
788840
997500
1204980
101960
309580
517840
727420
936260
1144620
42420
252120
459760
667900
875100
1083260
776440
990560
1203020
101780
311520
519600
728120
936560
1146460
43560
251580
459540
667440
876935
1086360
1294060
192023
400240
610240
818900
1047700
1256960
154722
365960
575920
784700
993460
1201960
100100
313240
522500
731100
939922
1148240
46300
254340
465100
673400
882300
1090900
1299560
197580
406040
613820
824260
1033880
1242420
140140
348500
556598
764720
972600
1179860
79260
287040
494560
702280
910685
1119380
18020
226020
433880
641800
851020
1059440
1267440
165720
373680
581860
714660
925020
1134320
31580
239800
450920
659680
868420
1077400
1286060
184400
392860
601980
810140
1018420
1227310
125600
333740
543560
752260
960820
1168220
65780
274960
482840
690320
898280
1106820
4500
213404
421520
629420
839880
1049100
1257440
155660
364380
572720
781160
988760
1197240
94440
302680
511300
720220
929480
1137860
35020
245580
513100
729880
939780
1148940
48080
256780
465520
675000
883480
1091080
1299630
197020
405760
614380
822840
1031000
1239840
139100
347380
556060
764280
972700
1181400
79800
288480
495920
704720
913700
1122220
19960
228460
437480
645840
853860
1062040
1270460
167760
378220
586360
794660
1003900
1212040
109340
317900
526460
735640
944080
1151718
48582
278720
490660
699260
908160
1116440
14080
222720
431180
639840
847500
1056860
1265860
163740
371620
579720
788740
996600
1204420
101860
310200
518620
726180
934260
1142080
39420
248920
457180
664440
872580
1080720
1289000
186680
394980
602780
810920
1019000
1229320
126600
335140
543140
751260
960620
1168500
66200
274280
482920
690640
898380
1106580
3820
119040
328840
538040
746560
954600
1163060
61042
269100
477060
685340
892920
1101760
1309860
206880
417180
625760
834140
1042280
1251180
148604
357720
565900
773620
981640
1189560
86380
295040
502560
710860
919280
1127300
24980
233280
442140
649880
857600
1066060
1274120
172120
380360
588660
797000
1004680
1213260
110320
318040
528440
736500
944620
1152120
72240
281760
490780
699200
908200
1116160
15360
223580
431520
639462
847840
1055580
1263440
160720
368560
575640
783480
991320
1197840
95240
303000
511156
718780
926760
1134960
32640
241020
450000
658500
866380
1075640
1283940
184380
393220
601760
810740
1018300
1226980
123800
332020
539720
748200
956340
1164200
61980
270740
479420
687940
896200
1030980
1241120
138573
346820
554240
762700
971300
1179620
77480
285680
493880
702293
910580
1118480
17320
224720
432980
640920
848800
1056520
1264200
161420
370800
579660
790480
999020
1206260
103280
311820
520640
728860
936880
1144260
41720
249720
458760
666940
874700
1083042
1291360
188100
396082
604260
812340
1020549
1228400
126360
334460
542940
752260
984280
1192940
90580
299160
507420
715920
923920
1132000
28400
236860
444260
652080
861540
1069620
1277640
174240
382500
590500
799220
1007640
1218004
114820
324180
532240
741560
949380
1157220
54180
262540
471360
678520
886740
1094780
1302860
200197
408980
617360
826420
1034580
1243480
140400
348160
557574
765980
974120
1181560
78460
287060
494660
631500
842300
1050820
1259040
156820
364700
572540
780200
988700
1197080
94360
302200
509580
717420
925922
1134540
31920
240620
448220
656220
863620
1072620
1284100
181340
389140
596740
804660
1012800
1220700
118180
326820
534280
742322
951140
1158920
56080
263680
470960
678553
885840
1095240
1303820
201300
409160
617420
825400
1033080
1241440
139420
347800
578640
787760
995760
1204760
102340
309580
517960
726200
934620
1143400
41180
248580
456180
664520
873500
1082320
1290760
187560
396580
603820
811820
1019820
1227540
124920
332660
540880
749460
958100
1165260
63040
273420
482380
689480
896920
1104360
1940
210440
418260
625680
833840
1041680
1249640
147540
355680
564180
771540
978540
1186180
84700
235900
445700
655000
862820
1070960
1278740
177960
386780
595120
803380
1011420
1219600
116300
325300
534620
743300
951840
1159500
57840
266780
474640
684440
893244
1102020
1310060
207480
415540
623620
831040
1038860
1247640
145900
355720
564480
771740
980280
1188160
85620
294040
503040
711100
919020
1128060
26820
235180
444030
654180
862300
1070200
1277820
199940
408980
617640
826980
1035620
1243980
141922
351240
559960
768960
977360
1186620
83700
292620
501420
709760
918180
1126315
23520
231520
439360
647740
856480
1065600
1273620
171520
379100
587580
796180
1004560
1213060
110720
319080
527500
735920
945080
1153500
51360
259140
467478
675880
884180
1092260
1301380
198500
406300
615540
824340
1033100
1151340
51000
260060
468660
677080
885860
1093920
1301820
199680
409340
618600
827720
1036100
1243500
141060
349480
557120
765680
974160
1182340
80520
290780
499580
707540
915600
1124600
21920
229980
438000
647240
855900
1063740
1272040
170400
378600
586580
794940
1003880
1212240
109720
318880
527520
736260
945280
1152720
49840
257100
464560
673420
881040
1113220
11260
219480
427740
635860
843840
1051780
1260060
158100
366060
575160
783400
991860
1200040
97160
305240
513900
721880
930460
1138800
36880
244580
453020
661860
871060
1079880
1287760
185540
393560
602480
810600
1019300
1226940
124560
332860
541400
749780
957800
1166600
64120
272080
480080
688140
896000
1103940
1440
209680
417280
625940
753120
963280
1171500
68900
279140
487420
695460
902900
1111740
9000
216600
424840
632640
840500
1048600
1256882
154060
362820
570600
777800
985780
1193620
91280
299040
507320
714880
923780
1131360
29400
238040
446400
654020
862340
1070802
1278925
176460
385120
593280
801900
1010600
1218660
116560
324840
533440
741920
950440
1158280
55220
263400
471940
703780
913095
1121580
18040
227360
435782
643280
851900
1060420
1269160
166320
374300
582080
789900
997700
1205440
102060
310580
518360
726260
933500
1141440
39000
247420
455340
663800
872100
1080660
1288960
186797
394820
602400
810758
1018680
1225960
123620
331780
539920
747560
956060
1163620
61362
270280
479055
685840
893480
1101340
1400
210460
357040
567320
776680
984500
1192740
90380
299520
509100
717880
926640
1134840
32600
241880
449560
658276
866680
1074780
1283180
180100
387320
595920
803660
1011640
1220340
117860
325600
533820
741680
950800
1159560
57320
265880
474160
683200
891300
1100360
1309340
207040
414900
623480
831220
1039560
1248080
146400
354620
562455
770640
978840
1187200
84500
315380
525000
1157240
69680
282740
493100
701580
910420
1119080
16940
495614
717460
930000
1140600
38960
247760
455880
448660
547920
590320
625740
657940
694840
726760
759820
791700
827480
655000
877620
1090740
1301760
201220
410820
619820
829000
1284807
195840
409300
619540
829780
1039480
1247980
145840
639420
862789
1075960
1285780
185260
394460
604160
813620
1022900
1231320
134080
342794
550560
759860
968300
1176240
73900
282940
490460
698620
907120
1115920
13660
222660
431204
639320
847160
1056100
1264648
162180
371340
579440
787660
995480
1204020
100920
309060
517280
725180
876860
1087740
1295520
193760
403160
611500
819020
1026660
1234360
131700
339900
547740
755400
963320
1170900
68280
277040
486240
694880
902960
1111900
10220
217980
425800
634120
842660
1051020
1259620
157180
364880
574080
781760
989840
1197920
94800
302640
510480
718460
925546
1134180
31340
239180
446600
654660
862680
1071560
1279640
176900
385280
593200
827040
1036040
1243660
140540
348060
556080
764940
973480
1181100
78480
286440
494620
701840
909540
1117685
14920
222560
431100
639300
847020
1055820
1264120
161900
369840
578680
785740
993140
1200660
98100
306120
514680
722860
930620
1138240
35180
242860
451120
658460
868920
1077520
1285080
182160
389540
597880
805800
1014160
1222040
119220
326860
476200
686820
897000
1105280
2160
210020
418200
627300
835880
1045500
1254500
151820
360160
567820
775840
984240
1193200
90322
298980
507580
715780
923500
1132060
30480
238300
446060
654980
863480
1071700
1280240
178380
387200
595660
803860
1013240
1221340
119080
327060
535460
743460
951960
1160420
57500
265900
474100
682380
890940
1098640
1307040
204260
436840
646480
854260
1061340
1270340
168980
377800
586680
795320
1003440
1211720
110320
318320
526680
734820
942940
1152540
50060
258580
466500
674580
882660
1090940
1300320
197520
406100
614320
822640
1030460
1239080
136940
345260
554080
762580
970660
1179420
77620
285780
494580
703020
912020
1120340
17880
226580
435240
643060
851260
1059420
1267620
72940
283120
491960
700960
909480
842360
1059660
1274360
174480
386120
595300
804840
1012780
1224200
122680
331400
540040
748420
959200
1167540
65660
273240
482460
693960
903140
1111520
9100
217480
428520
636900
845360
1054360
1262826
162300
378220
586900
795480
1003720
1212260
110060
319060
529500
738460
948320
1175260
76020
284560
493260
702500
914380
1123480
22320
230980
439000
647735
856380
1064940
1273840
174380
383600
593680
802260
1010620
1219420
117700
326900
536440
746080
957340
1167240
65780
274720
483540
692980
901180
1109900
7360
215840
423540
634640
842780
1051600
1259960
157320
365060
573100
782460
990140
1197720
94620
302760
510380
721300
956400
1167520
65380
273400
482340
689740
898340
1106113
4060
212180
420520
629060
836880
1047360
1256540
153980
362020
570660
779040
986780
1195440
92869
300480
508800
717500
925820
1134280
32440
240880
451600
659900
868320
1076293
1284160
181220
389760
597060
804680
1012420
1220722
117820
325620
532460
740687
949580
1158300
55620
265280
473220
681480
889920
1099840
1308680
205740
414360
623400
831460
1040060
1248160
146240
355460
564160
772680
981520
1190500
87980
296060
506720
715238
922820
1132140
29520
237780
446794
656160
864320
1071840
1280100
177660
386020
594160
803520
1012960
1221740
118660
326800
535060
743040
950460
1160820
58580
266360
474140
682280
890780
1099300
1308480
205640
414500
636540
850760
1060520
1268940
166380
375060
583480
792200
1000600
1209120
107840
316365
524060
732540
940880
1149640
49760
258640
467540
675220
883620
1091640
1300240
198780
406200
614160
822920
1031020
1238280
135540
344280
552460
761300
969420
1177680
75240
283760
491600
699820
908360
1116640
14260
222960
430920
641560
849440
1057500
1265280
162720
374500
584320
792380
1000460
1208460
105720
314720
523020
731540
939894
1149060
46420
254240
462460
670520
878340
1087060
1295020
192220
401320
609840
818800
1026940
1235620
132880
341320
549840
760600
969460
1177580
75320
283720
491300
699380
907540
1114940
13040
221200
429260
636380
844120
1052400
1260920
158540
366240
573660
781780
990300
1198300
95700
410400
624840
835360
1044660
1252980
150940
359720
569100
778240
988240
1196900
94540
302960
515060
724120
932020
1139900
38180
246520
454860
663820
871600
1079680
1287160
185300
393560
601972
810180
1018820
1226900
125180
333660
542000
749540
957520
1165960
63320
271940
480080
688680
898220
1106140
4920
213040
421860
630080
838320
1046160
1276840
175040
383520
591680
800640
1009780
1220240
117780
325600
533860
741780
950180
1158940
56918
264480
472760
681240
890200
1098500
1306040
203880
412180
620640
829120
1037240
1245680
143800
351900
559520
767120
975300
1184320
81920
289740
498000
706220
913660
1122840
20060
229240
437280
645660
855060
1063520
1271460
168560
375880
584240
792880
1000680
1231940
130720
341720
548960
757900
965660
1174900
72860
281180
489780
697980
906500
1114520
11940
220820
428960
638000
845560
1054460
1263660
161556
370040
578420
786900
994760
1202800
100240
308980
516820
724700
932580
1141200
38860
246360
454700
663040
870180
1078400
1286700
183640
392520
600040
808720
1017380
1225680
122800
331160
539800
749280
898980
1109220
7100
215720
426700
635240
843860
1051780
1260540
158800
367500
575740
784200
992520
1200720
98380
307020
515040
723280
931000
1138700
36060
244920
453080
660980
869140
1077200
1285220
183180
391140
599340
807240
1015620
1223700
121540
329880
538320
745640
953880
1161620
59860
268120
476800
685372
892600
1100718
1308560
206080
414940
623020
854080
1062580
1271500
168700
377720
586100
794196
1002020
1209920
107960
315720
524560
734660
942960
1152400
50020
257820
464980
672860
880700
1088260
1296360
193720
401440
609960
817720
1025420
1234460
131720
339600
547840
756120
964720
1173680
72120
280540
489126
697800
906340
1114080
11700
219820
428300
636240
844680
1052500
1260220
157420
366060
519640
730780
939940
1148660
46100
255000
463500
671760
879620
1088660
1298095
196140
404280
613060
822198
1031620
1240720
139000
347620
556080
765170
974620
1183080
80880
289740
496900
705180
915480
1126680
25533
233120
442180
650880
859180
1067720
1276560
174160
383320
591740
799900
1008440
1216600
113920
323280
531580
740080
948540
1157040
53820
281420
491080
699280
907300
1116200
14500
222980
431260
639200
847260
1055240
1263700
161140
369660
578460
786400
995400
1204280
102460
310080
518380
726641
934800
1143180
40480
248480
456520
664407
872840
1081800
1290100
188040
396275
604360
813260
1021580
1228800
127240
336340
544080
752280
960220
1167680
64620
272900
481280
689880
898020
1106800
4700
232760
441500
649500
860520
1068660
1277680
174740
382100
590420
798360
1005920
1213354
111400
318880
526962
734620
942580
1151180
49340
257900
466120
674320
883000
1091700
1300380
197580
405560
613880
822280
1030680
1238980
137640
346240
555080
763580
972160
1180600
78260
286640
494940
703200
910960
1118920
16180
224880
432920
640300
848820
1057540
1205580
104520
313880
521400
729620
937960
1145680
42940
251100
459220
667440
876020
1084720
1292980
190320
398000
606420
814200
1022540
1230880
128980
338040
545940
754280
961740
1169810
67620
274800
482700
691360
899520
1108320
6518
215320
423860
632140
843560
1051316
1259740
157200
365260
573400
781240
989780
1198140
94840
302580
512200
720500
928740
1162840
60800
269415
477540
685020
893200
1101320
1310580
208000
416320
624880
832940
1041020
1248420
146800
355146
563760
772280
980916
1188960
86360
293800
502020
710240
918180
1126500
23580
230720
439080
647285
855120
1064240
1272720
169580
376960
584580
792220
1000080
1207660
104280
311960
520300
728140
936060
1144700
42320
250620
458540
666160
817260
1027100
1235860
133440
341420
549530
757540
965140
1173060
70300
278860
486400
694960
903460
1112220
8860
217480
425460
633500
841418
1049940
1258400
156200
363860
571600
779720
989200
1197420
95440
304360
514980
723800
931400
1139880
36980
244880
453400
661680
869860
1078700
1286962
184480
392280
599700
807600
1016180
1224420
121780
329760
537580
768920
977460
1187080
84680
292480
500300
708720
917140
1125260
21600
229560
438080
645800
853160
1060920
1269300
165800
374350
582520
790740
998180
1205900
103000
311740
520760
729440
937180
1145720
44480
251680
460100
667820
875980
1083620
1292560
190060
396900
604780
812920
1020860
1228780
126820
334460
543220
751580
960100
1168340
65460
273240
410100
619860
828340
1037080
1245000
143820
352160
560120
767700
975500
1183780
81020
288700
496516
704820
912980
1121060
19100
228620
436220
644960
853440
1061080
1269500
167200
375391
583600
791480
999420
1207600
105060
313674
521420
729644
937760
1146740
46220
254240
462540
671080
879040
1086720
1294420
190860
399020
606520
814520
1022300
1230440
128500
357880
567290
774920
982720
1191000
88680
296700
505960
714960
923820
1131860
29600
237340
445200
653900
861660
1070300
1278380
175120
383300
590360
799700
1008480
1217120
114660
322940
531520
740140
948460
1156680
54900
263080
470660
679560
887420
1096280
1304880
202500
410800
618900
827180
1035440
1243800
142040
351240
559720
768360
977080
1184480
21820
231300
440440
649100
856600
1065780
1274040
171540
379580
587440
796160
1004020
1211520
107820
316300
524420
732040
940180
1148360
46800
254900
463320
671540
879460
1087600
1296000
194356
402380
610140
818640
1027300
1235540
132720
340440
548360
756460
964260
1171920
69120
276460
484240
692380
900320
1108100
4620
212160
419960
627880
836540
1045564
1276340
174280
382980
590540
801380
1010220
1218360
115500
323740
531200
739096
946500
1154740
51940
258900
466860
674980
883040
1090300
1297780
195020
402500
610340
817920
1025940
1234680
132220
340120
547580
756000
964500
1172600
70340
278880
487160
695680
903740
1112180
10440
219100
427380
635280
843760
1051800
1260220
157120
365440
573580
781340
924460
1133660
31340
239140
447820
656860
865160
1073960
1282700
180100
388040
596260
804518
1012760
1220800
118380
325960
533820
742620
950860
1159169
56800
265580
473060
681680
889740
1098620
1306800
203920
411114
619200
827440
1036140
1244620
143160
350600
559140
767640
976360
1184880
82420
291000
499780
708740
916800
1124860
21880
230160
438000
646120
877240
1086634
1295200
193140
401280
609720
818480
1025994
1234180
131220
339980
547560
755600
963180
1170840
68620
277460
486040
693840
381180
595880
808140
1017920
1229000
127080
335540
544020
754380
963760
1172180
71040
279040
489760
697780
905960
1114320
12200
222600
431660
640060
848300
1056940
1266420
163800
372280
534580
744340
953244
1165760
64120
272680
480660
688180
896180
1104620
4040
212720
421015
629260
837240
1045840
1253700
150660
361820
571100
779960
988140
1196460
94580
303100
511640
720280
930580
1138640
36280
244000
452660
661460
870580
1078281
1286140
184002
394680
603500
812160
1020780
1229445
127040
334940
544160
753040
961680
1169360
68940
298420
509640
718460
927180
1135700
34060
242260
450260
659140
868600
1077740
1286220
185120
393080
601360
809800
1017720
1225880
123460
332440
540280
748960
957940
1167160
64080
272300
483120
690800
898480
1106180
3380
211860
419840
627540
835860
1044860
1253180
151160
359020
568100
776200
984640
1195080
92940
301260
509240
717860
927760
1135880
34320
243220
452400
660400
869060
1077500
1285880
183480
391860
600040
807960
1018760
1226360
124220
332420
540860
749560
958458
1166920
64320
272780
481060
689180
897060
1106120
3120
212040
420020
628680
837282
1044760
1254920
153360
361720
570040
779160
988400
1196580
93960
302500
510240
718300
926778
1135460
34000
243260
450840
658980
868000
1076420
1234720
133600
342180
553080
761920
971260
1180440
78360
286600
494760
703260
911660
1119900
17280
225520
434360
643280
851600
1059660
1267980
165520
374640
582860
791520
999080
1207760
104540
312520
521080
731400
940000
1147840
44660
252500
461600
670540
878320
1086200
1294900
192180
399960
608360
816280
1024400
1231980
129400
336360
543920
751460
958500
1193695
92320
300320
508420
717220
925040
1133820
33260
241480
449560
657920
865960
1074120
1282700
180260
389320
597140
805300
1013740
1221460
119120
327260
535200
744220
953180
1160940
59300
266600
475500
683280
891800
1099300
1307840
205300
413100
620680
827880
1036920
1245500
145360
354220
562580
770780
979100
1187820
85440
293840
502180
710120
852080
1062400
1271360
169360
377880
585900
794640
1003960
1212280
109880
318260
526600
734740
943940
1152320
49940
259100
467820
677420
885900
1094340
1303580
201540
410400
619460
828360
1039220
1249140
147340
356480
565100
773740
981980
1190560
88480
297420
505940
713880
921880
1130540
28118
236800
444960
653480
862760
1070660
1279362
177160
386280
659660
873040
1082720
1290880
189640
397880
606580
815120
1024540
1233540
131440
339760
548720
756940
965040
1173700
72120
279560
490140
699360
907940
1116200
13960
222660
431500
639460
847800
1056260
1264480
162020
370700
579760
788440
996960
1204960
103100
312080
520820
729740
938420
1147440
44400
253260
461900
670300
878620
1086520
1294360
191760
420060
629760
837980
1046900
1255120
152580
361140
568900
777120
985420
1192720
90880
300100
508880
716920
927160
1135340
31900
239460
447620
656240
864700
1072676
1281880
179140
387680
596040
804240
1012240
1220700
118640
326720
534720
742420
950240
1158120
55800
264180
472600
680600
888360
1096900
1304840
202280
411180
619980
828340
1036520
1244860
142940
351600
561777
771560
979720
1187520
85040
293840
502180
710960
919040
1126080
24160
232580
440440
648036
856440
1066320
1274540
172260
381340
589220
797240
1006120
1214600
111620
319880
527740
736940
944940
1152960
50760
260020
468600
677520
886520
1095220
1303860
201840
410320
618837
827300
1035840
1244600
142560
350560
559880
769340
978120
1186140
34500
244480
453180
661980
869480
1077640
1286220
183420
392020
600580
808660
1017180
1224960
122640
331520
539920
748520
956560
1165120
62280
271000
479880
688600
896900
1105340
5860
214500
423380
631900
841020
1049880
1258540
155689
364200
572740
780320
988400
1196580
94160
302400
511100
720680
929460
1137820
35300
243720
452340
660320
868940
1078180
1309760
208980
417600
626220
834560
1042820
1251236
149014
356500
565160
772980
981220
1190160
88140
295840
503460
711680
919820
1128380
25580
234000
442600
650280
858440
1066340
1274560
171500
379420
588260
796840
1005180
1212680
109920
318200
526740
735240
943720
1152400
50220
258340
468580
678220
887280
1095840
1304340
200500
409340
618440
827300
944260
1154300
52180
260820
470100
678680
887360
1096520
1304840
202500
411020
619040
827020
1035380
1243240
141400
349100
557100
764860
973400
1182560
80520
288340
496960
705160
913520
1121540
19000
227100
435600
643420
852100
1059740
1268700
165780
373900
582120
790440
999300
1206780
104260
312660
521138
729980
938460
1146900
45400
253480
462080
670720
902260
1111540
9740
218020
426500
634660
843000
1051000
1259120
156280
364580
572920
781500
989860
1198260
98360
307500
515960
724940
933440
1140960
38900
246860
455200
663620
872540
1081060
1289280
185880
393140
600700
808600
1016640
1225060
122320
330540
538200
746020
954440
1161960
59920
268820
477100
685180
893020
1100840
1310200
208360
416840
555440
765820
974480
1182600
80660
289020
498340
706380
914840
1122580
19853
228960
437240
644940
852620
1060520
1268320
165520
373500
582060
790080
998480
1206680
104280
312380
520480
728520
936100
1143960
40400
248000
455920
663520
872260
1080680
1289340
186500
394560
603320
811480
1020100
1228380
126080
335500
543640
751600
960680
1167900
66760
275400
507120
715660
923860
1132500
29260
236940
443100
650040
859160
1067740
1276420
174080
383020
590960
798980
1007220
1215081
112520
320880
529320
736520
944000
1151280
48800
256760
465240
673100
881800
1089460
1298400
196160
404440
611920
819780
1028080
1237400
135360
343420
551740
760780
969560
1177600
74900
282754
491800
700120
909140
1117440
15800
147580
356980
565000
773580
982180
1190220
88500
296200
505460
713740
921760
1130280
28440
236520
444700
652380
860440
1069218
1277540
174560
381760
589615
797720
1005460
1213020
110600
318260
528020
737200
945420
1154380
51620
259460
468000
675740
883700
1091520
1299920
196280
404660
612962
821100
1031400
1240060
137020
344980
552500
759940
967780
1175300
92680
302680
511280
719560
927400
1136178
33800
241580
449520
657940
865760
1073840
1281520
178420
386615
594840
803340
1011615
1220240
116940
324620
533000
740940
949240
1157460
55200
263040
470920
679380
887300
1095440
1304080
202600
411180
619040
826940
1035700
1244020
141160
349040
556700
765300
972660
1180900
79380
288000
497340
705640
913320
1060500
1269380
167220
376080
583680
791760
1000200
1208840
106140
314380
522760
731160
939360
1148060
46380
254480
462680
670640
877860
1085140
1293400
191550
399500
608440
817240
1024800
1233540
132000
339460
547740
756460
965380
1173480
70540
279220
486520
694380
902900
1111400
9280
217060
425520
634100
842880
1051020
1259100
157120
366080
577040
785600
1016460
1226402
123420
331820
540600
747900
956320
1164700
61880
270020
478660
686300
893700
1101960
1310280
207500
415600
624080
832560
1040320
1248980
146540
354440
562684
771960
980229
1188920
86060
293620
501080
708980
917480
1125520
23020
230820
439060
647860
856320
1065360
1274460
172420
379800
587600
796080
1003300
1211580
107800
316260
524520
664560
873140
1081640
1289700
187640
395940
604180
813040
1021880
1230360
127478
335340
543800
753202
962240
1170780
69076
277660
485840
694120
902360
1109980
7540
215060
423400
631720
840880
1048900
1256200
154080
361620
569980
777880
986720
1194580
91940
300560
509780
718120
927320
1136580
32740
240360
447780
655842
863500
1071960
1280540
177100
386300
616756
826640
1037020
1245220
143140
351460
559140
767461
975640
1183680
80160
287580
495900
704320
912680
1121460
21480
229140
437600
644660
853218
1061940
1270280
167680
374980
584280
793200
1000960
1210140
107100
315680
523500
732000
940520
1148740
45800
254060
461740
670280
879020
1087520
1296980
194262
402480
610140
818620
1026780
1234320
132060
275560
486320
695560
905000
1114000
11700
219200
427260
635720
844280
1051680
1259520
157260
365560
573300
782000
990600
1198980
96440
305080
513640
721520
929860
1138120
36020
244740
453220
660980
870040
1077920
1286280
184518
392560
601000
809180
1017280
1225140
122840
331120
538960
747400
955700
1164280
61600
270580
479560
687440
895140
1102560
1310060
230324
438560
647020
855420
1063460
1272780
170720
378640
588180
796620
1005080
1213420
110980
319480
527660
736400
944260
1151480
48680
257040
465700
674780
883500
1092300
1301560
199260
408240
616240
824520
1033620
698480
916480
1128760
30040
239520
450340
659940
868240
1077880
1288140
186309
395020
603380
813740
1022983
1186320
86440
296440
507540
715960
924640
1133060
30880
238980
449260
657800
866420
1074800
1283580
181440
394120
602800
810620
1018160
1225860
122880
330280
540460
749040
956820
1164560
62460
270820
479100
687120
897500
1105860
3100
210660
418660
627000
834680
1042720
1251282
151200
359580
568380
776500
984340
1192140
89680
298280
507460
715840
926920
1158460
56460
265360
473900
682360
890120
1098380
1307120
205100
414600
624700
833420
1041180
1249120
147180
355720
563740
772400
980722
1188520
84700
293460
503720
712100
921360
1130140
28260
236680
444815
653080
861400
1069720
1278180
176060
383960
592720
802400
1011600
1219560
117480
325220
533780
742089
951000
1159380
56000
263040
471500
679600
785560
995700
1204160
103602
311800
520640
728140
936900
1144860
42260
249520
457820
665160
873420
1082080
1289880
188120
396360
604320
812460
1020040
1230060
128720
336960
545580
754340
962720
1171020
68600
277270
486440
694400
902620
1110360
8520
217042
424840
633200
841420
1049580
1258380
158900
367900
576320
784020
992200
1200620
97900
305640
514260
745335
954940
1163240
61760
269920
478120
686080
894200
1103060
1310420
207760
415600
623620
831780
1042320
1249880
148158
356080
563400
771060
978240
1185460
82920
289900
497060
705520
913340
1120340
18040
226436
434780
642440
850160
1058240
1265960
162740
370480
578080
785040
995600
1204520
101620
310900
518680
727317
935480
1144320
41500
249260
385920
595700
803380
1011780
1220300
117960
326620
534920
742820
951860
1159600
57300
265680
473500
681300
889420
1097800
1305860
203180
413480
621820
830120
1039100
1247320
144580
352520
561200
769700
977880
1185220
82640
290760
498460
707120
915080
1123680
21480
230060
437640
645520
853440
1061080
1269960
168300
376320
585020
793400
1001300
1208800
104520
339076
551440
760360
968220
1175880
73000
280680
488500
697340
905720
1113680
11060
218260
426020
633520
841900
1050220
1259200
157020
366280
574200
783820
992260
1201160
98020
305500
514680
722900
931460
1139900
37380
245420
453380
661720
870440
1078840
1286480
186300
394740
603100
811020
1019340
1226920
124300
333340
541100
749200
957700
1165760
3680
214900
424000
633120
842100
1049833
1257860
156320
364280
573120
781000
989780
1197700
94500
303060
511940
720140
928460
1136880
34940
242760
450720
659140
868720
1077300
1285880
183820
392400
603120
812380
1021540
1230060
128080
336500
545360
754460
962760
1171440
69540
277522
485680
694518
902840
1111320
9840
217820
427360
635580
844180
1073520
1284340
182520
390820
599240
807720
1016500
1224280
121500
330060
538640
746500
954800
1163200
61040
269360
477660
685140
892645
1100960
1309520
207300
415040
623780
832640
1042720
1251160
149260
358200
566100
774140
982270
1190680
88440
296720
504940
713200
921380
1128940
26440
233980
441420
649120
857520
1066420
1274920
171780
379800
588000
795860
902840
1112440
10240
218600
426980
635100
843340
1050780
1258940
156300
364680
572680
781100
990040
1198460
96240
305940
514460
723060
931020
1139420
37240
245420
453900
661957
870640
1079220
1289260
186960
395880
603620
811860
1020000
1227640
125040
332900
540040
747700
955080
1164040
61260
269820
479620
688060
895660
1103960
680
209740
419220
627520
902320
1113460
11920
220660
428660
637800
846660
1054960
1263480
161120
369922
577880
786240
994580
1202220
99200
308140
516480
725440
933840
1142380
40180
247580
456260
664260
871720
1079600
1288200
185500
393840
601960
810420
1018680
1227380
125340
336780
545000
753740
963360
1172000
69320
277960
486640
695680
903360
1111500
8440
217980
426780
657620
866520
1075380
1284300
182000
390620
599720
808840
1017400
1225680
123100
331840
540160
747680
955480
1163960
61000
268800
477100
685674
894480
1102540
220
209460
418900
627120
835600
1043360
1252220
149420
358000
565580
773680
982120
1191220
88040
296920
505220
713420
921300
1129680
27660
235720
444260
652300
860200
1069460
1277700
175860
300767
510480
722000
929920
1137780
35620
243420
451566
659620
867300
1076040
1284000
181980
390520
598460
806440
1013960
1221460
118700
326860
534780
742920
950760
1159100
56940
265200
473760
681260
889180
1096920
1304800
202140
411180
619260
827920
1037240
1245000
142160
350340
558440
766420
974600
1183220
80300
288640
497000
705280
914040
1123140
20960
251280
460680
669660
878640
1088180
1296082
193380
401980
610460
818880
1027260
1235960
134000
341820
549640
758040
965560
1173700
70260
278560
486760
694380
902360
1110660
8125
219020
427160
634760
841840
1049220
1257440
154740
362000
569700
777440
986140
1194060
90920
299140
507120
714940
923260
1130640
27862
235460
444000
652880
861600
1069540
1262540
165300
375780
585140
795200
1005300
1214200
112640
321120
529680
739020
947720
1156597
54880
263300
471960
680680
889520
1097660
1306560
203940
411660
621220
829640
1037404
1245960
143580
351320
560569
768880
978360
1186580
84580
293280
502260
711000
919160
1127660
25378
234140
441880
650580
858680
1067100
1275900
172660
380320
587520
795362
1010780
1220972
119080
327680
535974
743760
951920
1159860
58000
267000
478060
686900
896040
1103160
1780
210280
418498
626660
835100
1043588
1252600
149960
357980
566600
775040
983600
1192540
90140
298838
507640
715760
923320
1132040
29300
236960
445480
653620
862540
1071520
1279680
178040
386300
594180
803380
1012120
1220100
118200
326640
534900
743300
974080
1183940
82760
290820
499680
708960
917480
1125780
23800
232020
440820
649798
859000
1067360
1276420
174036
382660
591220
799540
1007880
1216360
114280
322700
530580
738242
947660
1155900
54020
262300
470120
678260
887440
1097180
1306060
203260
411120
618920
827820
1035980
1244400
142084
350920
559300
767360
975760
1184260
81420
290520
498700
609660
819520
1028300
1235958
135200
343964
552320
760160
968380
1176680
74420
283140
491540
699860
907560
1115593
13880
222620
430820
639160
847800
1056160
1264660
162320
371500
579880
788382
996700
1205040
101840
311298
519720
728040
936300
1144200
42820
250680
458820
667500
875920
1084360
1292540
189900
398240
606520
815420
1023780
1231740
129400
337600
568700
777380
985560
1193420
91220
299020
506560
714240
922000
1129860
27880
235560
443800
651600
859560
1067380
1275360
172860
381000
588920
797280
1005240
1212920
110100
318080
525740
733960
942360
1151620
49160
256940
466200
674560
883220
1090840
1299380
196480
405520
613980
822298
1030120
1238140
134640
342460
550940
759500
967820
1175960
73620
209240
419240
627160
835120
1043340
1251060
149500
357140
564920
775140
983740
1193500
90620
298438
507640
715000
922680
1130940
29158
236680
444240
652380
860460
1068900
1276300
173400
381120
590140
797900
1006160
1214340
111360
318700
526600
734620
942000
1149580
46960
255440
462860
670760
878120
1086460
1294720
191920
399360
606980
813980
1021840
1229800
127160
336100
544680
753460
961540
1170000
67020
275100
482840
691840
899540
1107060
4160
212340
419900
627420
835540
1043300
1250680
148520
356040
563840
772300
980260
1188560
85520
293120
501200
709660
918880
1127220
24460
232100
439480
648110
855940
1064780
1274060
171640
380120
588440
796660
1005478
1213476
110780
319060
527400
736100
944020
1120800
19560
228300
436500
645440
853720
1062760
1271400
168920
377720
585700
793920
1002060
1210020
107580
316620
525900
734820
944360
1152500
50020
257540
466180
674560
882660
1091120
1298480
196540
407860
616100
824580
1032660
1241860
139100
347880
556080
764700
972940
1180980
78300
286240
494940
703000
911040
1118980
15900
224140
432340
640440
849040
1080580
1289580
186800
394920
602840
810640
1018740
1227660
125220
333420
542320
750640
960020
1167660
64640
272680
481007
689200
897660
1106520
4880
213440
421820
631090
839780
1048580
1257120
154300
362100
569900
778540
986920
1195360
92800
300900
508700
717340
925720
1134060
31560
239780
448311
657700
866280
1074620
1282640
180060
388720
597289
732300
942120
1150980
48200
256920
464220
672220
880200
1088820
1296360
193660
402200
610580
818620
1026800
1235620
133620
342480
551340
759740
968740
1176820
75480
283840
493060
701600
909720
1117180
14680
223280
431300
639080
847380
1055060
1263480
160440
368640
577940
786280
995280
1203520
101300
308940
516700
187620
402400
526540
737340
947527
1156120
54160
262320
473000
681680
890940
1100060
1308740
209840
419800
628940
838060
1047080
1258180
155760
364280
572820
781260
991840
1200200
97560
306740
515200
724200
937560
1146760
44283
252620
461240
669940
877700
1088580
1297960
195780
404020
612100
821640
1030440
1239520
140140
348980
557320
766040
974420
1182975
80360
309080
519380
729540
939562
1148720
46980
254900
463820
673100
882080
1090420
1299282
198720
407820
616500
825280
1034480
1244040
142540
351180
559520
768820
977920
1188420
87013
295940
503800
712400
921620
1129860
28100
236660
445060
653320
861280
1068860
1279380
178280
387400
595940
804180
1012560
1220720
118820
327880
536700
744520
952940
1160680
58660
290220
499260
707180
915640
1125360
22220
230640
438640
647440
855740
1063640
1273180
170900
379340
588500
797960
1008920
1218440
116980
324600
532540
741800
950600
1158917
57140
265800
473900
682660
890680
1098360
1307202
204860
413640
621460
832020
1040680
1248980
146600
354700
562180
771340
980920
1189380
87920
295080
503440
711880
920380
1129160
1238540
137720
346640
555620
763680
974220
1183560
81580
290720
499020
707580
915640
1123940
22120
230020
438500
646740
855580
1064200
1272580
170600
378860
587280
795380
1004240
1211880
109440
320920
530120
738520
947544
1156820
54920
263840
471920
680400
888640
1096840
1304960
202080
410500
619080
827680
1035900
1244240
141960
350880
559158
767040
974600
1203960
102198
310180
520320
728500
935740
1143560
40420
247960
456600
664960
873520
1082020
1289920
187260
395640
602940
810760
1018645
1226480
124100
332040
540120
748600
957940
1168300
66820
274300
482260
689820
898480
1107950
6240
214840
422600
630950
839716
1047220
1255480
152620
360200
567940
775980
984040
1191940
88460
297120
504760
713440
839360
1048560
1256660
154154
362540
571140
779020
987660
1196800
94200
302880
510300
719060
927300
1137960
35620
243900
451280
659040
866800
1075080
1283260
180660
388820
596220
805520
1013360
1222240
119500
326640
534060
742160
949980
1158000
55340
263100
471180
679340
887580
1094600
1301880
198980
406040
614320
821734
1029620
1238180
135800
344082
552140
783860
994680
1203717
102140
310480
518860
727280
936160
1144720
42700
250540
459060
667260
875440
1083480
1291420
189200
397980
605880
813940
1022580
1231220
128360
336600
545200
753220
961320
1170204
67100
275300
483260
691620
899400
1108197
5680
214080
421640
629980
837300
1045080
1253540
153620
361900
570420
779398
987660
1196180
92600
299380
439560
649120
856920
1065120
1273780
171840
380160
587720
796200
1004260
1213080
110120
318220
525820
733540
941580
1149640
47540
254280
462120
669120
876820
1084560
1291760
189260
396840
604680
813180
1021880
1230300
127780
335820
544560
753260
961020
1169020
66620
274360
483840
691880
899180
1106940
4120
213320
422000
630420
838100
1045860
1254340
150560
359420
568700
777600
985820
1193520
90780
298800
506280
714054
922100
1129620
27400
235660
444340
652100
860340
1068540
1276160
173440
382200
588800
797060
1004140
1212640
109420
317960
526080
732860
941040
1149440
47020
254520
462480
670840
880080
1088200
1295720
193640
402320
613020
821760
1029680
1238020
135660
343660
552040
760000
968560
1176620
38724
247740
456100
664980
873080
1080940
1289600
187700
396180
604880
813165
1021660
1229960
127680
335540
543300
750860
958800
1167200
64200
272380
480209
688620
897340
1105340
3480
212240
419940
629440
837820
1046660
1254760
152280
360400
567920
776400
984300
1193000
89920
298400
506520
715100
922540
1130980
27900
236380
444320
652500
863600
1071720
1301180
199700
408220
617060
824700
1032980
1241175
138580
346800
555300
763558
971560
1180000
77840
285800
494300
702160
911100
1118400
16000
223682
433040
640920
849700
1057920
1265940
163580
372220
579800
787760
995640
1203720
100517
308780
517660
726080
934560
1142940
39980
248940
456880
664780
872300
1079880
1287860
184680
393200
601440
809860
954080
1164480
62640
271580
480300
688820
897158
1104860
2980
211360
420120
628020
836100
1045060
1256660
154780
363477
571780
780780
988980
1197620
95560
303360
511602
720400
929180
1137560
35760
244340
453540
662660
871360
1079660
1288260
185260
393340
600920
808860
1017260
1226240
123840
332360
540560
749100
958520
1165680
63340
270962
479260
687920
961320
1172140
71120
279600
488680
697840
906260
1114960
13122
221520
429540
637720
846060
1055602
1264100
162980
371900
580120
787680
995360
1203840
101620
310200
519360
727880
936740
1146120
43480
251920
460360
668660
876320
1085480
1294400
192340
401300
609700
817100
1027420
1235720
133800
343800
552500
761320
969720
1177700
74760
282600
490840
721660
931100
1139360
37700
245520
453880
662280
871080
1079180
1287120
184220
393200
602060
810600
1018460
1227200
124920
333420
542200
751060
958340
1166760
63760
271640
479520
687560
895220
1104300
920
208840
416520
624900
833200
1041780
1249260
146460
354300
561540
769400
977300
1186040
83500
291680
500080
708380
916340
1124200
21020
228960
356480
566460
774350
982740
1191900
89300
296800
505200
713620
922100
1130420
27400
235480
444400
652180
860480
1068400
1277160
175120
383340
591700
800389
1010720
1219140
116620
324760
533420
741000
947840
1156300
52780
261340
468980
677520
885000
1092180
1299740
197080
405800
614180
821780
1030220
1238320
135740
343500
551340
759820
969060
1177280
74440
307340
515600
723900
932260
1139980
36860
244320
452280
659960
868260
1075900
1283520
180680
388520
596720
804740
1012100
1219940
117680
325100
533420
741000
948540
1156540
53920
262380
470660
677580
885260
1092400
1299440
196120
404120
611820
820360
1028780
1236700
134040
341860
550460
758280
967280
1175320
72140
280260
487520
695480
903320
1111040
1278162
176840
386060
595400
803620
1012620
1220640
117480
326080
534560
742140
950760
1159140
56860
263980
472100
681100
888340
1096240
1304100
201880
410100
618260
826220
1034680
1242840
139860
347480
555460
763100
971760
1180740
78380
286680
494920
704040
912540
1120300
17600
226180
435000
642640
851480
1059720
1267700
165560
372960
580800
788660
997080
1227560
125300
334260
542620
750840
959540
1168120
65640
274180
481800
689760
897720
1105460
2880
211000
418860
627320
835600
1044160
1253444
150980
359100
566940
775200
983520
1192000
89700
297700
505778
713240
922160
1130340
27140
234740
442340
650720
858560
1066360
1274293
171240
379540
587703
795820
1004020
1211920
109520
318340
526380
734760
870860
1080580
1289400
186440
394660
602580
811200
1019720
1227080
124840
332340
539880
747780
955209
1163380
60920
269820
477980
686700
894900
1102780
580
211300
419700
627580
835820
1044240
1252200
149620
357980
565240
774020
981940
1190020
88100
295820
503920
711540
919780
1127740
25600
234000
442080
650540
858880
1066640
1274280
171940
379980
588520
817520
1026480
1235000
132920
341080
549700
759920
968500
1176840
74580
283480
492040
700480
908398
1116540
15000
222940
432040
640240
848820
1057820
1266060
164700
372460
581300
789760
997820
1205380
103600
311482
520240
728160
937320
1145800
43306
252020
460760
668880
877060
1084920
1292880
190820
398980
607500
815240
1023800
1232580
129462
337580
470800
679960
888220
1096340
1305140
202900
411060
618560
826340
1034480
1242900
140520
348820
556820
764960
974120
1182680
80000
288180
495700
704060
911980
1120760
18660
226900
436280
644560
852920
1061300
1268900
165520
373180
581300
789860
997920
1205360
101960
309640
517680
724760
934720
1142840
40560
248340
456040
663280
871200
1079620
1288480
185800
413800
623700
832340
1041060
1249840
147500
355460
563840
772844
981180
1189400
87520
296740
505440
713640
922160
1130440
27540
235400
442620
650322
857580
1065400
1274920
173400
382220
591440
799560
1008840
1217180
114642
323520
532600
741200
949680
1158080
55680
264480
472880
680680
889380
1097800
1306820
205460
413920
622840
831060
1039540
1248438
109260
320900
530660
740040
948820
1157640
56000
264460
473620
681880
890200
1098200
1306900
204940
413260
621580
830420
1038840
1247060
145360
354940
563360
771620
979602
1187280
85440
294200
503620
712520
921200
1129560
27320
235460
444020
652380
861140
1069762
1278520
175840
384322
593000
801260
1009800
1218020
115220
323640
531300
739660
947760
1175220
74300
283660
492540
701180
910480
587640
805200
1016860
1229020
127320
337778
547360
757080
965940
1175380
73840
282364
490240
700180
908500
1117640
15620
224360
433680
643220
852260
1061080
1269900
168200
378500
586760
795120
1003780
1211940
109780
322240
530740
738960
947040
1154242
51700
260440
470820
678900
886840
993640
1203360
101640
309500
518358
728620
937940
1146036
43400
251200
459180
667460
875520
1084700
1295537
192940
401960
610300
818080
1026920
1235500
133540
342140
550280
760820
969080
1177840
74640
281880
490060
698260
905920
1114600
11460
219520
430040
638160
846678
1054840
1262960
159680
366680
574421
782780
991280
1199660
97700
307600
516060
723600
954400
1163160
60700
267860
475860
684120
892520
1100200
1307980
204880
412440
621940
830120
1037660
1245820
143700
351820
560480
768720
978000
1186460
84160
292360
500680
708960
917820
1126080
26080
234620
442580
651020
859500
1068220
1277200
175220
384420
591700
799840
1008440
1217160
114520
322800
531620
740260
948080
1158360
56040
264640
472800
589400
798760
1008080
1215920
113940
322040
529420
737240
945340
1154140
50420
259380
467100
675320
883380
1091520
1302180
200300
408436
616740
825120
1033920
1241660
139580
347800
556420
764640
973080
1181020
78960
286980
494400
702720
910680
1119760
17060
225240
433660
642660
853380
1062500
1270000
167380
376260
584460
793020
1000460
1208640
106698
315460
546440
755760
964520
1172500
69940
277700
485000
692480
900580
1108840
5900
214080
421540
629320
838640
1047040
1255300
152440
360400
568325
776500
984060
1191960
88800
296680
504700
712880
921800
1129980
28220
235760
443300
651240
859720
1067700
1275522
172720
381020
589320
796880
1005120
1213020
110060
320160
528660
736320
944980
1153140
50720
190200
399140
608140
816980
1024560
1232840
129520
337380
545680
754340
961620
1169320
66520
274300
482460
690660
898900
1106820
4600
213420
421460
629564
837860
1046760
1255120
152680
363120
571660
780600
989840
1197600
95710
303720
511620
719280
927380
1135040
32640
240640
448740
656500
864580
1073260
1282000
179260
387440
595609
803780
1011340
1218960
140520
350160
559920
768020
976420
1185160
82940
291440
499860
707620
916000
1123760
24280
233440
441880
650240
858480
1068120
1275782
173620
382420
590460
798940
1007060
1215360
112640
321060
529260
737100
945680
1153400
50440
257880
466320
674540
882490
1090500
1298520
195480
403340
610900
817860
1025900
1233960
130900
339945
547660
755700
964080
1103880
2800
211500
421840
630660
839020
1047020
1255860
153396
361400
570060
777500
984918
1193860
91860
299700
507420
716100
924060
1132300
29300
238240
447620
654900
862560
1070940
1278560
176200
383860
592760
801600
1009655
1217980
116200
324320
532920
740320
948700
1156480
53820
261820
470120
679100
887500
1096260
1305180
202480
410260
618560
828900
1060220
1268740
166280
374680
582620
790340
998420
1206700
104140
312640
521320
728780
936720
1145040
42280
250180
459100
667820
876720
1085040
1293520
191820
400780
609340
817380
1025900
1233980
132180
340060
548980
757020
965720
1173460
71160
279040
488060
696160
904820
1112540
9740
217500
424860
632160
839820
1047300
1255300
152880
360860
570840
713140
923640
1134600
32540
240740
449070
657660
866740
1075220
1283600
181720
389900
598160
806640
1015500
1224480
121440
330340
538660
746860
955120
1163520
62000
270900
479240
688640
896800
1105000
3180
211260
419940
628320
836860
1044400
1251940
149000
356600
564400
773240
981400
1189255
87040
295040
502600
711620
919960
1127100
24840
233460
441520
672620
882920
1091840
1300160
198160
406600
614360
823180
1030800
1239220
138640
347060
555362
763740
972360
1181760
79220
288000
496020
704460
912900
1121220
18320
226560
434820
642600
850780
1059780
1268040
165340
374140
582680
790960
999440
1207120
105220
313780
522160
730260
938600
1147280
44420
253160
461340
670000
877940
1085440
1293500
190640
305060
515500
724160
932180
1141160
38200
246620
455360
663754
872280
1081060
1289240
187000
394840
602880
811180
1018440
1227020
124640
332460
540240
748580
956000
1164580
62560
270642
482040
690860
899360
1108460
7280
215480
423760
631960
839940
1048780
1257900
155600
363940
572581
781000
989460
1198482
96960
305600
514260
723480
931765
1140000
37776
266680
475360
684540
893060
1101695
1310600
208180
416640
624980
834220
1042960
1251377
148540
356860
564680
772460
980609
1188720
86220
294980
503540
711320
919380
1127100
24780
232400
440560
648740
856920
1065520
1274540
172220
379860
587340
795300
1003400
1211700
109600
318200
526720
734040
942160
1150020
47370
254840
463280
670740
878640
1087460
1216240
114800
323740
531700
739340
947260
1155480
53380
261000
471140
678960
886720
1094780
1302660
199700
407720
616320
823940
1031900
1240760
138540
347420
555840
764500
973180
1181160
79520
287880
495840
704400
913140
1121780
19320
227700
436100
645280
852780
1060660
1269100
166400
373940
581860
791240
999080
1206240
103965
311520
518400
727580
936220
1166320
65280
273820
481538
690060
897540
1105580
3133
210700
419120
626860
836120
1043100
1251600
148320
355900
563560
772280
981080
1189222
86780
295540
503560
711800
920020
1127760
24600
233400
441640
650360
859320
1067660
1275380
175180
384220
592200
800760
1009160
1217040
114335
322340
530680
739100
947420
1155500
53382
261920
469260
677640
851860
1065120
1274340
172940
381960
590660
798920
1007700
1216900
115320
323740
532560
740700
948840
1156740
54720
262618
471240
679160
887960
1097080
1304240
201800
410420
618300
827720
1035860
1244560
142340
351360
560320
768480
976380
1185320
83360
291460
499700
708040
916500
1125160
22340
230520
438820
648180
857400
1065920
1274060
172320
381160
608100
818100
1026920
1237020
135500
344880
553980
762620
972140
1180920
78860
288080
497136
705780
914980
1124100
22120
230580
439520
647880
858000
1066400
1274520
172580
380920
589920
798420
1005640
1215840
113700
322670
530760
739880
948860
1156180
52680
260340
468100
676380
885200
1093680
1301880
199820
408260
616980
825700
1033800
1243200
141420
349720
581700
791280
1000860
1209020
107420
317580
525720
734920
943560
1152820
50940
258520
466500
675140
883580
1092340
1301100
197640
407080
615200
823900
1031860
1240824
138200
345800
553240
761820
970320
1178760
76300
284720
493060
701100
909680
1118680
16401
224820
433660
641060
849620
1057880
1266720
165660
374540
583680
791840
1000400
1208780
106440
220160
430420
639120
847140
1055740
1264020
161500
369900
578480
786700
995060
1203740
101480
310180
518860
727860
936240
1144380
42340
251120
458560
667280
875700
1083900
1292040
188800
397200
605700
814440
1022720
1230780
128580
336520
547620
757080
965200
1173040
72220
280360
488540
696540
905800
1114140
12060
221140
429060
636680
845900
1054240
1262860
182460
390780
599640
808900
1016940
1224980
123560
331980
540140
748240
956340
1164080
62220
270634
478800
686660
894940
1102640
360
208118
416500
624300
832300
1040880
1248900
145000
352800
561100
768860
977300
1185740
82900
291360
499000
705920
914020
1121980
19580
228060
436536
644820
852940
1060500
1269040
166300
373540
582000
790360
997980
1133340
32320
240980
448860
657320
865660
1074120
1282040
179040
387060
595680
803900
1012160
1220660
119100
327500
535420
744560
953380
1161240
58600
267020
475060
682900
890900
1098960
1307500
205340
413680
622140
830000
1038560
1246880
143933
352260
559920
768900
976980
1185320
82980
291120
499500
708040
915580
1123220
20140
228840
436360
644720
853060
1082960
1292800
192900
401760
609240
817560
1025760
1234000
132520
341120
549000
757440
965500
1175200
72620
281280
489820
697520
904940
1113720
10500
219800
426820
634660
842980
1050720
1258200
155960
363220
571100
778500
986600
1194020
90960
299580
507760
716220
924640
1133560
31840
239600
447560
654800
863220
1071580
1279560
177120
385400
594440
734140
943380
1151500
49480
259000
466780
675880
884480
1092320
1300880
197860
406660
614640
823180
1031420
1239720
137660
346860
554420
763800
972040
1179760
77400
285200
493240
701660
910660
1119360
16360
224940
432680
640700
848500
1057260
1266460
164440
372680
581040
789401
997660
1205580
103500
312120
520220
729200
937960
1145980
43720
251860
460140
689460
899700
1107950
6120
214300
422440
631040
839580
1048180
1257100
155520
363321
571680
779160
988380
1196040
93840
1073420
1288642
190660
400460
610600
818800
1027060
1235980
136320
345420
554520
762809
970840
1181720
79800
288840
497740
705520
916400
1124780
23060
231080
439340
649280
858620
1066460
1273940
171160
335440
549340
758480
967080
1175160
71980
280431
489460
699520
908320
1116160
13760
222200
430000
639220
847840
1058180
1266180
162840
371440
579380
787380
995620
1204460
102600
312780
521560
730580
938420
1145860
43220
251900
460260
668600
876920
1088460
1297320
194600
403040
611600
818820
1028020
1236120
135160
343340
551320
761640
970680
1180020
78640
316280
524920
733700
942400
1150040
48040
256720
464760
672820
883958
1092920
1301540
199720
408190
616700
825240
1032880
1241160
138720
347900
556340
764040
972260
1182800
81440
289860
499140
707580
915900
1123940
21140
229280
438460
646600
855180
1062960
1271280
169740
379220
588860
797520
1005600
1213680
111100
319300
526920
735160
943220
1151680
1257560
158160
367840
576700
784620
992880
1201040
98960
308940
517240
725640
933200
1139860
36720
245580
454120
661640
870660
1079560
1287760
186300
394920
603060
811300
1019840
1228460
126160
334600
544900
753620
961880
1170020
66880
275660
484300
693120
901420
1109880
7720
215060
423600
631980
840080
1048040
1256320
154000
362040
570100
778380
986460
1218960
116620
325620
534280
743160
950920
1159020
56420
264360
471980
680220
887960
1095600
1303920
201140
408800
617840
825560
1033540
1241000
138060
345320
553240
761620
970320
1177860
78140
286900
495300
704200
913520
1121420
19560
227220
435100
642540
850440
1058500
1266730
164260
372380
580660
790080
998160
1206240
103800
312000
520520
728840
848580
1058220
1266680
164740
372840
583400
792380
1000620
1208560
106380
314620
523380
730920
939060
1147000
44320
251560
459780
667220
875860
1083980
1292320
190780
399380
607220
815380
1024080
1232640
130460
339080
548000
755640
964258
1173180
70660
278300
486940
696900
905400
1114940
13040
220920
429220
637580
846060
1054580
1262080
159910
368520
577120
807580
1015860
1224080
121780
330260
538540
746260
955400
1165300
63600
271240
478000
686340
894260
1102960
440
208420
416560
625640
834000
1042220
1250780
148520
359000
567340
775740
984200
1192440
89920
298700
506740
714740
923900
1133120
30380
239420
447720
655780
865160
1074040
1282520
179540
386680
595040
803240
1012980
1221460
119020
327580
451520
661000
870460
1078340
1286260
184380
392300
600360
808533
1016380
1225040
123000
330700
538560
746880
957720
1165080
62880
271880
480083
687700
895720
1104320
2020
210720
418720
626740
834980
1042921
1251940
149160
357880
566220
774460
982740
1190840
88560
298220
506800
715680
924060
1132420
30300
238600
447460
655580
864340
1072680
1281700
179600
411200
620980
830900
1039380
1247880
146140
354660
563340
771540
979180
1187700
88816
297500
505880
713720
922320
1130660
28000
236400
445040
653880
862840
1071520
1279600
177340
385880
594020
801660
1010160
1219260
117900
326660
534000
742320
950420
1158640
56860
265140
473580
682400
891240
1098940
1306620
204378
411720
619980
828540
1036740
1244740
53855
263060
472140
680280
888620
1097240
1305500
203481
412180
620460
828500
1037140
1245560
145480
354120
562540
770738
978780
1187220
84040
292480
501400
710000
918740
1126680
25020
233520
441560
649980
858100
1066120
1274800
172040
380520
587660
795140
1003480
1211540
109220
316960
524596
733020
940980
1150040
48280
257000
464775
672800
880960
1088760
9760
218840
427500
635800
844460
1053360
1261220
159620
367260
575120
783700
991540
1199660
97780
305840
513600
722960
931540
1140040
38320
246880
457180
665820
874580
1082960
1291760
189560
398260
606480
814280
1023840
1231320
128700
336482
545960
753940
962180
1170660
68200
276120
484700
693140
901420
1110740
8040
216820
425520
633180
840980
966200
1176540
73800
282220
490920
698220
906360
1113640
11320
219320
427260
635360
843580
1051140
1259140
156400
363980
571860
780440
987820
1195600
93000
301004
508020
716320
924380
1132340
30220
237700
445760
654200
862720
1071300
1278740
176200
384860
593497
804440
1013120
1221740
119220
327460
536060
744380
952020
1159320
56940
264980
472580
680520
908240
1117980
15740
224500
432120
640220
847800
1055780
1264220
163340
372040
580600
788860
997380
1206480
104800
313660
522080
729520
937300
1145340
43320
252284
459680
668080
875960
1084140
1292500
190220
397840
605880
814162
1021860
1229780
126900
335520
543620
752500
960460
1168780
66540
274240
482280
690860
900380
1108840
5920
215160
423540
568180
778040
986600
1194480
92400
300120
507800
716020
923800
1131080
28440
236480
446880
654860
862980
1071620
1280300
177960
386860
595600
804140
1012960
1221060
118440
326320
535300
742860
950400
1158720
56420
265240
473540
681884
890540
1098840
1306960
205640
413760
622780
831420
1040340
1248540
145420
353120
561660
768370
975940
1184240
80960
289780
521180
731600
940060
1147900
46680
254380
462020
670480
878900
1087580
1295820
193720
402500
610260
819220
1027920
1236300
133440
341720
549780
758600
966880
1176220
73638
281460
489280
697740
906000
1114540
12580
221000
429680
638540
846258
1054480
1263540
160841
369760
577180
785100
994200
1202300
99200
308040
518420
727280
934920
1143100
40780
164860
373380
581860
789140
997740
1205340
102840
311080
518420
725880
934000
1142300
39880
247660
455220
663360
871300
1080400
1288300
185720
394380
602160
810200
1018580
1226580
123860
333040
540320
748700
956520
1165220
61880
269980
478420
686120
893780
1101780
1310420
207602
415660
623080
831780
1040180
1248562
145400
354000
562260
770560
979200
1185480
1282280
180160
388860
597040
804780
1011840
1219220
117080
325480
533000
740320
947840
1155060
52920
261220
468960
676140
884040
1092460
1300700
198420
406180
614700
823260
1031380
1239220
136380
345380
553300
761478
969200
1176920
74380
282840
490100
697580
906560
1114620
14040
222220
430220
638020
846240
1054280
1261880
159140
367180
576453
785120
992420
1220400
119640
327200
535140
742500
951460
1159940
57900
267320
476260
684240
891800
1099898
1307980
205540
413700
622520
830940
1039220
1247600
145580
354220
563060
771040
979780
1188400
85160
293380
501800
710620
918540
1126460
23700
232140
441200
650020
858040
1065720
1273760
171240
379060
586560
794700
1002420
1210840
108120
316780
525180
732760
912800
1125340
24180
232600
441140
649360
857158
1065500
1273740
171280
379960
589320
798160
1006314
1214460
111180
319360
527220
735740
944500
1152720
50480
258720
467480
676880
886200
1095400
1303720
201380
410480
619200
828300
1035920
1244800
142820
350680
559284
769040
977000
1185760
83420
292200
501520
710740
922480
1131980
30560
239120
447160
676640
887440
1097200
1305840
203560
412220
620940
829034
1037320
1246820
144280
352600
560680
769020
978160
1186420
84254
292620
500440
709660
918660
1126600
23765
232120
439720
648600
856640
1065000
1272767
170320
378460
586120
794120
1001240
1208860
106020
314460
522205
729940
937680
1146560
44120
253260
461560
670040
877540
1085640
1293600
190600
398640
630520
839980
1048460
1256140
154280
363200
572240
780780
989880
1198140
97004
305580
513780
721440
929100
1136960
34560
243200
450480
659200
867600
1075140
1283260
180900
389900
597880
806280
1014440
1222840
120440
329320
537460
745080
953740
1161780
59340
267180
475200
683280
891960
1100920
1308760
206680
415140
622720
830440
1039160
1248100
145696
295420
505920
715420
923840
1132084
29920
238420
446480
654640
862480
1070140
1277920
174900
384800
592780
801140
1009000
1217956
115660
322920
531500
740200
948100
1156240
54300
262100
469780
677980
885580
1094120
1302640
199660
407460
615680
823800
1032120
1240160
137480
345860
553760
761580
969640
1178000
76400
284560
493620
701680
909400
1118040
15420
246800
455020
663260
871600
1079900
1289260
187060
395320
603820
811640
1019940
1228540
126320
335260
543480
751720
959520
1167600
65000
273380
482620
690980
899740
1107780
5720
214820
423700
631800
840360
1047760
1256100
154140
362360
571100
779660
987060
1195540
92720
301160
508560
717060
925060
1133160
31000
239800
448160
656900
865700
1074840
1199380
98240
307320
516240
724360
932260
1140520
38800
247200
455240
663020
871400
1079080
1287360
184880
392420
599280
806720
1013980
1221420
118320
326600
534860
743380
951680
1159840
57520
266160
1268020
172940
386180
595920
805800
1015660
1224860
122880
333080
541760
749980
958020
1166220
66680
274518
482760
691560
900040
999940
1209640
107400
316040
523320
733000
941200
1149520
47740
255660
464160
676240
884840
1094600
1303220
200540
408840
616920
826920
1035640
1243980
141340
349460
557280
765580
974300
1185480
83060
292200
499682
707720
915640
1124358
22080
229440
439840
648480
857280
1065140
1272800
170380
379080
587900
796100
1004360
1215000
112620
320600
529720
738460
969760
1178180
75560
283820
491860
699600
910500
1119440
17480
224860
433380
641660
849220
1056680
1264460
160440
367680
576300
784960
995960
1204400
101540
309780
518360
726960
934493
1142600
40260
247840
455660
663680
871220
1078420
1288420
186400
394300
601880
810300
1018320
1227120
124860
333060
541860
749440
957220
1165440
63080
271140
479640
600000
811180
1019360
1228580
127080
335600
544380
753580
962120
1170020
67540
275020
482880
690920
898340
1106740
5060
212860
424440
633000
841940
1050860
1259980
158340
367540
576080
784341
992720
1200580
98540
307140
515920
724520
933480
1140720
38780
246591
454700
664900
873760
1082580
1290640
187870
395260
604060
812540
1020720
1229060
126640
334960
566020
775380
983960
1191800
89260
298180
507420
716180
924000
1132080
31500
239920
448160
655700
863840
1071520
1278900
176880
384540
592920
800880
1009820
1218120
114840
323220
531260
740642
949040
1156660
54520
261940
470400
679540
887680
1095880
1303540
203500
412160
620420
827740
1036540
1244480
141640
349889
557640
766060
974358
1183340
81560
204820
414460
623180
830640
1040020
1248340
145960
354280
562560
770560
978640
1186820
84180
292280
500240
710500
918620
1126520
24400
233000
441620
649740
858600
1067200
1275040
171940
379760
588340
796940
1006040
1213520
111360
318860
526720
734360
942480
1150300
47920
255400
463320
671120
879040
1087240
1295680
193040
401600
610140
820100
1027380
1236280
154840
363840
572260
780100
987860
1195840
93500
301640
509180
716480
924055
1133000
30280
238060
446615
655360
862860
1070740
1279440
176660
384360
592560
800900
1009820
1218400
115400
323320
531200
739380
947420
1154680
52340
259900
470820
679040
886640
1094018
1303080
199440
408000
616180
824640
1031980
1239580
136820
344000
551760
760180
967200
1118920
17740
225820
434540
642920
850720
1058260
1265860
163140
371820
579680
787780
995940
1204220
102260
309880
518320
727420
935460
1143420
40700
248720
457080
665740
873460
1084140
1293000
191520
400180
608540
816180
1024660
1233060
130560
339120
547460
755200
963180
1171460
69220
277900
486540
694220
902240
1109040
6500
214840
423080
631220
839000
1068498
1277480
175020
383820
592460
801140
1010040
1218980
116600
325440
533840
741640
950660
1158700
57240
264200
472020
680800
889417
1098200
1306800
205860
414620
622560
831160
1039420
1248220
145800
353900
562200
770120
978420
1186420
84480
293140
501760
709800
918460
1126260
23640
232540
440440
650020
859240
1068380
1276700
173396
381700
590620
721940
932400
1141900
39880
248180
456160
664800
873760
1082400
1291220
187980
396420
604820
813080
1021180
1228940
126340
333800
541200
750160
958600
1167300
65856
276240
484800
693480
901700
1109560
6860
214880
422700
631740
840400
1048560
1256240
153500
361120
568320
775580
982700
1190760
87740
296140
504000
712800
921695
1130420
28300
236340
445360
676480
885360
1094240
1302880
201840
409800
618500
827800
1036320
1245140
142420
350900
558800
767320
975060
1182920
80600
288780
497760
704720
912620
1120940
18100
225920
433940
642140
850000
1057980
1266180
164080
371900
583160
790860
999720
1208520
105700
314920
523240
731960
939840
1148160
45280
253760
461620
669700
877900
1085900
1293560
191500
325060
534640
744120
952300
1160740
57960
265960
473660
682640
890980
1099560
1308860
206900
415900
623940
832560
1041050
1249773
147200
355600
563760
771880
980400
1189120
87080
295360
503480
710820
918620
1126060
23620
231320
439220
647020
855159
1063420
1271280
169300
378060
586460
795040
1002940
1211960
109200
316840
524460
733080
943680
1151740
49000
282160
491180
699100
907740
1117060
14780
222700
430600
638060
846560
1055680
1264120
162280
370540
579000
787100
995420
1204040
101440
309480
518140
726460
935180
1144020
42460
251440
459640
668340
876040
1083820
1291400
188300
396880
604360
812060
1019680
1227360
124880
333220
541460
749220
957680
1164720
61940
270240
478180
686320
893640
1101442
1236680
134700
343740
552960
761280
969300
1177340
74320
282240
490040
697660
906120
1114040
10740
218600
427520
637260
845980
1054220
1263040
160940
369580
580280
788780
996820
1204440
102000
309940
518440
726760
936100
1144440
42080
250180
458620
666640
875680
1083940
1292320
189260
398020
605960
814660
1022900
1231600
129580
338440
546757
755520
964440
1198500
97320
306000
514181
722800
931300
1139060
36600
244880
452756
661280
870100
1078600
1287180
184500
393460
602540
811180
1019520
1227520
125840
334240
542360
750260
958680
1167420
65000
273020
480500
687920
896800
1105100
2935
211600
419820
627780
835920
1044040
1253000
149320
357140
565440
773420
981480
1189580
86440
293240
501080
708520
847700
1058760
1266940
164560
372880
582460
791600
1000820
1208700
106200
313600
522540
730760
938740
1147120
44680
252060
459780
667580
876140
1083380
1291660
189060
397140
605100
813300
1021400
1229120
126360
334620
543100
750380
958480
1166300
63500
272000
479800
687760
895064
1102440
1310500
207580
414940
622960
831480
1039360
1246860
143720
350940
558820
789260
998060
1206600
104640
312640
520720
729240
937820
1146420
44920
253120
461380
669560
877800
1086160
1295560
193309
401720
610020
819280
1027900
1236700
134940
342800
551400
759300
966680
1174640
71280
278780
487180
695280
903840
1111500
8920
217900
426485
635300
842980
1051860
1260260
157560
366120
573580
780980
988600
1196520
93680
303894
440020
649760
857880
1066740
1275360
173140
381360
589340
797180
1004740
1212860
110780
318960
527380
735980
943920
1152260
50060
258180
466400
675476
883360
1091540
1299820
196900
405700
614580
822560
1030880
1239440
137680
346160
554200
762480
971080
1179200
76860
285120
493800
701180
909720
1117360
14600
222540
430060
638140
846020
1053580
1261940
159220
384580
593760
801520
1009620
1218320
114780
323120
530500
738540
946400
1155040
51720
259480
467620
676893
885040
1093540
1302180
199540
407940
615500
824580
1031860
1240480
137580
346160
554420
762920
970800
1178840
75980
283900
491180
698440
907120
1115280
13020
221020
430220
638260
846760
1054880
1262820
160380
368200
576980
784340
992560
1200302
40960
250020
457840
666120
875260
1085760
1294040
191960
399740
607480
815280
1023040
1230780
127660
335480
543300
751680
960740
1169280
65860
273580
481620
690480
898580
1107000
3640
212340
420480
628800
836740
1045500
1253260
150920
359100
567000
775420
983320
1191260
89500
297440
505640
713460
922260
1130700
28020
235640
444440
652180
859900
1068140
1297640
198000
406140
614460
823560
1032460
1241500
138540
347000
555680
764260
972280
1179920
77120
285440
493600
702160
910280
1117900
15720
223940
432080
640040
847380
1056000
1264140
160900
368760
576900
785520
993380
1201420
99820
308360
516340
723800
931620
1140300
37220
245020
453440
661640
869460
1077860
1287100
185260
393560
602660
811720
986220
1198700
96840
305580
514420
723420
931400
1139120
37600
245870
454300
661880
870500
1078820
1286100
183360
391440
599500
807740
1016720
1224640
122020
330020
540380
748940
956860
1164340
61700
269600
476840
684820
893380
1101292
1309280
206940
415800
624640
832600
1040920
1248880
147420
356520
563800
772640
980320
1188900
85778
293600
502620
731540
942746
1151260
48198
256580
464680
672520
880500
1088820
1296820
195020
403060
611960
820920
1029240
1237140
134240
341880
550080
758880
967100
1175640
73558
281900
490000
698560
906580
1114960
12242
220800
429280
637740
846620
1054900
1263240
160780
368700
576560
784520
992940
1201320
98660
307320
514920
723160
931280
1140060
38640
246840
455320
562055
772120
981380
1189680
87260
295580
503140
710980
919500
1126956
24400
231880
439840
648180
856700
1065320
1274040
172200
380480
589520
797860
1005660
1213580
111720
319840
529640
737660
946700
1155300
52660
260580
469500
677300
886560
1095040
1302960
200280
408460
80960
295800
508320
718580
928440
1138280
37020
245120
358460
568200
776940
985460
1194220
93660
302540
511740
719580
927460
1138440
36740
244880
453580
661540
870940
1080620
1288580
185900
393820
602320
814180
1022820
1231740
129420
337860
546160
754240
964820
1173340
70860
278660
486840
695580
903900
1111842
11620
220240
428220
635940
843200
1051500
1260580
158540
366480
576480
784800
992900
1201100
98080
327300
536780
744460
952600
1159980
60180
268380
476800
684440
892140
1100020
1308120
205360
413720
622100
830100
1039780
1248900
146960
355560
564160
772060
979900
1187850
85240
293420
501660
709960
918200
1129500
26860
235274
443900
652400
860719
1069500
1278520
175680
383760
592915
800940
1009140
1218280
117700
325840
534240
742700
951380
1160300
1270620
168440
377260
585440
793860
1002620
1211160
108420
317444
525420
734740
942960
1151820
50240
258460
466913
675800
885013
1093060
1301340
200340
409000
617560
826320
1034560
1243080
140500
349160
559360
767400
976500
1184700
82660
290700
500500
708440
917760
1126640
24080
232220
440840
649900
857280
1066020
1274920
172780
381920
590880
801020
1009260
1240340
138760
347280
555060
763280
971300
1179500
77700
285900
494440
702380
910760
1118600
15800
223480
431880
639660
848100
1055560
1263660
162920
371180
578680
787220
995920
1203320
101180
309440
517480
725020
933260
1142420
40620
248820
457100
665200
873060
1081600
1289660
188260
396680
604400
813080
1021100
1228400
125720
336360
543540
752420
872760
1082160
1291040
188360
395860
603060
811280
1018600
1227200
124320
332360
541540
750100
959460
1167220
65300
274060
481740
690620
898560
1106380
3900
211980
420322
628940
839320
1048620
1256320
154060
362120
570440
778060
986100
1194120
91700
300360
508580
716280
924680
1133700
31460
239480
446940
655602
863940
1071580
1280120
177440
384740
592940
821020
1030840
1238700
136360
344800
552540
759380
969214
1176720
73640
280960
488400
695660
903655
1111960
9360
217060
425120
633900
841604
1049120
1256500
153780
361780
569100
776140
984300
1192562
89900
296920
504440
712140
919200
1126840
24320
232380
440480
648920
856480
1064080
1272020
168800
376500
586820
795636
1003700
1211520
108460
315960
476120
685602
893240
1101980
1309840
208860
417000
625460
833540
1041720
1249780
146600
354720
563360
771680
979540
1186600
83660
291500
499720
707960
916380
1124960
23000
230820
439260
648100
856380
1065840
1274482
172660
381180
589240
797360
1005380
1215880
113580
321280
530040
737300
945800
1154160
51740
259980
467820
675280
883200
1091320
1299720
196600
428740
638320
847200
1055240
1263280
160900
369420
577640
785640
993340
1201140
98680
305980
514700
723360
931260
1138900
36440
243980
452758
660420
868700
1075720
1284300
181260
389240
597060
805360
1013680
1222080
119760
330700
539580
748060
956720
1164960
62280
271160
479660
688020
896600
1105015
2960
212116
420340
628540
836680
1044720
1253280
88820
298220
506320
714400
922460
1130060
27460
235600
444060
651640
859660
1069120
1276380
173829
382120
590520
798820
1007640
1215440
113220
321680
530140
739000
947000
1155900
53820
262160
470660
679440
887760
1095840
1304660
202920
413660
622300
831860
1041220
1249620
147700
355800
563700
771820
980520
1189080
86358
295220
502720
710580
919680
1128080
48660
257360
465660
673960
882940
1091040
1298920
196420
404360
612460
820720
1029060
1237020
134540
342880
550433
758360
965900
1173500
69840
277220
485380
693440
901320
1110380
7040
214480
422920
631120
839818
1048500
1256706
154100
362260
570580
778880
987900
1196500
94440
301880
509940
720360
929040
1137060
34620
242160
449660
658380
866600
993180
1203040
101120
309520
517640
725780
934280
1143000
40720
248940
457220
665840
873500
1082860
1291640
189160
397860
605640
814020
1022760
1230760
128960
337580
545780
754620
963140
1170980
68960
276900
485200
693340
901240
1109720
7520
215600
424300
632420
840640
1048760
1256620
154460
362900
571660
780120
989140
1197200
93660
301780
509740
717780
948988
1157700
55340
263540
471020
678620
886280
1096760
1305580
202484
411100
619364
828060
1035980
1244480
141640
349520
557300
765180
973080
1181960
79880
288320
496280
704760
913740
1122240
20160
229300
438320
647300
855460
1064180
1272200
170000
378740
587620
796996
1005660
1214260
112400
320540
529560
737820
945660
1154420
52180
261300
469798
596380
805400
1014840
1223220
121220
329220
537762
745680
954240
1162060
60060
268560
477660
687320
896160
1104380
2420
210880
420000
628520
837060
1045780
1253860
151800
360320
568560
776720
984700
1193620
90920
298580
507820
719260
928060
1136820
34139
241880
449740
658560
866760
1075520
1284540
181920
390960
599740
808920
1018260
1225780
123360
331240
560600
769680
978680
1186740
84860
293300
501820
709682
919220
1128220
25820
233860
442756
651340
858840
1067080
1274960
171220
379280
587160
794720
1003140
1210600
107700
316220
524020
731900
940000
1148180
45420
252820
461320
669540
877580
1085960
1294060
190440
399080
606200
814020
1021760
1229600
127160
334800
543653
750700
958920
1166900
64160
200780
410340
618740
827000
1034480
1242740
139980
348840
556860
765380
972940
1180680
77960
286500
494740
705420
914280
1122440
19960
227740
436060
643900
852020
1059740
1268440
165720
373240
581820
789520
997780
1205720
103520
311340
519300
726740
934898
1142580
40540
248500
456680
665540
874500
1082100
1289120
186820
394640
602280
810860
1018740
1226860
147540
357200
566320
775180
983440
1192700
90240
297340
505720
713960
923120
1131460
28800
236780
445800
654240
862500
1071140
1279720
177460
386520
595520
804200
1013620
1221880
118960
293630
535620
744700
951900
1159720
56160
263940
471600
679580
887820
1095560
1303040
199920
407560
615840
824060
1032580
1240180
137790
345180
554040
761640
970420
1114680
13840
222660
431340
639760
847340
1055080
1262980
159900
370260
577640
785840
993500
1201580
99340
307880
516700
724860
932180
1140500
37480
245760
453980
661440
870180
1078520
1286380
184040
392380
602020
810380
1018800
1226680
124140
332020
540660
749060
957620
1165020
61800
270580
478800
686920
895260
1103120
380
208220
417220
626000
834520
1063600
1273060
171740
379100
586960
794440
1002920
1211520
109400
317080
524640
733000
940520
1149020
46560
253840
461880
669980
878720
1086440
1294700
192680
401440
609140
816280
1024480
1233380
131240
339400
547500
755080
962800
1170380
66600
274180
481960
690120
897900
1106060
3220
211080
419520
626520
834580
1042720
1251420
148340
355920
564000
720900
930440
1138360
35340
242900
451120
658840
866840
1074980
1282520
179940
386840
594020
801680
1008853
1219120
116360
323920
531480
739420
946420
1153800
50560
257140
465220
672820
880380
1088300
1296500
194000
401660
609790
817340
1025400
1232980
130600
338729
546860
754840
962520
1169860
66500
274360
481620
689620
897180
1105240
2800
210940
418636
524190
733320
941540
1149940
48764
256440
464240
672180
880300
1088760
1297360
194740
403520
612000
820580
1029020
1236900
134400
342680
551340
759580
967560
1175740
74060
283000
491640
699140
906880
1115240
13000
220920
429260
637440
844800
1052660
1260060
157760
365400
573360
781560
989180
1197400
94700
302420
509749
717380
925480
1133580
30540
239220
465980
674620
882158
1089120
1297820
195220
403320
611706
819900
1027580
1236920
134620
342640
550260
758100
965380
1173540
71120
278900
486900
695320
904220
1112460
10120
218480
426580
635300
843540
1050740
1258900
156060
364600
574000
783140
991420
1199420
96320
304420
512800
720560
928700
1136860
34978
243160
451160
659100
867320
1075260
1283380
126780
336600
546140
754580
962360
1170900
68020
275500
482920
691160
899120
1107960
5880
213680
421160
630180
838700
1047300
1255100
152140
360700
568800
777040
984740
1194000
91340
299100
506640
715520
924660
1132920
30480
238680
447560
656180
864920
1073500
1281980
179320
387300
596260
805300
1013720
1222120
119460
327520
534740
742940
950560
1159660
78940
287760
496560
704640
913640
1122360
20080
227600
435480
643380
851720
1059920
1268020
165440
373520
581860
790140
998280
1206340
104100
312240
521280
729480
937860
1146040
43360
252060
461220
669360
877800
1086200
1294240
192300
400960
609320
817980
1026140
1234818
132580
340860
549440
757700
965660
1173700
71880
279280
488020
696020
903940
621720
837570
1050700
1261560
161420
370180
579080
786847
996500
1204960
103180
310960
520040
729920
938360
1147180
44400
253100
462740
671640
879920
1088020
1296640
196060
404760
613880
822080
1030120
1239680
142580
351180
558920
766920
974680
1183320
80600
290440
498960
707340
915300
1123340
21380
229540
437180
646820
855300
1066120
1274820
172700
380980
589200
797520
1005660
1215980
114200
322860
531980
739720
947500
1156560
54980
262680
471700
681560
890200
1098400
1306180
204440
413520
622200
830560
1039240
1246980
144918
355920
565480
773860
982720
1190060
88060
297580
506180
714780
923180
1131880
30400
238940
449720
658160
866220
1074980
1283338
180960
389620
619020
830840
1040220
1248660
146320
354500
562960
772960
981420
1189760
87620
296780
505260
713440
922000
1130440
28700
237100
445620
653460
860774
1069460
1278140
177780
386520
595200
803460
1011500
1219840
117220
325740
534980
743620
951740
1160420
58640
266580
475120
683560
892140
1099960
1310080
207780
416240
624900
833440
1041700
1251180
149000
357240
453420
663920
872560
1080840
1289480
187020
395720
604600
812060
1020340
1228760
128080
336540
545260
754540
962200
1170440
67460
276140
483940
692100
900700
1108520
5720
214260
422140
629740
838640
1046740
1254280
151980
359660
567400
778340
986480
1195200
92200
300180
507400
715440
923200
1131160
28920
237300
445780
654020
861920
1069509
1278000
175720
406720
615340
824040
1032120
1240140
137880
346760
555400
763160
973000
1181920
79720
287480
495700
704020
912460
1121200
18860
226280
433880
641820
849520
1057460
1265900
162360
370720
578480
786420
994720
1202960
99620
307120
514820
722400
930420
1139560
37320
247800
455920
664660
872560
1080420
1288860
186480
394320
603160
811640
1020020
1228720
55760
264820
473000
681160
888560
1096920
1304760
202560
410940
619480
827420
1035140
1243540
141320
349440
557700
765480
973780
1182240
79520
290149
498440
707280
915720
1124060
21920
229580
437280
645840
853980
1062920
1272420
170140
379080
587320
795920
1004560
1213220
111060
320300
529340
738480
945840
1154280
51400
259460
467940
675780
884080
1091940
13320
222960
431840
640840
848940
1057220
1267560
165260
373880
581720
790280
998740
1207200
104200
312560
520360
728260
936640
1144680
42340
250860
459500
667540
875900
1083260
1291800
188820
396820
605040
813480
1021160
1228580
125620
334220
542160
749900
957860
1166020
63780
272300
480162
688860
896918
1104880
1840
209900
418620
628760
836120
970960
1180180
77800
286200
494240
702940
910880
1119160
16840
225420
433900
642900
850600
1059040
1267300
164560
372580
579980
788400
997320
1206340
103940
312640
521480
728940
937380
1145500
44040
252415
461200
669740
878500
1086200
1293940
192220
400600
609280
817620
1025320
1234140
132200
340260
548640
757340
967660
1176000
73640
281100
488920
696940
926780
1136760
34220
241900
449560
657602
865500
1073300
1281920
179720
387380
595800
804300
1012980
1221560
118840
327280
536020
744260
952300
1160880
58420
267140
475280
683920
893000
1101100
1309700
206998
415480
623100
831680
1039300
1247940
145540
353320
560120
767920
977220
1185800
83580
291800
500540
709360
917700
1127660
25700
233640
442620
574160
784562
993280
1201080
98966
306900
515120
723480
931640
1140640
38000
246520
454840
662680
871040
1079340
1287320
185380
395400
603800
812460
1020900
1229420
127080
335580
543720
752400
960800
1169980
68280
277460
485300
693455
901560
1110100
7200
216180
423640
631440
839520
1047340
1255560
153500
362240
570940
778660
986940
1194600
92840
300680
532600
742380
951340
1160800
61260
269580
477100
684640
892440
1100680
1309740
207620
416700
624160
832400
1040240
1248680
147000
355980
564820
772520
980960
1189480
86860
294960
502780
710680
918580
1126420
23520
232460
440740
649000
857800
1065840
1273620
171200
379818
588280
797940
1006320
1214900
113840
322780
532100
740600
950240
1159500
57320
178460
386900
595300
803360
1011500
1220660
118520
327740
536340
744720
952560
1160760
58440
266780
475013
684080
893240
1101600
1310200
207020
419020
627980
836460
1045100
1252880
150500
358780
567540
775320
983860
1192240
90600
298340
507138
715080
923020
1130000
27820
235700
443820
651480
859420
1067460
1275740
172300
380874
589300
798580
1006840
1215120
135700
345700
554620
763020
971660
1180400
77200
284680
492680
701300
909040
1117440
15060
223800
432480
640940
848680
1057520
1265960
163600
371040
578940
788380
996220
1205060
102900
311020
519440
727680
936300
1144520
41880
250340
459000
667000
875860
1083340
1291380
187920
396720
605480
813760
1021540
1229700
129720
338240
546920
754360
962420
1092260
1301920
199480
407340
615500
822460
1031240
1239340
136980
345720
554400
761260
970280
1178080
75798
284300
492400
700680
908780
1116360
14700
222460
431020
638880
847160
1055960
1264380
162180
371260
579480
787620
995560
1203600
100780
308540
516440
724980
932860
1141900
40300
248580
455800
664120
871800
1079140
1287500
184700
392400
600080
807460
1035040
1246040
143120
351620
559580
767160
974720
1183200
81042
288060
496080
703240
910760
1118180
16877
224840
433060
640482
847440
1055340
1262120
159420
367340
574640
783080
990540
1199120
98200
306440
514900
722160
930140
1138400
36060
244300
452320
659500
867840
1075580
1283820
181340
389360
597260
805760
1013560
1220980
118680
326440
534180
693220
902780
1111380
7922
216002
423380
631460
839640
1047840
1255980
153500
360700
568520
776340
984300
1192800
89900
298640
506620
714740
922540
1130100
27880
235860
443520
651440
859100
1067040
1274420
172720
382240
590580
797920
1006500
1214300
111400
319160
527260
735077
942520
1150480
47622
255460
464740
671960
880440
1089260
1297480
194980
402760
490780
700720
908400
1116040
13660
221420
429560
637680
845640
1052880
1261120
158840
366520
575020
783140
990840
1198580
95440
303500
512917
719960
930140
1137920
35020
242960
450520
657260
865500
1074000
1282100
178800
386380
594380
802400
1010800
1218940
116160
323940
531700
740760
949220
1157460
54660
262360
470380
679480
888069
1096860
1304920
202600
307460
517840
726800
936000
1145180
42460
250100
458260
665740
874620
1082660
1291316
187920
395760
603640
811820
1019680
1227440
125200
332840
540140
747580
955360
1162980
60060
267620
474480
683000
890340
1097320
1304746
201420
409080
616660
823720
1031020
1239120
136160
344440
552460
760240
967780
1175762
72820
280200
488120
696720
904960
1113200
9980
238880
448380
656480
864898
1073560
1281540
179580
387440
595260
802600
1010600
1218540
115440
323660
531480
739860
948000
1155760
52520
260060
467120
674840
882160
1090240
1298480
196040
405780
614220
822320
1028960
1237400
134980
343700
550960
758640
965720
1174600
72200
281000
489460
697000
905840
1113780
11540
219040
426660
635920
843740
1050900
1210980
110000
318640
527300
735600
943480
1151740
49920
258080
466340
674960
883040
1091120
1300040
197640
405900
613960
822020
1030040
1238240
135540
343460
550840
759600
967800
1175940
73440
281600
490880
699900
907680
1115600
12340
220200
427880
636000
843880
1052095
1259820
157327
365340
572120
779900
988100
1195740
93100
301380
509740
718100
926860
1155560
53860
262800
471200
680440
888520
1096980
1305180
202980
411680
620220
829100
1037180
1246120
143620
352560
560720
768580
977620
1185820
82800
290600
498260
705960
914040
1121320
18780
226760
435980
643780
851820
1060220
1268260
165600
374180
582920
791840
1000280
1208320
106460
314480
522780
731360
939400
1150200
48180
256100
463780
672320
816140
1024640
1233220
130800
338680
547360
755380
963660
1171600
69000
276860
485480
693880
902340
1110340
8080
216400
424600
634100
842160
1051260
1259420
157580
365860
573880
782460
990620
1198800
97380
305940
515020
723720
931340
1140080
38100
246500
455000
662840
871340
1080440
1288520
185860
394260
602460
811600
1020380
1228820
127120
335300
543760
775560
985180
1194140
92300
300620
509820
719600
928240
1136380
33760
242140
450480
659000
867080
1075100
1283740
181520
389520
598580
807040
1015600
1223920
122440
330280
538420
746780
955160
1163540
61700
270080
478880
686620
894420
1102560
420
208580
416460
625534
834040
1042820
1252140
149200
357840
565960
773080
981880
1191220
88660
296060
416578
625700
833620
1043040
1251620
150020
357800
566080
774660
982620
1190960
860380
1074440
1287660
187280
397660
606060
814160
1023180
1233058
130800
338962
547420
755900
966060
1175040
73360
281300
489540
698920
906740
1115300
13220
220780
430500
638900
847100
1054802
1263700
161400
374300
583200
791040
998320
1206540
103860
222140
434080
642240
850420
1059202
1268080
165140
373440
580780
790740
999280
1207580
104440
313200
522100
730520
939240
1147220
47280
255500
463460
671820
879160
1087360
1295640
193895
402300
609660
820200
1029500
1237760
135820
344180
552860
761840
970220
1178060
75540
284660
495180
703900
912060
1120780
18640
226860
435740
644300
852620
1061340
1269180
190940
400300
611320
820400
1028940
1236580
134760
342100
549980
758280
965940
1173400
69980
278940
487040
695720
905240
1113380
12020
220480
429260
637040
845440
1054060
1262460
159140
367280
575620
784060
991660
1200020
97100
307560
516277
724360
933220
1141940
39720
248780
457700
667200
875580
1084140
1292280
189560
397820
606240
814400
1023880
1168260
73880
283680
493240
702300
910140
1119240
17340
226120
434680
642880
850920
1058380
1266940
164740
372882
581420
791000
999600
1208620
105360
316060
524400
732720
941100
1148780
45740
254200
462560
670760
879920
1088880
1297260
193740
402520
611180
818940
1026860
1234360
132080
340260
547860
756300
966860
1175375
72700
280860
489140
697040
925360
1135220
32840
241300
450100
657740
866300
1075240
1283460
182170
390080
598600
806500
1014900
1223220
120380
328860
537200
744980
952640
1163700
61540
269920
477440
686160
894840
1102900
20
208560
416200
624500
832940
1041200
1249820
147540
355880
564320
772180
980640
1188220
85980
293660
501300
709080
917020
1125740
22980
230480
441500
650160
859880
1069720
1277800
176080
385280
594100
801860
1010220
1217940
115800
324660
533240
742500
951260
1159780
57280
265660
473680
681540
889360
1097460
1305940
203460
411420
619680
827940
1036100
1244520
142280
350900
561560
770200
978100
1186160
84600
292380
500300
708160
916340
1125000
22160
230340
438320
646060
854220
1062660
1269820
166940
374920
542900
752340
960080
1168360
66140
273820
481540
689420
898140
1106260
3900
212000
419560
627960
836300
1044640
1253220
152660
360975
569260
778160
986860
1195520
92440
301200
509640
717340
926040
1133660
30998
238380
446820
653980
861300
1069580
1277720
174900
382500
591420
799280
1008320
1216420
114880
323260
531480
740320
948680
1157580
55880
265300
495960
705120
914160
1122580
20300
228280
436560
644040
854440
1063040
1272080
170400
379020
588540
796900
1005500
1213140
111140
319274
528580
735820
943720
1151640
48880
256760
463900
673540
881500
1090300
1298360
195640
404320
612838
820980
1029160
1237880
134880
342080
550400
758920
966480
1174520
72120
280120
488180
696404
904400
1112760
11000
147720
357440
566260
775260
983500
1193700
91240
299060
506440
715320
924700
1132380
29020
236660
444980
652520
860520
1068480
1275980
173280
380520
589140
797860
1005800
1213120
110480
318520
526380
734760
943480
1151680
49520
257820
465718
674820
883120
1091020
1299420
196340
404260
612680
820380
1029400
1237640
134940
343260
550860
759080
967440
1175140
92740
302780
510520
719240
927080
1135260
35180
243680
452360
660600
868240
1076260
1284020
181720
389860
598220
806660
1014920
1223720
121060
329040
537442
745960
954280
1161920
59040
266200
474140
681680
889180
1098020
1306640
203820
412080
619840
828800
1037620
1245380
143542
351320
559100
766780
974540
1182580
81760
290040
497640
706000
914480
1070600
1281400
179580
388160
595900
804320
1012600
1221040
119180
326440
534360
742780
951420
1159080
57220
268160
476640
684460
892220
1100240
1307800
204920
413640
622600
831340
1039540
1247400
144960
352700
561260
770000
977880
1185820
82860
291700
499920
708740
917140
1125440
23329
231480
439920
647600
855360
1063800
1271860
169700
377680
586356
794760
1025440
1234580
132340
340780
549080
757360
965320
1172700
69400
277760
486200
695460
903560
1111980
9480
217866
426300
635780
843980
1052660
1261140
158580
366089
574160
782720
991060
1199420
97340
304580
513280
723980
932640
1141580
39100
247524
455420
663420
871880
1079840
1287560
184880
393280
601140
809040
1016760
1225100
123600
330740
539160
664980
874160
1083020
1291240
188740
396180
604500
812820
1021060
1228720
126740
334540
543300
752160
960560
1169380
67300
276102
485620
693700
901820
1110760
8080
216240
424260
632720
841796
1049780
1258320
155860
364140
572000
779860
988780
1197340
94900
303280
511000
718880
926980
1135360
32740
240580
448300
656060
864260
1072620
1281480
179600
388220
619940
829080
1037460
1244900
142320
352320
560540
768180
976040
1182800
79520
286760
494040
702000
909660
1117380
15020
223640
431120
639220
847120
1055360
1262620
159780
367360
574780
782080
990220
1196700
94120
302260
510480
718380
926460
1134600
32240
240240
448580
655900
864260
1072100
1280080
177700
386040
594060
802680
1010380
1217600
115240
267520
476080
683780
891480
1098840
1308440
205360
413840
621940
829940
1038080
1246060
143320
351340
558780
766740
974760
1183040
80400
288580
496360
704540
912380
1120920
17920
226120
434040
642180
851080
1058500
1266960
165000
372575
580840
789100
997720
1204780
102600
312460
520780
728680
936540
1144720
41320
249120
457740
665400
873460
1082060
1289860
187600
397920
606780
814800
1023020
1230960
128040
336320
544860
753000
961140
1168880
66910
275100
482940
691180
899560
1107380
4849
212460
419780
628380
836760
1044680
1252240
149500
358520
566600
774820
982620
1190980
87960
296722
505840
714100
922080
1129440
27660
235740
443600
651760
859300
1067318
1275440
173260
381600
589640
798040
1006120
1179540
77340
284980
492960
700900
908840
1116800
13900
222240
430680
639220
846844
1055220
1264240
163060
371060
579880
787300
994800
1202680
99800
308000
516360
724100
932082
1139200
36600
244700
452040
660200
868320
1076640
1286660
183960
392860
600020
808380
1016060
1223540
120700
328820
537260
746700
954600
1161800
59140
266640
474360
682120
890260
1098840
1307780
205120
413460
620925
829980
1037780
1245660
142820
350900
559060
767160
975220
1183140
80440
288420
496380
705060
912800
1121680
19760
228140
437020
644760
852969
1061700
1269720
166990
374080
582520
790040
998260
1206760
104640
313680
521600
729420
937340
1144960
41680
250460
458220
666060
873780
1081360
1288840
185980
393740
601900
783380
994020
1202240
99980
308400
516360
724240
932460
1141280
38460
246620
454880
663340
871420
1079160
1287360
185620
394420
603060
811260
1018740
1226840
124260
332840
539980
748000
955360
1163720
61420
269040
476720
684040
892720
1100980
1309638
206780
415220
624040
833980
1042900
1252380
149160
356940
566020
773960
981860
1189880
87080
293280
501080
729300
937960
1145900
44220
252620
460740
668300
876720
1085580
1294100
191080
399380
607200
815620
1024280
1232080
129420
338200
546540
754758
963120
1171100
68000
277040
484980
692820
901420
1110520
8000
217620
425320
634020
842300
1050200
1258540
156295
364460
573800
781560
989980
1197480
95620
304520
512460
720740
929700
1136980
34400
243040
386600
596180
805040
1013520
1221600
118800
326980
535180
743240
950540
1158340
56100
264360
472446
681220
888560
1096580
1303900
200680
409260
617687
825900
1033840
1241880
139800
348020
556880
764060
972680
1181000
78496
286620
495400
703840
911200
1118400
16540
224540
431560
639180
847540
1055680
1263620
161020
368920
577940
785834
992900
1201040
98000
308780
517980
726440
935300
1144300
41720
252400
461080
670420
879380
1089160
1297240
195400
403560
611140
819720
1026960
1234596
131860
339900
548247
757040
965140
1173520
71020
279440
487960
695700
903820
1111960
9340
217840
426180
634200
843040
1051320
1259300
156500
364880
572960
781520
989820
1198300
96920
305160
513500
722080
930640
1139060
1300300
199800
408840
617960
826620
1034780
1243840
140580
348060
555716
763740
972140
1180640
78420
286960
495180
703160
910800
1119880
18278
226580
434720
642724
850900
1059640
1267820
165560
373680
582680
791840
999700
1207798
105480
314402
522740
730540
938200
1146740
44280
252800
461160
669020
877080
1085720
1294200
191380
399680
608040
816300
1024280
1255940
154520
363620
571980
779600
987660
1195600
93620
301620
509460
717101
925180
1132320
30500
238420
446500
654580
862460
1069620
1277680
175460
383460
56200
271620
484100
694160
904840
1113943
12460
221180
431740
640100
848500
1056800
1264820
164660
374080
582860
790920
999300
1208680
107460
316880
524180
731980
905300
1114480
12680
221080
428700
637120
849280
1058800
1267840
165220
373860
582380
790080
1000520
1209138
106500
315360
524160
732160
939600
1147900
47020
255260
463860
671520
880120
1088580
1296620
193720
403000
613200
821960
1030780
1238960
136400
344480
552280
761080
969920
1177080
76820
284580
492640
700600
909300
1118360
15060
223600
430760
638340
868340
1078200
1286260
183800
392358
601160
809860
1017800
1226120
123600
331660
539260
746640
954680
1164380
61760
269160
477164
685509
893460
1101680
1309980
207360
415120
623440
830680
1038180
1245160
145100
353680
562220
770600
977780
1186100
84340
292820
501480
710080
918420
1126080
22400
230300
438560
647000
856900
1066180
1274940
173140
381160
514180
724080
932540
1141800
39860
247700
456360
663560
872020
1080040
1287940
185660
393600
604100
812700
1021100
1229940
127060
335280
543620
751560
959620
1167400
65060
273300
482360
690002
897760
1105300
1940
210080
417644
625460
835420
1043800
1252220
149620
358060
566060
773700
981300
1188980
86360
294460
502660
710600
918700
1126480
24480
232560
464580
674490
882260
1090980
1299260
198960
407180
615480
823960
1031220
1240120
137220
345380
553780
761980
969860
1177240
74480
283020
491078
699820
908420
1118040
15638
224120
433460
641260
850420
1058460
1266440
164500
375060
582360
790240
998920
1208060
105580
314260
521980
730020
937960
1146180
43700
251540
459760
667820
876040
1085240
1294980
109100
318380
527540
736438
944840
1152640
50500
258620
467720
676540
886800
1095360
1303760
201840
410200
619080
827140
1035300
1242780
139940
347900
555620
763980
972400
1179900
78300
285800
494400
702940
910700
1118400
15300
222980
431240
639360
848500
1056700
1264500
162620
370980
579080
787860
998300
1206520
103600
311878
520920
728820
937440
1145840
108640
320440
528860
738220
947680
1156480
53480
261620
469740
678760
886920
1095640
1303840
201300
410320
618600
827700
1036240
1244620
141740
350260
557520
765200
973660
1181760
79573
287880
496020
706340
914740
1124140
22220
230140
438280
647280
855500
1063380
1271580
168320
377500
586040
794260
1002640
1209860
107340
315780
524640
733620
941980
1173320
72740
281420
490020
698260
906360
1114360
11740
220020
427540
635960
844060
1052180
1261140
157980
366940
575595
783800
992400
1200438
99800
308220
516100
723720
932260
1140520
37620
245840
453880
662680
870802
1079440
1287540
184940
393940
602240
810820
1019500
1227120
124340
332540
541140
749280
957200
1165560
62480
270640
479080
687320
826660
1036160
1244880
142600
350060
557620
765700
973480
1182000
79440
287600
495300
703520
911820
1119420
16440
224660
434278
642760
851280
1059640
1268960
166324
374120
582240
789760
997920
1206400
103340
311660
520280
729180
937080
1145877
43380
251220
459000
666960
875660
1083573
1291900
188940
397020
605180
813240
1021200
1229620
126740
335020
542660
772640
981300
1190600
87320
295960
503840
712200
919880
1126960
24720
232760
440520
648740
856440
1064840
1272700
170320
377480
588140
796520
1004520
1212860
110960
318700
526200
734180
942080
1150160
47780
255535
464020
671680
878860
1087001
1295740
193740
401460
610038
817820
1026060
1233680
131560
339520
547660
755160
961800
1169400
66600
274740
428140
638960
846520
1055040
1263080
161860
370800
579500
788180
997020
1204840
102260
310940
519960
728540
936920
1144720
41900
249700
457720
665940
874180
1082660
1290600
187300
395760
603380
813100
1021380
1229220
127380
337020
545240
752840
960700
1168780
66380
274760
483220
691200
899540
1107580
5480
213100
420260
628160
836880
1044700
1252900
150100
381940
591460
799340
1007740
1216140
113620
321600
529280
737980
945840
1153880
51880
260720
469700
678380
886960
1094960
1303220
200980
409360
616800
825380
1034000
1242500
139780
348220
558040
766120
974240
1182680
80160
288680
496820
705120
913100
1121840
19660
228420
436300
645380
853660
1061660
1272060
170340
378280
586760
795520
1003500
1211600
32400
242160
449820
657960
865980
1073440
1281560
178260
386460
594620
802860
1011340
1220380
118260
326140
534880
743540
952660
1161200
58800
267298
476240
685360
893280
1101840
1310580
207560
415740
623580
832300
1039900
1248280
145740
352640
560540
768940
976740
1184560
81640
289960
497860
705800
914800
1122580
20220
228020
435420
644260
851520
1059620
1289460
188540
397860
606020
814680
1023240
1232080
130340
338660
547080
