ro_data
100740
351080
571400
807180
1021400
1232380
131900
342020
554860
764900
975520
1185300
88880
299540
510200
720600
930680
1144240
43700
253480
463700
673240
882520
1095540
1305040
204860
413940
623200
832480
1051480
1261380
159320
368340
577700
787160
997260
1213140
112100
321300
530040
739240
949320
1158920
57540
269565
478780
687900
897960
1107160
5060
214400
423600
613780
827080
1038220
1247040
145900
355180
563880
773602
982720
1191520
90160
301380
510740
719480
928820
1138720
36900
246460
455300
665180
874440
1084200
20920
230720
439660
648760
858120
1067960
1277220
176120
385280
594000
803360
1012440
1223140
121740
331180
540380
749580
958220
1167580
66380
275860
486260
695620
905020
1114560
13569
225740
407880
619680
830160
1039540
1249000
147660
356640
566080
775640
984480
1194760
93580
303040
512080
721480
933180
1142940
42560
252260
461040
670820
879800
1089100
1298080
196900
406260
615600
824900
1034200
1243580
141700
350860
560562
771780
981620
1191240
90760
299700
509320
718380
927360
1137460
36040
245820
455460
665500
874600
1083780
1293380
207960
418640
627900
837840
1049580
1260400
159480
368920
577760
787720
997620
1206980
105540
315320
524400
733780
942400
1151820
50740
260140
468360
678000
887140
1096000
1305700
203560
412540
624760
834800
1044100
1253720
152600
361560
570580
778700
988160
1197100
95360
304520
513375
722820
931700
1140980
39880
249300
458780
668600
877380
1087060
10840
221660
431260
642180
852380
1062380
1272260
170440
380400
588840
798320
1007160
1216220
114420
323940
532980
742240
951780
1161580
60280
268620
478780
688520
898240
1108120
7240
216580
425380
635000
843920
1053480
1262840
163640
372520
581820
791340
1000380
1210240
109020
318280
527820
737440
947080
1157320
55860
264480
473880
683520
893580
1119400
20120
230520
439807
649860
860040
1069520
1279840
179200
389500
598940
809140
1018420
1227300
127260
339320
549440
759580
968460
1178220
78080
288260
498660
708360
918240
1126780
25440
235240
444480
654240
863660
1073740
1282860
182360
391820
601100
810940
1020220
1229760
128420
339580
549960
760260
969220
1178580
77140
286540
495480
704660
933180
1144340
60420
271260
480460
689820
899780
1110420
10240
219420
428660
638020
847157
1056040
1265720
164980
374980
584380
793400
1003100
1212760
111560
321020
530540
739780
948761
1159180
58040
267220
477880
686640
896840
1105480
3881
213420
423240
632440
842280
1051500
1260500
159660
369180
581480
791320
1001480
1211080
109900
318840
528240
726900
937280
1147220
46120
255660
465360
675380
884540
1094040
1303640
203120
412480
621920
831680
1041140
1249960
148180
357840
567180
776800
986820
1195580
95020
303520
512300
721400
930300
1139420
37940
248080
457420
667320
877000
1086280
1296440
195420
404860
614440
823860
1034820
1244560
143440
352320
561780
771180
980960
1190080
88640
296920
527780
738640
947940
1157120
55476
265740
474620
683400
892700
1102540
960
210920
419900
629280
838940
1047500
1256320
155220
364480
573420
782800
993220
1201800
99980
308860
517300
727133
935520
1145040
44180
253180
462460
672580
881400
1091900
1301604
200800
410220
619900
828980
1039220
1248320
148960
359180
568660
778780
988140
1197800
96360
326940
537860
747540
957160
1166180
64660
273500
482480
691640
901720
1111920
11480
220840
429860
639798
849580
1059600
1268820
167000
376140
585340
793960
1004040
1212860
111840
320760
529640
738700
947940
1157280
54780
264340
474720
684440
894320
1104320
2120
211740
421940
631158
841000
1050520
1260060
158420
367920
576900
787560
997640
1207253
124900
336920
549640
759060
968760
1177920
76040
285080
494200
702940
912800
1120960
19280
228880
438760
648160
856440
1066100
1276820
175860
385800
595660
804900
1014640
1224880
123560
333640
542620
751780
961360
1170260
68840
277798
487980
696720
905640
1114800
13680
223380
434280
642840
852560
1061460
1270260
169220
378100
586720
794960
1003800
1240520
142100
352620
562440
770680
981220
1189780
88920
298740
507460
717340
927020
1135900
34760
243700
453440
663520
874220
1099020
1310060
209720
419220
628660
838300
1047980
1256720
155500
364620
574789
784200
993202
1202160
100760
310424
519220
728600
937740
1146900
45638
254920
464198
674560
884900
1094140
1302916
200780
410040
619580
827800
1052880
1263880
163620
373120
581970
792360
1002400
1211140
109660
319620
528720
737480
946720
1155280
53640
262780
471240
680660
889380
1098320
1307160
205240
414960
623460
832860
1041620
1250300
148860
357480
567300
776900
986500
1195940
94520
304320
513880
722860
931780
1140780
39760
248900
458080
669280
878360
1088200
1297960
196520
405420
615660
899780
1113900
14120
224360
434100
642580
852274
1061880
1271060
169900
379300
589200
798920
1008000
1217167
116580
325522
534860
744500
953720
1163600
62780
272420
481780
691380
900260
1109480
8700
217340
426860
635620
845680
1054520
1264060
162920
371760
580720
789700
998640
1207200
106320
316380
524860
733640
942400
1151320
50780
260433
469240
666160
877078
1086200
1295000
192940
401320
610540
819720
1028800
1237680
136800
346780
556460
765180
973960
1182520
81320
290698
499780
708920
918220
1127500
26380
235740
445100
654640
863480
1075100
1284300
182860
391780
600200
809840
1019120
1228620
127260
336440
546080
755155
963560
1173240
72460
282180
491540
701100
909440
1119140
18120
226620
452200
662900
873200
1083460
1292940
190960
399920
609640
819340
1027718
1237000
136120
346420
555980
764680
974460
1183280
81280
290380
499380
708300
916840
1125580
24440
232340
440840
649680
858820
1067200
1276580
174700
383200
592560
801420
1010720
1219320
118700
328200
537720
746520
955180
1164100
61620
270280
479798
688940
897740
1106280
4620
237060
448840
658180
867240
1076260
1285780
183500
392480
601260
810340
1019060
1228120
125800
334420
543540
753880
963500
1173380
71480
280920
490180
699240
923440
1133580
31220
239940
450020
659820
868780
1077440
1287120
186320
395080
604416
814120
1023400
1232900
131640
341520
550240
759480
969480
1178220
76920
286940
496380
705420
915340
1124180
45200
259640
469080
678260
888160
1097500
1306780
205360
413720
622920
831850
1041000
1249720
148420
358000
567220
776020
986520
1196420
94880
303300
513240
721820
930880
1140000
38220
247440
456940
666320
874960
1084980
1294490
192600
401540
610680
820000
1029040
1237920
135460
344660
553820
763240
971940
1181280
79680
288180
497640
706940
916140
1147320
49240
258600
468180
677800
886180
1095320
1304880
202960
411860
621600
830640
1039460
1248680
146800
356240
564960
774660
984260
1193740
91960
301420
511500
721480
930040
1139800
38540
247840
459080
668760
877700
1086482
1296260
195060
404360
612940
822080
1030960
1240320
138116
347340
555180
764900
974320
1182980
81722
290360
499920
709700
918680
1154300
53300
261700
470220
679940
888980
1097160
1307080
205880
414975
624080
832840
1041620
1251680
150420
359540
568740
777180
987060
1196300
95380
304500
513840
723800
933440
1142260
40740
250060
459400
667800
876400
1086000
1295420
193640
402220
611100
819960
1028802
1238160
136500
345380
554160
762920
971180
1180620
79400
288400
497780
706400
942620
1152802
51800
261400
470300
679480
888000
1097640
1306800
204780
415040
624300
834320
1043700
1254060
152960
362800
572400
781340
990780
1200540
98420
307740
516900
726100
935040
1143820
41740
250820
460260
669820
878440
1086760
1295500
193680
402840
612620
822318
1030920
1239920
137980
347040
556060
764600
974240
1182400
79660
304520
514180
749100
958760
1168560
67380
277020
486180
695440
904160
1113640
12060
221200
430660
640660
850700
1059980
1267900
167380
376860
587040
796560
1005360
1214100
113020
322820
531760
740760
950760
1159320
56660
265660
474920
684500
893780
1102720
1300
210140
419420
628080
837600
1047640
1256520
155160
364380
574040
783720
993440
1202740
101380
310822
546860
757160
966240
1176260
75100
284140
493520
702620
911380
1120260
18360
227560
437120
647000
856140
1065980
1274880
173220
382160
591000
800080
1010400
1219180
117200
327400
536120
746100
954540
1162940
61860
270600
478840
686920
895900
1105202
2840
211020
419360
628340
837080
1045960
1254980
153180
362580
572060
779680
988420
1198240
97400
307158
517620
727440
936900
1145920
44660
253280
462740
671660
881580
1090600
1299380
196940
405760
615940
1020800
1240900
145000
357100
569260
779260
988220
1197660
98940
308620
518260
726980
935940
1147500
46640
256060
465200
674255
886480
1095380
1304940
204100
412340
623000
832660
1042380
1275580
177000
387320
602100
811780
1021920
1230400
128204
337180
545200
755780
965180
1174740
72700
281800
491318
699780
909160
1120960
19580
228372
438240
647080
856020
1065386
1274760
173300
384540
593960
803880
1013080
1222440
119980
328920
538798
747280
957080
1167840
66580
275660
485938
695340
904180
1113244
12140
221240
430080
638840
849840
1082520
1293620
192198
401080
610020
818760
1027720
1236580
134940
343080
551020
758720
970180
1178760
78134
286820
495680
704040
913020
1121800
19980
228620
437340
647800
856240
1065280
1277700
176540
384400
592760
801140
1010360
1219400
117400
326400
534900
744740
953600
1162700
60980
270000
479700
690740
899540
1109280
7040
215580
424440
632820
841960
1077560
1287760
186940
395900
605920
815260
1024760
1233780
132080
340600
550980
759900
969860
1178380
77160
286100
495660
703960
912980
1121640
18440
227460
436160
645200
854180
1063620
1272760
170840
379460
589200
800440
1009760
1219120
117240
326980
536360
745840
956080
1165680
64020
272560
481660
690920
900640
1110000
7760
216920
426100
635220
870740
1080700
1290300
191020
400680
609920
819640
1028900
1237760
135200
344080
552820
760700
969000
1179160
77540
286760
495860
705000
913200
1121560
20040
228880
437540
647340
856480
1065900
1275180
173560
385000
594840
803460
1013240
1222880
122060
331300
539920
748580
957900
1166420
66200
274840
483800
693160
901940
1110600
8740
217760
426380
658060
868220
1077720
1287655
186820
396360
604620
812420
1023300
1234080
133340
342340
551560
760660
969300
1178920
77000
286300
494720
704040
913240
1122480
21160
230440
440140
648560
857780
1066760
1275820
174840
384960
594380
803440
1012900
1222300
120680
329560
538100
746920
955080
1166460
64600
273520
482420
692600
901020
1110420
9280
218780
325820
536760
746820
956320
1164820
63320
272080
482080
691800
900540
1108700
7500
216640
426080
634580
843680
1052340
1261280
160060
369880
579156
788620
997800
1206740
105900
314480
523380
734860
944200
1153740
53400
262473
470840
679900
888060
1097640
1307580
205860
414580
624200
833000
1041120
1250240
149300
359000
567980
778040
987040
1195660
108180
318560
528020
736700
945760
1154320
52400
261244
471240
680140
889600
1098020
1306620
203980
412540
621220
830680
1039960
1248780
148927
358500
567680
776660
985380
1194360
93600
302980
511960
721320
930400
1139020
36480
244980
454420
663820
873180
1081720
1290760
188920
398276
607520
816840
1026200
1235060
133560
341960
550940
760180
969340
1201680
103280
312820
521800
730960
940280
1149260
46960
255520
464580
673820
882600
1091660
1300980
199842
408160
619200
827845
1036180
1244960
142740
351340
559240
767960
976560
1186260
85400
293980
502880
711460
920500
1128900
26880
235580
444020
653080
861100
1070400
1279840
177900
387600
596020
805340
1013200
1221920
120295
329200
538020
747280
955900
1190360
89880
298320
508038
717516
926160
1135842
34240
242880
452220
660680
869600
1078540
1287620
185520
394400
603220
815020
1024400
1234020
131420
340700
549560
758100
967060
1175420
73820
282921
492660
701580
909780
1118720
16797
225780
434440
643893
852540
1062180
1271020
169960
378400
587280
796740
1004880
1213140
111340
320120
529136
737500
843260
1054200
1263760
161940
370660
579140
787660
997100
1206060
103580
312480
521960
730920
939060
1148040
46600
255100
463340
672960
881920
1091180
1299380
197460
407100
616460
824500
1035420
1245180
146180
356740
565420
776660
986700
1196600
95540
306120
514560
723460
933080
1141720
39740
248000
457400
666520
874620
1084080
1293300
191100
400240
628540
839860
1049700
1258598
156740
365820
575580
783700
992320
1201400
98880
307100
514820
723560
932140
1141260
39636
247500
455980
665000
872960
1082000
1289580
188280
398360
607900
816980
1026580
1235520
133800
342340
551280
760460
969480
1178860
77340
286120
494980
704300
913460
1121580
20660
232480
441260
650200
860300
1068920
1277460
175280
408040
620880
830440
1039840
1249140
146860
357120
566280
774880
983780
1192640
90760
299920
508300
717060
925960
1134540
33260
242480
450640
659369
868600
1077580
1286620
184720
392540
601120
810400
1019100
1227720
126196
335400
544300
753920
963420
1172120
69860
278780
488100
696360
906100
1114660
13000
221660
430920
639100
848140
1057220
1266276
164500
402480
612710
821480
1030000
1238900
136900
345780
554800
764040
973900
1183080
81420
290360
499360
708680
918100
1127640
28920
238420
447200
656680
865560
1074480
1284420
183540
392080
600600
808960
1018300
1227400
124900
333175
541100
749580
958260
1166860
65140
273880
483380
691820
900500
1108980
6980
215960
424780
633040
842040
1050920
1260440
184640
395080
603480
812740
1021040
1228980
126962
335580
544300
752280
961140
1169880
67840
276360
484680
693560
901380
1110340
8120
216500
425060
633620
842260
1050280
1258400
156642
365560
574020
783095
991820
1199820
98060
307320
516180
724620
933400
1142180
40320
248140
457040
664920
873480
1082160
1290520
188335
397300
605280
813900
1023100
1162460
64640
275080
485460
694820
903160
1112640
11120
220500
429760
639660
849240
1059180
1268560
166860
375400
583920
793260
1001700
1210900
109180
317920
526460
735240
943380
1152480
51540
260780
469940
679040
888020
1097300
1305160
203500
412320
620540
829400
1038100
1247760
146680
355080
565160
773702
982280
1191000
89540
299500
508440
717140
1021404
1236640
136520
346140
556320
765900
974580
1183260
81580
291060
499760
709360
918000
1127320
24700
233340
442400
650960
860340
1068660
1277980
176740
385386
593740
803000
1012240
1221220
119760
329700
538960
748220
957420
1167620
65860
275500
484200
692660
901820
1109860
8060
215860
424420
632980
841380
1050640
1261960
160480
369620
578260
764360
974200
1182560
80780
289460
498119
706160
914780
1123120
21380
229660
439080
647688
856902
1065000
1274260
172040
380280
589320
797800
1005480
1214100
112040
320600
529800
738600
947680
1156240
54160
262380
470580
678860
887300
1095682
1304020
202300
410780
620060
828980
1037840
1246300
144240
353280
561980
770940
980720
1189660
87720
296440
526140
738460
948180
1157880
56100
264280
473040
681500
890120
1099220
1308200
206120
414160
623400
832180
1041120
1250300
147700
356420
565000
773960
982580
1191560
90633
300040
509460
718540
927720
1136500
35380
244720
453600
662160
871460
1079640
1288400
187260
395820
604440
812900
1021360
1229576
128180
336700
545520
754580
963180
1172300
70980
280180
514800
725160
935754
1144620
42680
252020
460960
669740
878900
1088020
1296720
195500
404400
613780
822360
1031840
1240840
139060
347580
556590
765260
973820
1182700
81220
289480
499200
708280
917740
1126480
23560
232600
441480
650980
859860
1068800
1277200
175480
384820
593560
802160
1010660
1219220
116693
325800
534140
743460
952680
1161280
60000
164660
375020
584120
793620
1002580
1211280
109360
317960
527100
735840
944300
1152800
50660
259260
468880
677440
887020
1095980
1303980
201680
410802
620140
828340
1037060
1245680
144560
354060
563940
772280
981600
1191420
89718
298220
507320
716360
925400
1134580
32540
241040
450100
659100
868960
1077400
1286280
184640
393120
602380
811180
1020060
1249640
149620
358900
568480
777740
985720
1194620
92660
301540
510180
718020
926300
1135120
33280
242160
450880
659400
868400
1077340
1285820
183600
394700
603820
813400
1021640
1229480
126940
336440
544620
753580
963800
1172760
71240
280060
488620
696760
906080
1115020
13040
221740
430980
639940
848760
1058340
1267480
166000
375320
583580
792060
1000920
1235468
134260
343120
552540
761180
970360
1179180
76776
285760
494320
702580
910740
1120060
18240
227140
435740
644840
852780
1061220
1270060
167860
375780
585260
794700
1003660
1212440
109780
318980
527980
735640
943780
1152040
50300
258060
466820
675318
884420
1092860
1301245
199180
408100
617120
824960
1033320
1242320
140080
348440
557240
766440
882840
1093000
1301680
200240
409460
618200
827100
1035740
1244240
143660
352900
562240
771760
980240
1190040
88260
297957
506020
715010
923460
1132100
30060
239420
448500
657060
865640
1074200
1282880
181120
390320
598900
807760
1016100
1225220
122644
332700
177500
399260
615140
826160
1037800
1247880
147077
356780
568020
676840
887300
1096680
1306300
207760
417240
625840
834120
1042100
1253520
152580
362260
572140
781260
992680
1201480
100000
308980
517900
727260
940880
1150860
49720
257640
466940
676800
886110
1098040
1307440
206000
414800
623580
832820
1041140
1249760
149800
358540
567300
775680
984220
1192640
90460
299420
507840
717760
926420
1135880
34660
242600
473920
685840
895720
1105740
5120
217420
427200
636200
844600
1054220
1262860
161080
369940
578560
787840
997200
1208040
106820
316940
525920
735100
944320
1153300
52000
260120
468720
677600
887100
1096880
1307600
206220
414760
623040
831960
1041160
1249800
148400
356860
566300
775460
984040
1194000
92380
303920
512900
721620
930740
1139300
37460
270100
481960
692140
902020
1111380
9060
218040
426320
635460
844260
1055460
1264280
162080
371460
579960
789080
999180
1208020
107020
315640
525180
734300
943164
1151220
49400
258060
467620
676000
887660
1097476
1307140
205740
414080
623448
833060
1041460
1250060
147880
357160
566002
775720
985180
1195480
94540
304160
513620
723360
932300
1143860
65940
276460
486400
695160
903880
1112360
10840
219700
428680
638020
847080
1055820
1265200
163560
371660
581100
789880
999300
1208280
107040
315240
525940
735200
945000
1153920
52220
260420
469200
677200
886520
1094780
1303020
201320
410060
618520
827580
1036020
1244720
144020
353000
562440
770840
978700
1187240
85660
293960
502380
713240
922060
1130800
54520
263740
473280
681801
890760
1099500
1308980
208120
418660
626380
835320
1044700
1253700
151840
361020
569860
778240
987400
1196580
94880
304260
513540
722620
932540
1142060
42240
250940
460500
669620
879260
1088500
1298280
197040
406860
615300
824080
1032520
1241760
140280
350040
558780
767880
976680
1185440
83480
291980
500240
708560
916880
1152840
52100
261280
469960
678840
888440
1097460
1306580
206780
416180
624780
833940
1042700
1252360
151220
360520
571080
780082
989200
1198380
96620
305740
515180
724020
932960
1141880
40400
249300
458500
667280
875480
1084200
1293160
191060
400560
610800
819100
1027700
1236360
134640
342280
550640
759660
968900
1180240
78680
287980
496660
705760
936580
1146400
44640
252800
461460
669360
877300
1086200
1294860
192580
401520
610200
818960
1028300
1236800
135275
344000
553220
762660
972180
1181480
79760
289300
498760
707560
916980
1125740
23720
233220
441540
650480
859260
1068140
1277040
175220
383880
595040
804220
1013400
1222360
120860
330000
540100
748440
958680
1168120
66500
274962
483840
605260
816600
1027440
1236860
135520
344389
553680
762920
972320
1181780
80100
289020
496840
706880
916740
1126160
24820
234500
443520
652740
862120
1071020
1279580
177260
385040
593140
802220
1012220
1222220
120740
330660
540740
749540
960960
1170480
69280
278440
486860
695660
904180
1114280
12620
221380
430320
639340
848880
1057800
1267340
166540
390880
600838
809840
1018660
1227920
125620
334540
544440
753620
962300
1171240
69320
278080
487380
696640
905120
1114080
12820
222060
431180
640180
848880
1058020
1267680
166140
375000
583720
793200
1002360
1211140
109600
318862
527900
736660
945600
1156160
54914
263560
473220
682400
891480
1099920
1309620
208860
417300
626000
834700
1043400
1252340
173800
385340
594660
804440
1012758
1221122
120580
330200
539540
748880
957180
1166180
64560
273640
482780
691700
900360
1109240
7180
215480
424900
633960
843160
1052100
1261680
159580
368900
576960
785741
994480
1203840
102120
310700
520000
728940
937840
1147700
45940
255240
464260
672780
882000
1090780
1300660
200880
411240
621580
831480
1040480
1250300
175640
385100
594900
804220
1013460
1222280
121200
330320
538840
747660
955900
1165380
64520
273260
482500
692060
901560
1110760
8980
218080
426800
636300
846260
1055380
1265200
163042
372940
582260
791400
1001060
1210360
108580
318940
527800
737400
945740
1155180
54100
262980
470640
680020
888860
1097820
1306780
204620
413480
622400
831980
1040760
1274600
173060
382617
591820
801240
1010740
1219602
117860
327540
537200
748340
958980
1168260
67020
276160
485660
694460
902960
1112480
10680
219820
429540
638260
847700
1056720
1266000
163780
371640
579840
788900
997760
1206600
104183
313200
522160
730500
939420
1148600
47360
256280
464680
674260
883280
1092440
1301360
198960
407980
616940
825760
1035600
1246800
145720
355484
564300
772880
981700
1190660
89540
298360
507760
715920
925580
1133700
32080
240140
449420
659240
868480
1077440
1286980
185100
393900
602880
812520
1020700
1229660
127480
336500
546100
754560
963660
1172700
70520
279640
491440
699960
908920
1118040
17100
226260
434260
643520
851720
1060500
1269140
167960
377940
586900
725560
936020
1145900
45100
254980
464080
672620
882380
1091180
1300120
198000
407320
616220
824920
1033980
1243040
139600
348740
558320
767600
976420
1185080
83640
293280
502082
711220
920740
1130300
28600
237560
447362
656380
865240
1074440
1283920
181660
390820
599480
808260
1017280
1225740
124400
334300
543980
752440
960880
1170680
68460
277140
505680
716580
925600
1133764
31720
240780
450520
659040
868320
1076740
1285420
183000
391340
600160
808700
1017040
1226000
124000
333080
545600
755900
965440
1175340
73500
281480
490700
699100
908720
1118580
16760
225660
434420
643620
852300
1061200
1269480
167400
376360
585560
794300
1002240
1210920
109180
318720
527800
737620
946640
1155660
53600
262240
497590
707280
916740
1125620
24080
232738
440700
649080
858440
1067840
1277260
175260
383600
592660
802240
1011460
1220400
118820
327920
537460
746760
956320
1164880
63260
271820
481520
690400
899240
1108100
5920
215380
424840
633360
842500
1051700
1260400
158200
366420
575160
783820
991940
1200300
98820
307540
516120
725000
934180
1143160
40480
276540
487000
696620
905420
1113820
11840
221100
429420
638080
847080
1057180
1266220
164360
375760
585380
795000
1005060
1214640
113220
321780
530560
740020
948820
1157958
56780
265040
474720
683680
892740
1102480
1320
210220
418700
627480
835680
1045200
1254500
152800
361620
570740
780320
988800
1197040
95160
304280
513020
721640
930980
1140360
1230640
130140
339220
548760
758180
967700
1177120
75960
285320
493200
703320
912300
1121580
20840
231000
440080
650680
860280
1070460
1280360
178500
386760
596180
805120
1013840
1223400
123080
332900
542780
752720
961980
1170940
69680
279300
489042
698160
907700
1116820
15009
224400
432440
641460
851400
1060562
1269580
167520
376740
585800
794680
1073100
1287020
187220
396840
606860
816960
1026200
1235520
133260
341520
550440
759080
968740
1178500
77240
287520
496780
706080
916129
1124740
25760
235920
445640
653680
862660
1072460
1281220
179800
388980
598500
807260
1016640
1224840
123460
333180
541980
752060
961360
1169920
68260
277520
486600
695400
903980
1113580
11900
221122
429160
639520
844740
1055460
1265940
163980
372900
583080
791740
1000780
1209440
107580
316720
526220
735520
944480
1153724
52180
261380
470040
680640
890360
1100580
1309840
208640
417920
627440
837000
1045815
1255480
154440
363300
572220
781140
990340
1198400
96880
305800
514060
722840
933040
1142160
40420
249000
458740
668160
878260
1086780
1295658
193600
402780
630040
840720
1050660
1260960
159680
369000
577380
786100
994600
1203420
101140
310300
518840
728060
937560
1146280
44500
253575
461840
670360
879020
1088640
1297740
196240
405620
615120
824580
1033880
1243520
141800
351600
560760
769520
978320
1186780
84980
293680
501440
710020
921220
1131660
29900
239160
448100
656940
866020
1075300
1284840
183020
415220
627180
837180
1046400
1255000
152880
361020
570520
778420
987220
1196120
93880
303140
512000
721980
931300
1141220
40300
249220
457140
666360
874080
1083380
1293440
192680
402100
610660
819520
1027560
1236660
135620
345160
553960
763100
971580
1181220
80520
289260
497500
706583
916340
1124560
22760
231740
440820
649600
858082
1066960
1275520
174360
407620
617400
826520
1034760
1243800
141520
351100
559775
768040
976520
1185200
83840
292720
502080
711700
920660
1129100
28120
237200
446580
656380
865200
1074020
1283640
182820
391460
600900
810220
1019620
1228437
126560
335600
544520
754500
963360
1172960
71360
281160
489520
698400
907600
1115620
13180
221580
430200
638920
848460
1057300
1265760
187980
398920
608420
817180
1025620
716540
931960
1143940
43620
254040
463480
673840
883200
1094480
1303120
201600
410640
620360
831180
1040160
1248300
147060
356440
568320
778760
987960
1197613
96920
307700
517420
726280
934620
1143460
42240
256240
466680
675660
885580
1094920
1304620
203440
415040
624940
833360
1042540
1160060
59980
268840
478040
688820
898600
1108940
6800
215721
424940
633460
842180
1050740
1261480
159960
370080
578660
788000
996420
1206230
104420
313060
522220
732680
941500
1150260
48360
257380
466740
675300
885180
1094720
1304380
202020
413940
623740
833040
1042480
1251800
149660
357700
566700
775460
985000
1193640
91820
300700
512360
722540
947320
1158120
56600
266260
475840
684840
893720
1102380
920
209700
419420
628300
839100
1048360
1256920
155260
363560
572060
780200
989120
1197680
95760
304378
513440
721560
930560
1140180
38357
248980
459160
668080
877080
1085880
1295380
193800
402940
612660
821620
1030680
1239680
138040
346540
554820
763620
973260
1183140
84100
292600
501920
734680
945940
1154996
54040
263340
472000
681240
890460
1099720
1309560
207720
416820
626260
834780
1044360
1253440
152580
363700
573080
782200
991220
1200020
98440
307500
517460
727600
936760
1144840
43160
252140
461680
670360
879100
1088600
1297000
196020
405000
614040
823220
1034980
1244280
142420
351740
560180
768440
977060
1186660
85260
294840
525620
737960
948140
1157260
55940
265040
473640
682440
891260
1100040
1308960
207860
417560
626760
835260
1044440
1255580
154020
362820
572618
782240
991160
1200380
98980
307980
516960
724960
933840
1142580
40340
248580
457380
666200
875480
1084700
1293820
192340
402220
611720
820340
1029380
1238438
136800
345180
555700
764940
974880
1183500
81240
290420
523580
733640
942800
1151580
49320
259280
468820
678596
887660
1096960
1307100
206120
415660
624800
833680
1042700
1251280
150340
359520
568980
778600
988320
1197940
96940
305960
515122
726440
935580
1144860
42940
252320
461000
670420
880260
1088760
1298240
196000
405600
614620
824560
1033960
1242660
140840
350460
559500
768240
977340
1186220
84640
319820
529280
738780
947960
1157940
56600
265740
474500
683120
892220
1100920
1309320
206740
417720
626840
837060
1046120
1255800
154520
363600
572680
781720
990280
1199280
96440
304960
514000
723733
934040
1142920
40720
250740
458980
668280
877060
1086500
1296020
194680
403960
613080
822338
1031940
1240600
139060
347560
556826
766240
975500
1185280
109740
319580
529020
738300
948200
1161160
59660
267960
477460
686680
896160
1105820
4500
213300
422900
631820
841440
1050124
1260280
158740
368400
577500
787440
996200
1205280
103600
312520
521520
730780
939720
1148400
47280
255860
465520
674420
883660
1093320
1302020
200280
408500
618300
827340
1036167
1245640
145140
354100
562800
771980
981280
1214700
114440
325140
533400
742160
950340
1159300
57880
266820
476060
685660
894120
1103500
1100
210120
419940
629020
837700
1046900
1256300
155040
364220
573200
782260
990420
1199500
97540
305975
514620
723480
932200
1140620
38820
248000
457000
665080
873720
1082500
1290620
188840
398600
608160
817000
1026960
1236480
134780
344680
553580
762300
878400
1088680
1298400
196780
408080
617620
826280
1035640
1244540
142680
351720
561680
770820
980400
1189420
87840
296760
506260
715167
924160
1132380
30860
239820
449800
658180
867660
1076400
1284940
183120
391740
600920
809540
1018580
1227200
125680
334960
544360
754160
963380
1172100
70278
279360
488620
697900
908180
1117540
15940
224560
433120
658760
872280
1081200
1290520
188080
396860
606200
815040
1024520
1233240
131080
340340
549540
761340
970840
1180340
78900
288040
497500
706480
915460
1124000
22500
231860
440333
649540
858880
1067740
1277020
175200
384533
593380
802220
1011360
1220800
118440
327900
536760
745780
955200
1164340
63180
271880
481380
690420
900420
1109180
7286
216400
449400
660460
869680
1078900
1287647
185960
395960
605380
814320
1022660
1232240
131140
339620
548580
758540
968840
1179080
77440
286520
495340
704300
913220
1122280
20520
228806
437840
647440
855620
1065000
1277380
176260
386080
595900
805320
1014840
1224180
123117
332460
542220
751360
960480
1170360
68340
276940
485460
694940
904320
1113640
11660
510700
729140
940215
1149960
49340
259480
468920
678020
886540
1095500
1304580
203220
412140
621940
831240
1040580
1250900
151000
360200
568440
777920
986620
1195080
93060
302020
510320
719100
927840
1137000
35780
244580
453400
662060
871100
1080260
1289600
188580
398140
606800
815560
1024100
1232600
132360
340780
549740
758200
966900
1175700
79580
290500
500360
709720
918660
1127780
27940
237720
446880
656200
865400
1073040
1282280
181100
390560
599120
807620
1017100
1225580
124500
334100
543660
753060
961980
1171160
70240
278960
487740
695660
905560
1114220
12080
220516
430325
639040
847280
1056220
1265880
163660
372440
581560
790180
999520
1208380
105900
315120
524160
734040
943600
1171080
70380
279718
488500
697120
906620
1115680
14160
223960
432600
641214
851780
1060720
1269560
167800
376560
586000
794440
1003360
1212460
111000
320500
528960
739300
948300
1157340
55480
265460
473740
682780
891120
1099320
1308140
207280
416880
626380
834780
1043535
1252320
153160
361780
571420
780340
988540
1197240
95740
304920
513940
723160
955300
1167921
66780
276640
485900
694620
904080
1112400
9780
218400
428180
636260
845284
1053260
1262480
160040
369460
578680
787820
996180
1203922
103380
312620
520380
730440
940480
1150320
47274
255740
464860
673980
882920
1091840
1301600
200560
409880
618540
827500
1037400
1246780
145040
354180
562780
771940
980800
1190000
87620
296760
505620
714640
948500
1158701
56580
264960
474540
683218
891440
1100120
1308880
207720
415820
624740
833740
1043380
1252060
150780
359000
568520
776420
985236
1194240
92420
301360
510000
718160
926478
1134900
33320
242060
451000
660080
869240
1079040
1290540
189400
399220
608400
817140
1026000
1235900
132880
341840
550480
759240
967420
1176220
74560
283760
492160
583120
793000
1001300
1209940
109500
318460
526920
736300
945760
1155500
52920
261480
470300
679060
887900
1096760
1306620
204900
413980
623420
832260
1041140
1249720
148420
356800
565600
774180
982660
1191000
88420
297240
505580
713820
922420
1131440
29689
238200
446360
654500
863400
1072060
1280780
178700
388080
597673
806440
1015700
1224500
122180
330960
567000
776540
985420
1193860
92240
301660
510880
719720
929500
1138525
37180
246400
456420
665560
874380
1082880
1291060
189220
398280
606800
815560
1024820
1233500
131540
340660
549800
757980
966600
1175140
72960
281300
490780
699940
909260
1118360
17500
226000
434260
643440
854600
1063020
1271620
169580
378480
587560
796700
1005260
1213940
112460
349740
560020
769360
978400
1187280
85240
293660
502380
712140
919560
1128320
26340
234560
443860
652760
860720
1069020
1278120
176540
385300
594480
803320
1012400
1221260
119440
326920
535800
743840
952140
1161260
59660
268280
476540
686260
895820
1104720
3360
213080
421980
631480
840140
1048460
1256400
154560
363000
571820
780440
989560
1198720
4700
215440
425720
635780
844820
1054340
1264740
161920
370820
580300
789040
997960
1206660
104240
313480
522700
731840
941360
1150840
49040
258730
467940
677660
885682
1094920
1304240
202460
410340
620020
829960
1039200
1247938
146120
354500
563740
772700
982880
1191640
90000
299580
508840
717940
926760
1136100
34600
244000
453280
661540
871220
1141640
44660
255282
464940
674520
884120
1093820
1302180
200780
412360
621540
831060
1039620
1248600
147580
356580
564660
773940
982830
1192240
90600
300140
509240
718240
926900
1135300
33620
242260
450900
659749
869480
1077820
1286620
184940
394100
603120
812440
1022460
1231680
129720
339040
548320
757360
966880
1176200
74060
282540
491060
699160
915520
1125800
24640
233260
442220
651088
859580
1068360
1277240
175660
383600
592120
801053
1010380
1219560
117697
326800
535740
745880
954960
1164620
62940
271609
480160
688764
897960
1107040
4980
214380
423960
633300
842280
1051580
1260900
158740
367700
577340
787540
996660
1206280
105120
314140
523200
731620
940400
1150360
47780
257960
467220
694720
905400
1114660
12420
221380
431120
639180
848320
1056600
1265240
162880
371060
579780
788780
996760
1205180
103280
311880
520240
728660
937820
1146980
45520
254620
463720
672100
880760
564520
779800
991960
1203640
104600
314506
524580
734800
945960
1155360
54880
264660
474700
687140
897380
1107020
6120
214920
425780
661240
872580
1083020
1292540
192260
402140
611220
821080
1029720
1239160
142260
352520
562260
771300
980260
1189160
88180
298960
507800
717140
925580
1135000
33540
242020
450940
662300
872080
1081440
1290560
189520
397480
606460
815960
1024820
1235920
135600
345380
554920
764880
973260
1182420
80820
289520
497720
709620
919280
1128040
27000
236680
469820
678540
887380
1097100
1306460
204400
415200
623780
832660
1042820
1253140
152060
361320
570280
778740
987840
1197360
95140
304460
515740
724680
933680
1143000
41600
250900
459293
668440
877180
1086660
1294620
192722
401680
611740
822320
1031560
1241740
140540
350300
559260
769060
978320
1187140
86160
294680
504500
713480
921900
1131800
30040
267820
478316
688120
896660
1105640
3920
213140
421940
630200
839060
1047860
1257280
155800
364760
574320
784420
993800
1203780
104160
313600
523020
731240
939780
1149080
47389
256060
465500
674720
883800
1093180
1302560
200120
408600
617060
825660
1035060
1244740
143680
354560
564240
773420
982460
1190480
88660
297380
507040
716700
925220
1134422
56720
267980
478160
688420
897620
1107280
6100
215020
424280
633820
843920
1055920
1265620
164200
374300
583000
792240
1001840
1211180
109940
318780
528000
736600
945840
1154940
53760
262780
472600
682060
890840
1100820
1309980
207960
416740
625620
834520
1043740
1254940
154320
364380
572740
781680
991100
1200400
98620
307400
517340
726620
936280
1168940
68340
278120
488040
697520
907260
1116620
14380
224120
433740
642920
852300
1060720
1270160
169000
377380
589020
799020
1008240
1217300
115720
325776
535500
745320
955760
1163940
62360
271160
480460
690060
899440
1108920
7260
216960
425220
634940
844600
1054820
1264040
162380
372340
581800
791660
1001340
1210300
109040
319360
527960
739800
974100
1184520
83100
291760
500360
710180
919100
1128080
26500
235480
445040
654420
863920
1073460
1282900
180480
389220
598380
806580
1016500
1225820
123340
332160
541140
749940
959080
1167500
65060
273940
483260
692962
902200
1110740
8240
217340
427920
636880
845540
1053860
1262940
161320
370380
579780
788760
997420
1207860
106180
315680
525660
632764
843020
1052620
1261720
159840
369100
577760
786680
995318
1204560
103040
313300
522260
731760
940040
1149220
46900
255900
465780
675240
884660
1093380
1302960
201940
410680
619620
828720
1040160
1248820
147400
356658
566440
775600
984820
1193040
92280
300740
509780
719960
929680
1138480
36600
245620
455020
664420
874350
1084240
1293660
191240
415940
628540
837522
1046680
1255580
154660
364060
572980
781540
991640
1200280
98240
308020
516700
726080
934780
1144340
42940
252320
462080
671380
880160
1089800
1299042
200040
409340
618880
827920
1036780
1245260
143300
351660
560180
769260
977760
1186400
84680
293420
502320
710689
919200
1127960
25940
235060
443820
652840
861698
1070820
1279680
200300
412360
621660
831560
1041280
1250560
148640
357700
566720
776340
984480
1193720
92760
302780
511440
720880
929560
1139640
38080
246900
455520
663460
872560
1081860
1292180
190800
403600
613600
822160
1031240
1241140
139580
348380
557800
767200
976302
1185320
82960
292300
500600
709360
918120
1127620
26220
235300
443520
651980
859460
1068620
1278260
202580
412660
620700
829880
1039740
1249060
147180
356340
564380
773620
982360
1191400
89880
298980
508240
717300
926780
1135760
34380
243600
453320
662040
872360
1081840
1290820
189820
400060
609900
819300
1028380
1237220
135580
344680
554860
765880
975440
1184180
83278
292880
502220
712360
922060
1131680
30220
239240
449000
657600
866020
1075100
1310040
208580
419080
628220
837420
1047060
1257280
155260
364400
573240
782300
990620
1198740
96380
305360
514077
723400
932560
1140800
38880
247540
456480
665940
875760
1085540
1295580
193870
402340
610700
819920
1028660
1237273
136100
344660
553900
763040
971840
1180940
78760
288160
496700
705760
915040
1123480
21840
231280
439980
648800
857840
1093020
1305260
205280
414300
624560
834980
1044518
1253880
152400
361100
570540
779680
989260
1198660
96840
305700
515260
724620
934280
1142820
41260
250380
459680
668380
877300
1086300
1295440
193500
403260
612640
821260
1030740
1239460
138600
348540
556880
765740
974680
1183600
82360
291360
500040
708700
917640
1126300
25400
234400
443340
651770
913080
1126480
26120
235600
444290
652920
862220
1071320
1280220
178440
387180
595520
804180
1013160
1222480
119860
329160
538960
748100
957620
1166980
65860
274560
484220
693100
901470
1112380
11200
220520
429540
638940
848360
1057600
1267140
166320
376500
584880
794080
1002820
1212080
110920
319220
527400
735860
944300
1153580
51960
261720
471720
707620
916960
1125880
24860
234480
443920
654180
863900
1072840
1282100
181460
390360
599878
809480
1019220
1228540
127580
336780
545975
755080
964680
1174120
72420
282100
490640
699520
908040
1116400
14620
223660
432440
641620
850940
1059400
1270120
168480
377860
587140
796980
1006420
1214580
112900
321660
530260
740180
949800
1159260
57340
266480
501960
712580
921940
1131420
29320
237800
446520
656540
866200
1075080
1287560
186840
396520
606520
815420
1024660
1233020
132100
340780
549620
757800
966380
1176000
74140
282660
491880
700740
908920
1118678
17100
226940
436100
646060
853980
1063500
1273180
171975
381500
590720
799480
1008500
1217340
114740
323760
533280
742140
951340
1159520
58560
293500
503920
713880
922620
1132800
31460
241300
450180
659040
868660
1078240
1287760
185560
395420
603940
813720
1022840
1231800
129680
339620
548620
757840
967540
1176580
74780
283360
492120
701420
910380
1120000
19140
228960
437820
646920
856240
1064520
1273925
172020
381160
589680
797660
1006280
1215100
113540
322500
531840
741000
949700
1159320
58480
268920
477580
686140
894760
1106300
5360
214820
423500
632360
840900
1050060
1259800
158100
366700
574760
783520
992120
1201180
100220
309320
517820
727420
936340
1146880
45480
253800
462580
671460
879780
1089340
1298940
197840
406500
615980
825000
1034020
1242740
140600
349400
558100
767540
976640
1185460
83740
293620
503150
712080
921580
1057720
1267380
165960
375640
584600
793460
1001720
1209820
107900
316500
525340
733180
941960
1149680
47240
255760
464920
673280
882700
1092100
1301124
199780
408860
617440
826960
1036120
1244300
142300
351444
560860
769940
978940
1188360
86400
294960
504600
714380
922880
1132140
30800
240320
449300
657560
867000
1076280
1285080
183740
393440
603620
832820
1043000
1251900
151500
360420
568775
776940
986380
1195157
93780
302380
511380
723860
932540
1141040
39440
247653
456320
665100
874380
1083320
1291560
189700
398520
607060
815820
1024820
1233720
132460
341660
549900
759480
969320
1179520
78320
287640
497560
706020
914920
1123880
21640
230855
439920
649160
858420
1067740
1276600
175760
384660
615640
829440
1038100
1247460
145980
354980
564040
772880
982120
1191040
89780
298740
508440
718060
927240
1135960
34720
244620
454040
663840
873060
1081960
1290897
189020
397860
607560
816760
1025940
1235300
133320
342700
552240
760960
970560
1179180
77220
286420
494980
704360
912760
1123140
20980
229300
437560
645880
854320
1062460
1271080
168840
377560
611560
821540
1030580
1239820
137600
347400
556180
765800
973300
1182260
80120
289040
498300
707000
916240
1125340
24260
233380
441620
649780
858500
1068080
1276920
174840
384300
593260
802540
1011560
1221260
119760
331958
542560
751820
961440
1170660
68540
277020
485960
694920
903760
1112720
11720
221340
431680
641200
850540
1059800
1268780
167440
404200
615000
824720
1034000
1243480
142120
351240
560900
769440
977920
1186720
84880
293960
502720
711220
920820
1130060
28300
237460
446100
655200
863140
1072540
1281500
179740
388880
598140
806740
1016240
1225480
123921
333180
541674
750680
959180
1168460
67200
276100
484920
693360
902240
1110820
9040
217400
427060
635280
844360
1052620
1261440
56880
266900
476900
685700
894580
1103640
2240
211660
420200
629180
837720
1046940
1256300
154860
363660
573340
782160
990940
1199860
98080
307680
516560
725040
933480
1142240
40960
250060
459520
668260
878060
1087460
1296600
195220
404800
614180
823480
1032740
1242000
140820
349680
559560
768640
977580
1186660
85480
293960
502520
240080
456300
669940
880260
1091760
1301360
200720
410400
621240
831020
1040380
1249280
147660
358560
568220
777340
986880
1196840
96740
306300
517020
727000
936360
1147660
47100
255560
464640
673920
883260
1097020
1306720
205920
415078
623940
833140
1042840
1253500
152200
360540
569600
778940
987540
1196880
95500
306460
516820
725720
957100
1168100
67300
276580
485640
694800
906180
1115780
15180
224340
433800
644140
853500
1063140
1272360
171280
383860
594480
804120
1012320
1221400
119760
328080
537980
746800
956740
1166480
67320
276460
485960
695880
904800
1112900
10440
220380
429640
639020
848480
1056660
1266140
166580
375693
584800
794020
1003820
1213080
110820
319920
529620
761500
972380
1182960
82840
292000
503300
713080
922720
1132200
31005
240920
449940
659340
868500
1077540
1285860
184394
394240
603400
812380
1022420
1234480
133380
342380
551960
761840
970240
1178260
76700
286080
494700
703920
913700
1122920
21180
231380
440840
650000
858980
1069860
1279520
177500
387600
596700
806380
1015921
1224740
123460
332120
558060
769520
978680
1188000
86860
296720
505840
715200
924560
1134400
34720
244880
454540
664360
874100
1083160
1292320
190220
399920
608418
817840
1027360
1237540
136120
345880
556080
764600
973660
1183200
81100
289840
499260
710700
920180
1129580
27940
236620
445360
654680
863620
1072560
1281540
179840
387460
596600
805240
1015260
1224420
122740
352720
563960
773420
982200
1191080
89200
299160
508460
718351
929600
1139040
37040
245940
455180
663800
872956
1081860
1290240
188640
397740
606800
816220
1024820
1233720
131780
339940
549260
758120
966800
1175140
73280
282440
491400
700860
909780
1119020
16720
226920
436760
644860
853800
1062320
1270620
168980
377640
587740
797040
1006880
1215440
136760
349046
558578
767960
976620
1185580
83300
292220
501000
710260
919720
1129020
27080
235900
443980
653160
862580
1071680
1279980
178360
389540
598720
808380
1017760
1227020
124960
333900
542813
752180
960880
1170460
68160
277460
487200
695920
904960
1114600
13340
222200
431780
641640
850860
1059860
1269460
167620
377120
585860
795640
1005540
1215754
141260
352280
561800
771580
981540
1191300
91540
300900
509940
719620
929260
1138449
37560
247560
456900
665940
875340
1084960
1294740
192560
402100
612020
820980
1030020
1239060
137560
347460
556980
765740
975060
1185020
83860
293080
502300
711400
920040
1128320
28073
236860
444840
653460
862180
1071120
1280920
178906
387980
596681
808040
1017560
1254880
155280
364560
573260
782200
991920
1200760
99362
308040
516921
726280
934560
1143980
42800
251980
461680
671280
881940
1090900
1300598
199300
407956
616500
826540
1035380
1244340
143400
353660
563380
772600
982200
1191580
89960
297700
506620
715820
924020
1132340
30920
239800
448280
656040
864660
1073940
1284840
183420
392620
600760
809620
1043320
1252940
151440
360820
569640
776940
985280
1194740
92940
300700
510120
719240
927540
1136040
34460
242640
451680
660840
869900
1079480
1288420
188140
397500
607620
816220
1025480
1234540
133440
342820
553300
762800
972060
1181260
79295
288760
498340
707960
917400
1126920
25860
235060
444840
654180
863420
1072040
1281070
181560
390760
599660
834660
1044680
1253840
152760
361440
570400
780360
988940
1197980
95160
304000
512540
722082
931440
1139880
38600
247680
456380
665340
875800
1084980
1293200
192120
401420
610580
819780
1029602
1238820
136940
346040
554760
764280
973740
1183160
81600
291560
500020
709460
919020
1127740
26000
235260
444440
653880
862780
1071220
1280240
179120
388660
598340
809500
1018680
1227380
125980
335460
546240
756120
965280
1175540
72960
281900
490680
699700
909158
1117740
15638
225320
434160
642840
852320
1062060
1271340
170140
379540
589120
798242
1006960
1215840
113800
323400
531760
741080
950520
1160020
59040
268220
478100
687060
896460
1105060
3980
212440
421580
630520
840280
1049100
1258740
157500
289460
500360
709640
919160
1128020
25880
236060
445180
653880
862840
1072040
1280500
179800
388660
598380
806620
1016160
1225180
122940
332820
541740
751620
963780
1173260
72860
281640
491100
700866
909760
1118700
16980
226400
436160
646120
856320
1065700
1275160
174400
383820
592900
801940
1011680
1221240
119240
328720
537020
745920
955320
1164620
77520
287820
496580
705840
914960
1123540
22980
231400
440460
649100
858760
1068220
1278000
176060
386100
594420
804600
1014240
1223260
122260
331300
539840
749180
958460
1167240
66140
275500
484160
692920
902700
1111980
9940
218340
427260
636820
845860
1055520
1264840
164004
373700
582960
791960
1000820
1209483
107820
316580
525800
737120
946040
1174660
76540
286200
495620
704740
914060
1123640
22540
231320
440660
649236
858540
1068020
1276733
175980
385420
595240
804620
1013440
1223020
121620
330960
539860
749080
957760
1167200
65900
274900
483620
692940
901860
1111760
10460
219100
428660
638200
847300
1056380
1265480
163558
372480
582060
792340
1001360
1210940
109040
318780
528640
737540
970880
1182640
82120
290980
501180
710880
920322
1129960
28180
236980
445940
654438
863420
1072760
1281600
180020
388980
597920
806940
1015580
1224440
123160
332220
540640
750840
959820
1168420
67220
277060
485560
694760
907000
1117380
16400
225760
434266
643723
851820
1060520
1270000
168940
377760
585720
794540
1003160
1212020
110160
320060
529660
739180
972500
1181840
80800
289680
497404
706209
914340
1123360
21680
230640
439720
649160
858380
1066480
1275140
173380
382964
591960
800960
1009580
1218720
117200
326320
535140
744260
954040
1163440
62240
271420
480080
688900
897500
1106540
5640
214380
422860
631680
840600
1049240
1258160
156140
364660
573700
782380
991360
1200620
99640
308400
517360
753260
964240
1172700
70520
280080
488820
698980
908340
1116736
14560
223500
432780
641600
850280
1059520
1269180
167140
375300
584290
792440
1000920
1209940
108280
317677
526960
738480
947460
1156440
55660
264680
473120
682320
891580
1100100
1308540
206520
415978
624860
834480
1043820
1253220
151400
360340
569420
778161
987340
1196040
94560
302940
410100
620820
830260
1040200
1249320
146940
356100
565300
775060
983840
1192620
91020
299160
509574
718920
927680
1136640
34640
243300
452240
661000
869320
1078640
1286500
184300
393180
602220
811620
1020900
1230720
129380
337880
546600
755520
964180
1173640
72060
280640
489300
698860
907500
1116420
14200
223200
432360
641160
850480
1060100
1268660
187120
397500
606780
816500
1025740
1235180
133760
342240
551380
759460
968340
1177140
74620
283560
492420
702480
910820
1119400
17900
226160
434500
643580
852960
1061880
1270780
168920
377160
585800
794925
1004120
1212120
109760
320480
529880
739120
947160
1155180
53260
262260
471700
680900
890900
1099520
1308800
207840
417080
626200
835420
1044620
1253600
178100
387840
596300
805200
1015140
1224200
122720
331160
539720
748320
957060
1165660
63720
272040
480640
689760
898540
1108380
6760
214760
424640
634560
843840
1053120
1262240
160220
369200
577820
786500
995140
1204080
103220
312240
520500
729280
938240
1146840
44980
253796
462660
672260
881680
1089740
1298820
195940
404880
613340
821720
1031260
1264720
162880
372960
581820
791380
1000560
1209920
107500
316660
525580
733880
942280
1152040
49580
257900
466780
675500
883780
1092680
1302300
200440
409500
617880
825960
1035100
1243300
141240
350480
559520
768760
977960
1186820
86160
295380
505320
713638
922920
1131340
29040
237880
447042
656160
864800
1073980
1283060
181960
390720
599100
807960
923280
1136360
35080
245180
454540
664000
871680
1081140
1289700
187940
397540
606840
816580
1025340
1234680
133360
343060
552540
761363
970060
1179680
78800
289180
498680
707920
916760
1126020
23980
233440
442940
652340
861020
1070380
1280040
178960
389280
597920
807000
1015940
1224940
123580
331940
540860
750580
959040
1168740
67200
275440
485060
708300
918960
1128420
27140
235780
444340
653120
861940
1072000
1281800
180700
389880
598880
808160
1017920
1227200
125580
334700
543958
752760
961820
1170500
68700
277560
486040
695480
904940
1113660
12560
221580
430040
638860
847644
1056460
1265820
164260
372755
581960
791740
1001210
1210820
109440
319360
527860
737520
946420
1155740
53800
262520
494620
705540
914840
1124040
22740
231160
439600
649080
857740
1067160
1276120
174520
383820
592380
801380
1009285
1217620
893120
1108640
10540
221080
432100
642575
853240
1062760
1273920
172740
382500
591958
801540
1013480
1223520
122700
332560
542440
753400
963060
1172800
70560
279300
490000
699840
908840
1117460
16700
225360
462260
673540
882840
1093300
1303140
202300
410960
622840
831700
1041580
1250640
149820
357660
566935
776420
987241
1197340
96420
306460
515900
724420
933660
1143120
41780
252660
462100
671880
881380
1090780
1300040
197820
406700
616120
825680
1037260
1246880
145920
355120
564260
772960
982700
1191800
90420
299100
507660
720100
929620
1138340
36540
271500
482195
691400
899660
1108780
6760
215680
425240
635140
847460
1056680
1266540
165540
375260
584640
794100
1002400
1211460
110840
320260
530040
739400
948020
1158240
57420
267900
477500
686560
895980
1105320
3520
213100
422320
631640
840220
1049760
1259640
158220
367580
579140
788760
998360
1208080
107180
316320
525220
734780
944500
1153900
122640
334120
543660
752740
963300
1173820
73060
283120
494860
704920
914800
1124140
23160
232540
442120
651720
861300
1070280
1279760
177800
387100
596180
806160
1015620
1224560
122920
331520
540720
752280
962520
1173140
71680
282020
492140
702100
911957
1121040
19780
229460
439380
648500
857220
1066220
1275820
174080
384340
594900
804160
1031060
1242460
143920
353280
562780
772160
981060
1190080
88660
297700
508000
717740
928160
1138314
36660
245520
455720
664960
873340
1082940
1292860
192340
401060
609860
820000
1029920
1238760
138040
348720
558500
768220
977400
1187040
85960
295160
504560
714320
923740
1132560
30900
239520
448940
659660
868760
1077900
1287060
185460
394460
603780
833400
1044300
1254780
153480
362620
571560
780120
991614
1201100
99740
308940
518720
727420
937840
1147160
45600
254840
463760
671900
880940
1089220
1298620
196880
406940
617240
827260
1037760
1247860
146320
355580
564560
774100
983800
1193540
92500
301040
509940
719500
928980
1140620
39980
249480
458900
668980
878120
1088020
1296660
195320
405480
632260
843060
1053640
1264180
163000
372160
581080
791600
1001300
1210838
109380
319020
528620
738100
947480
1156678
55760
265396
474710
684280
893200
1102580
600
210159
419060
628120
839680
1050040
1259720
158320
368280
578300
787940
996720
1205680
104240
313580
522520
731220
940060
1149320
47500
257140
466040
675560
885160
1094480
1303940
202380
430550
642260
852540
1062260
1270560
170020
379282
588900
799080
1007980
1217540
116660
326260
535120
743660
953080
1162740
61760
274240
483606
692960
902300
1111020
9520
218120
427260
636440
845840
1053840
1262280
160700
370900
580400
789920
998300
1207700
105760
314600
523604
733540
942480
1151160
50040
258600
467680
676407
885620
1094280
1303780
225160
436100
646000
855780
1064020
1273500
171500
380220
588520
797600
1006660
1216660
115020
324200
533495
743890
953620
1163260
61260
269820
478240
687180
895680
1105280
3500
212800
421060
629958
839040
1048280
1258240
156320
364840
573140
781220
990920
1200800
100080
308820
517260
726720
935900
1144680
42740
251160
459940
668620
877960
1087080
7540
220200
430300
639820
849420
1058520
1267400
166480
375640
584678
792740
1002640
1212060
109680
317500
526120
734980
946080
1155060
53460
261900
471000
680600
889820
1099400
1309140
208060
416780
624780
834700
1042860
1251660
150380
359720
568700
777640
986980
1196780
94840
304020
512780
721580
930120
1138900
36960
245620
453380
662520
870340
1079340
3180
214060
423060
631640
840480
1049020
1257720
155780
364560
573741
783300
992520
1201460
99520
309020
519500
728380
937140
1146460
43940
253220
461900
670480
879400
1088460
1299780
197940
407440
616420
825100
1034660
1243800
140900
349880
558420
768440
977220
1185940
84140
293120
502040
710400
918780
1127780
26060
235300
444920
654140
862740
1095840
1306660
206360
415200
625240
834340
1043320
1252360
150800
360800
569820
778460
987440
1196960
95280
304400
513340
721920
930520
1139240
38920
248360
457720
666620
875580
1084780
1294340
194120
404180
613980
823780
1033560
1243260
141940
351060
559260
768460
977580
1186420
84160
293980
504900
714180
923360
1132920
31200
240280
449400
658420
749980
959280
1168620
66740
276480
485380
694040
902380
1111458
10240
218760
428440
638200
848040
1057840
1267480
166480
375420
584860
794200
1003940
1213360
112740
323200
533280
742887
951500
1160600
59500
269020
478060
687860
897840
1107240
6260
216520
425720
634200
842920
1051020
1260020
158740
366540
575240
784020
993380
1202260
99720
309440
539580
751600
960820
1170240
68591
277600
486180
696460
905840
1114980
14160
223740
432820
640700
850880
1059520
1269240
170360
380260
589340
797960
1006500
1216480
114240
323540
532140
740620
949660
1159020
56820
265160
473900
682520
891760
1100780
1309440
208120
416700
625840
834760
1043260
1251840
150614
359540
568280
777080
985660
1194340
92300
322480
535060
744860
953600
1163140
61520
270680
479240
687940
896980
1106200
3900
213080
421040
629640
838740
1047600
1255720
153760
362840
571600
780160
989440
1198560
96140
304600
513540
722160
930860
1139600
38080
246230
455180
663480
872880
1083020
1291940
189820
398722
607380
816400
1025260
1234020
131800
340140
549300
757380
966520
1175400
73540
309120
519380
728600
938220
1146960
45160
253800
462420
671500
880280
1089960
1299240
198240
407720
616660
825460
1033780
1242880
140440
349560
558040
767280
976060
1185320
84260
293340
502760
711620
920358
1129720
28260
237240
446360
655080
864320
1073780
1283160
182000
391620
600540
809180
1018240
1227180
125360
334140
543620
753040
962340
1171360
1278760
178840
388540
597740
806920
1015220
1223800
120840
329820
539080
747880
956160
1165360
63240
272400
481920
691020
899900
1109020
7900
217060
426640
635860
845040
1054780
1264002
162040
371260
580300
789780
999240
1208240
106220
314900
523920
732580
940800
1150260
48300
256960
466260
676540
886182
1095340
1306120
204400
413100
622360
830680
1057320
1267440
165320
373400
582920
792100
1001980
1210740
109600
318680
528660
737300
946120
1154600
51960
260820
470260
679580
887640
1096700
1305420
203740
412080
621320
830980
1040480
1249060
147640
356500
566060
775160
984700
1192620
91060
300480
509680
718320
927220
1136360
34080
242900
452780
662280
871340
1080320
1288600
187240
395860
605380
834700
1047980
1258240
156800
366020
575100
785240
994060
1203443
102040
312060
521160
729500
938820
1147740
45640
255040
463500
672680
881380
1090620
1299660
198240
406420
615680
824660
1033460
1242620
141380
349880
559280
768420
977660
1186080
84940
293800
502660
711420
920440
1129940
27640
235540
444380
653420
863220
1072980
1282060
180680
390240
599814
834480
1046960
1256740
154820
364520
573480
782080
991480
1200220
99040
306820
515660
724400
933620
1143380
41240
249880
458640
667909
877720
1087380
1296980
195460
404600
613000
822000
1030660
1239780
136980
345740
554960
763780
972540
1182000
80800
289460
498840
707540
916040
1124780
23120
231460
440520
649600
858540
1066860
1276940
174800
384440
618400
828680
1037600
1246260
145760
354320
564400
773820
982600
1191700
90360
300180
509540
717684
927220
1136660
34800
244260
452960
662780
871442
1080820
1289280
187140
396500
605460
813560
1022940
1231760
129740
337380
546760
756360
965500
1173860
71480
280820
490340
698980
908180
1116980
14640
223640
432420
640680
849660
1058240
1266960
164380
281842
491560
700400
908860
1117840
15397
224020
432960
641520
850980
1059780
1268900
166760
375740
584880
793660
1002280
1211720
109920
319620
531100
740440
948540
1157620
55620
264380
474204
682860
892580
1101700
740
210660
419680
629460
839820
1049038
1258500
157380
367040
575606
784120
992720
1201620
99860
308740
517060
725961
934300
1143420
59640
270280
480260
689340
898960
1106700
3920
212340
420560
629860
838740
1047180
1255840
154940
364400
572240
781300
990480
1199640
97700
306400
515620
724040
932722
1142140
40500
249660
459020
668400
877000
1085680
1295078
194480
403620
612660
821940
1030320
1239400
138040
346880
555920
765500
974580
1183600
81782
290740
499240
709120
918180
1126820
51780
261360
470620
679960
889360
1098220
1307300
205300
413300
622440
831260
1039760
1249200
147920
356540
565260
773680
983437
1191484
88720
297040
505920
714480
922000
1131180
28520
237140
445300
653380
862340
1071220
1279140
176940
385920
595040
804220
1013320
686680
902340
1115280
14400
225180
435620
645120
855140
995700
1207160
105880
314980
523760
736080
945080
1154120
52960
260840
471560
680380
890100
1098600
1307340
207380
416758
626120
835600
1044880
1254437
156740
366620
575300
784220
992780
1201940
100220
311560
521160
730240
939280
1147760
46758
255840
465300
676400
886300
1095220
1304540
203200
411800
620780
829560
1038560
1249712
148640
358040
567820
786060
996940
1206200
105900
315520
524440
735360
944220
1153180
51040
259660
468660
678100
887480
1097000
1306440
205280
416540
625160
834700
1043520
1252440
151000
360460
568560
778176
987500
1196920
95600
304520
515440
724940
933880
1143260
41200
250880
459720
669160
877520
1087073
1295373
193680
402500
611220
821480
1030920
1239400
137680
347460
578800
789880
1000240
1210520
109020
318180
528640
737740
947860
1157500
56300
267800
478100
686840
896100
1104240
2375
211220
420420
629520
838200
1047080
1256740
154500
363280
572320
781540
990980
1199180
100580
309740
519040
727080
935380
1144242
42740
252080
461660
671500
881200
1091240
1300200
198800
407820
616960
825820
1036180
1245980
144820
377880
589160
799340
1008600
1217800
116380
325640
535400
744480
953780
1162140
61060
270180
479880
688380
897820
1106360
4500
213680
421800
630700
839700
1051236
1260820
159600
368140
577700
787740
997000
1206140
104460
313660
522600
731920
940780
1149680
47740
256118
464720
673620
883080
1092420
1301480
200440
409840
619380
829420
1038420
1250320
171000
382500
592360
802020
1011080
1220560
119280
329280
538800
747540
957060
1166660
65140
274200
483580
692440
901740
1111360
9540
218640
427200
636380
846040
1055080
1264340
162360
372140
583460
793140
1002360
1211060
108760
317400
526198
735920
945260
1154198
51960
260960
470480
680740
889920
1098780
1308116
206760
415700
624100
833720
1043380
5860
221080
433700
644300
854300
1063700
1274420
173780
382500
592460
803200
1012500
1221520
119740
329000
538460
747980
957360
1166700
65240
274560
483760
692162
901160
1110280
8300
217780
427240
636280
845200
1053820
1262440
161440
370800
579260
787820
997200
1206100
104560
313660
522540
730980
940360
1149000
47600
257380
469080
678340
887620
1109280
9520
219220
428100
637320
847100
1056240
1265700
164640
373960
583660
792580
1001640
1210660
109640
319380
528260
737580
946460
1156060
54400
263520
472740
681860
890620
1099620
1309580
208160
417409
627260
836280
1045740
1255120
153060
362980
571980
781180
990540
1202000
100880
311380
521060
730980
940630
1150360
47860
257080
466960
675600
897120
1107880
6340
215980
425413
634640
844640
1054320
1263260
161958
370980
581000
790280
998180
1206140
104240
312780
520600
729260
938040
1146637
44880
253380
462620
671040
879460
1087260
1296420
194740
404000
613220
821720
1031000
1240140
138040
348480
557280
767460
976340
1185340
83420
293040
501240
710318
919900
1129220
27520
236260
445720
680200
891600
1101860
340
209100
418040
626900
836340
1046260
1254960
153560
362460
571560
780580
990300
1199680
97500
306160
515200
723800
932880
1141780
39460
249478
458740
667360
875940
1085120
1294500
194120
402960
611800
820620
1028720
1237720
135580
344160
555420
764820
974860
1183940
82080
291380
500200
709280
918040
1126780
24740
233920
443400
676720
885280
1095860
1305480
204040
412940
622560
831920
1040800
1249780
148240
357940
567500
776220
984280
1193480
92020
300400
508840
717120
927060
1136120
34580
242980
451500
660360
869093
1077960
1287000
184380
393920
603260
811160
1019120
1228140
125682
333700
542200
750895
959080
1167480
67020
276000
484900
693220
905000
1114140
13040
222160
458920
668620
877820
1086620
1295340
193860
402800
611740
820220
1029000
1237260
135420
344440
553880
764100
972520
1181160
79280
288620
497160
705460
913960
1123260
22280
231320
440060
649100
858080
1067240
1276200
174260
382780
592060
801240
1009460
1217800
115240
323240
532140
741160
950080
1158440
56720
265860
474740
683340
892038
1100460
1309080
114220
325420
534900
744040
952380
1160380
59040
267980
477610
687280
896440
1105200
5540
215140
424700
633280
841240
1050760
1260420
158920
368160
576660
785860
994800
1203660
101740
310500
520920
730260
939040
1148560
47040
255880
464720
673240
881600
1090920
1299340
197700
406020
614520
824080
1031880
1240960
138600
347560
557340
765780
974138
1201840
101600
310820
518480
727340
936360
1145920
45080
253440
463100
672480
881220
1090760
1298760
196860
406220
615040
823720
1033120
1241980
140300
349880
559200
769380
978140
1187420
85720
295460
504680
714378
923240
1131840
29960
238360
446260
655120
864700
1075160
1283660
181700
390200
598400
807300
1015360
1223480
121535
330140
538620
746960
977940
1191060
89700
299560
508360
717880
926840
1135820
33640
242120
450940
659180
868980
1077920
1287240
185640
394880
604200
813320
1022760
1231857
129980
338700
547400
755960
965660
1174120
72840
281460
489580
698240
905840
1113960
11880
220960
429340
637600
846140
1054380
1263360
161300
370200
578840
788780
998740
1208220
106720
316180
526260
736000
971324
1181520
80920
290520
499860
707500
915814
1124380
22640
231680
441078
649960
858960
1068240
1277560
175780
384360
593580
801840
1011380
1222200
121240
330540
539660
748440
956460
1165200
64360
273380
482520
691320
899640
1108660
7280
216240
425640
634620
843280
1051540
1260680
159318
367960
576780
786060
994940
1204160
103300
312480
521340
752513
964060
1173660
72180
281380
490620
699600
908920
1117320
15180
224480
432660
641300
850120
1058700
1267940
165820
375120
583660
792820
1001440
1210860
109580
318760
527300
736220
945020
1153980
53160
261340
470020
678900
887480
1096640
1306020
205240
414300
622392
831160
1040140
1249160
146880
355920
565000
773920
982740
1192000
90440
300020
418740
629860
839980
1048580
1257380
155780
364640
573400
782520
991600
1200640
98160
307320
516560
725520
937060
1146540
45040
254500
463200
672320
882080
1091440
1302020
201100
410740
619880
829580
1038120
1247320
145400
354080
562420
772300
981880
1191040
89680
299080
508598
717580
926720
1135520
34160
242440
451820
661420
871240
1080480
1289580
206080
416380
625100
834460
1043740
1253240
152200
361720
570860
781200
990680
1200000
99080
308080
517240
726482
935220
1144440
42980
251600
460960
669420
879220
1088540
1297560
194900
403460
613280
822380
1031500
1239820
138160
347080
555440
764020
973480
1182640
81500
290700
499380
709020
918240
1126780
25180
234440
444140
652460
861300
1070660
1303560
204760
414140
623960
833420
1042520
1250720
147860
356220
564200
773140
982020
1190180
88100
296780
504940
714200
922600
1131620
29640
238840
447820
659780
869540
1078480
1287600
186080
394700
603860
812780
1021460
1229860
128249
338040
547240
755980
965420
1174440
72800
281540
490500
699960
909100
1117920
16660
225660
435360
644840
853700
1063280
1300300
200080
409220
618760
827340
1036534
1245020
144060
353600
562540
770420
979380
1188320
87100
297080
506698
716180
925460
1134020
33280
241640
449820
658220
865800
1073900
1282440
181280
390642
599920
809300
1018240
1227420
124360
333080
541700
750400
959520
1168320
67060
276780
486280
694720
903620
1112395
10800
220220
428480
637440
847160
1080528
1290740
189940
399000
607740
816720
1025000
1233740
131880
340320
548940
757900
966400
1175360
73220
282340
490620
698680
907440
1116500
15300
224220
432200
641680
850760
1060160
1269260
167700
376560
586420
795173
1004320
1212500
110580
319060
526940
736600
945220
1154020
52580
263960
474340
684020
892880
1102280
740
208900
418220
626940
733440
943960
1153520
51580
261140
470660
679940
888520
1098060
1307340
206220
414880
623740
832360
1040920
1249880
148540
357340
565420
773580
982560
1191120
88700
298720
507040
715300
923700
1132860
30920
238820
447640
656360
865060
1073560
1283280
181220
390040
598830
807760
1017040
1226360
124000
332960
541840
751520
960320
1169000
67560
276000
504775
715360
924780
1133600
32080
241240
450720
660880
871020
1079900
1288200
186560
395940
604960
814140
1022380
1231380
130340
339120
547640
756400
966162
1175460
73740
283800
493940
703340
913620
1123040
21580
230880
439840
648300
857440
1067700
1276760
175540
384820
593400
801960
1011500
1220140
117820
326780
536440
745880
955460
1165220
63280
297340
509380
719020
928020
1136880
34440
244360
453280
123880
339500
554240
765460
976880
1186360
85300
294280
505220
714840
923860
1133940
33400
245780
455980
665400
874940
1083980
1294980
194660
403540
613320
822080
1031780
1240520
138700
347447
556260
765580
979480
1189220
87740
297840
506940
715840
925360
1136940
35520
244920
454780
664060
873740
1083400
1292980
193500
402060
611260
820420
1029820
1239638
137960
347260
556320
767560
978080
1187158
84920
294473
503480
713480
922220
1131080
29280
241140
450680
659040
868360
1077020
1286320
185080
394260
603460
812180
1020880
1232380
131600
341200
549820
759340
968180
1176340
73920
283160
493240
702380
910800
1119700
1247220
147580
356740
565680
774720
984320
1193560
92080
301522
510320
719840
929160
1138880
36940
248860
459180
667040
876020
1084480
1293080
191820
400500
608720
817300
1026840
1234746
133160
342200
551760
760500
971400
1180660
78680
287760
496140
705440
914180
1122920
21120
230060
438720
648120
857400
1067040
1276160
174300
382720
592260
803780
1032580
1243480
141860
350380
559340
769280
979000
1187840
87140
296400
505480
713543
923540
1132440
30940
239700
449240
659500
868680
1079800
1289220
187640
397380
606004
815380
1023760
1233440
131660
341200
551260
760440
969860
1178760
76280
286460
495380
704520
913440
1122260
20121
229000
440060
649360
858600
1068520
1278780
178960
387840
597440
829300
1040620
1251413
150280
359780
569440
778660
988440
1196660
95340
304280
513860
722520
931460
1141260
39160
247960
456820
668240
877340
1086540
1295160
194720
404200
613180
822760
1031600
1240620
138720
347660
556600
765460
974700
1184500
83300
291920
500280
709960
918740
1127300
25340
234020
443640
652860
862460
1072300
1284340
183640
392640
626880
839520
1049298
1259560
158540
367780
577340
786520
995720
1204660
103640
312740
522760
732460
942180
1151400
49240
258240
466860
676240
884600
1094041
1303060
201920
410820
620220
828920
1037640
1246960
147200
356240
564640
773860
982680
1191760
90860
299760
508700
717765
927480
1136440
35140
243540
452820
661690
870280
1078940
1288740
188060
420780
632020
841780
1050280
1258920
157020
366700
575840
784420
994360
1202940
100820
310680
519200
728860
939180
1150160
48740
258200
466940
676660
885340
1093880
1303380
201860
411460
620960
829360
1037800
1247260
145460
354880
563840
772440
981380
1190520
88700
298300
507140
716360
926040
1136400
34420
243820
452560
662180
871160
1081040
1289840
187920
455700
667080
877680
1087160
1297760
196600
405660
617200
826160
1036900
1246360
146240
356800
566563
777000
986380
1195440
94240
304220
514320
724000
932720
1141780
40160
249820
459560
669660
878860
1087740
1297440
195400
404960
614460
823000
1032480
1241300
140360
349720
559660
769160
978160
1188400
87400
296300
505600
714420
923340
1132480
79820
293360
504780
715760
924480
1135960
34340
243860
452820
661580
871640
1081120
1290800
188420
398260
607440
816780
1025980
1234980
133220
342400
551820
760200
969120
1177700
76240
284740
494080
703640
913300
1122180
20400
230260
438280
647360
855580
1064340
1272860
170200
379080
588720
797280
1007260
1216540
114040
322960
532020
740815
950160
1164060
64920
274580
483340
691880
901160
1110580
11140
220420
430100
639511
848540
1057060
1266620
165340
374060
582271
791780
1001360
1210720
109140
319480
529200
738040
946794
1155180
53420
262340
471980
681080
890200
1099720
1309440
207460
416240
624920
834240
1043140
1252200
149740
358440
567720
776840
985120
1194120
93040
302400
511522
720460
946740
1157180
55460
264240
472980
682080
890420
1099760
1308160
206760
415373
624180
833000
1041380
1250680
149260
360660
570420
779280
989058
1197680
95800
304180
513120
722220
932020
1142360
40640
249360
457840
666580
874720
1084200
1292780
190700
400000
609180
818100
1027020
1236180
134280
343620
552820
761540
969920
1179640
78540
288180
497140
729660
941729
1151960
50280
259560
469080
678080
887600
1097000
1305860
204700
415060
624120
832820
1041760
1250940
149240
358620
567940
776780
985600
1193800
93440
301760
511940
721100
930400
1138980
37780
246840
456920
667000
878820
1087880
1297360
196100
404940
614300
824060
1032700
1241060
140200
348220
557360
766540
975820
1185060
83480
292540
501320
735260
944460
1153820
52440
261040
470240
678760
887480
1096740
1305640
204040
413640
622320
831300
1040480
1248960
146240
355220
564240
772820
982080
1190940
88540
297520
507000
716380
925200
1134800
33600
242580
451740
661720
870460
1079840
1288900
186280
395020
604240
813720
1022480
1231060
129860
338900
548120
757320
967280
1175500
73480
283260
518480
728180
938160
1148320
46760
255860
464560
676080
885260
1094420
1304160
202680
412280
620840
830300
1039477
1248614
147340
356160
564400
773420
983600
1193320
92620
302040
511920
721380
930900
1140100
38240
247320
456960
666500
876020
1085000
1294600
193020
402000
611260
819620
1028460
1238340
137180
345800
554660
762940
971660
1179960
78900
314640
526400
736300
946580
1155920
54680
264060
472060
680520
889420
1098540
1307400
205320
414200
623760
832840
1042780
1252940
151140
361080
570100
779960
988920
1197820
95460
304480
513760
722980
931815
1141600
41180
250460
459460
668880
878060
1087180
1296720
195000
404540
613500
824300
1034200
1243900
142720
351640
561740
770040
978160
1187520
110160
320680
529620
738940
948560
1157660
56080
265980
475000
683760
892820
1101400
1310080
208420
417220
626500
835820
1045880
1253840
151700
361820
571500
780400
989520
1198540
96620
305320
514120
722720
931240
1139700
37620
245640
455480
664777
873680
1082800
1291540
189442
397260
606260
815040
1025200
1234540
132340
341380
551020
759520
967920
1083440
1293700
191880
401720
610960
819640
1028440
1237700
135840
344180
553860
763180
972520
1181860
79720
288220
497740
707580
916760
1126060
24720
234260
443260
652400
861520
1070100
1278460
177000
386420
594840
804240
1013020
1221325
119620
328240
540120
751800
961600
1170880
69740
278960
487240
695920
904880
1114440
12080
221220
429160
638900
866380
1077200
1286500
184700
393680
603620
812260
1021820
1231080
129860
338180
547600
756180
966020
1175200
73080
282000
490960
699680
908840
1118220
16700
226160
435000
643700
852896
1062760
1271680
169860
379580
589400
798580
1007600
1216900
114740
323760
532800
741200
949460
1158340
56320
265240
474580
683780
892420
1101700
300
208520
418100
648420
859900
1069940
1280160
178200
387220
596180
805700
1014860
1223940
122180
330998
539960
749720
959200
1168358
67760
277260
486900
695600
904140
1113100
11100
218860
428000
636640
845580
1054360
1264520
161900
371440
580640
789860
999440
1208480
107180
316020
525140
734460
944480
1152960
52400
263880
473040
682240
891800
1099920
1308680
206880
415700
651764
861180
1070040
1279440
178060
387420
596480
805060
1014260
1222820
120360
328860
538000
747140
955960
1164800
62540
271840
480060
688520
896820
1106040
4360
213180
421500
630700
838940
1048220
1256240
153440
362200
570440
779320
988900
1198100
95260
303700
513440
721980
931520
1140320
37280
246680
455640
664140
872320
1081360
1290580
188560
420820
630980
839460
1049440
1259100
157660
366680
576360
785600
994460
1203240
101860
310720
520440
730260
940140
1149240
47060
256860
466120
675400
884420
1093560
1302240
199840
408240
617560
826720
1035940
1244900
143240
351680
560960
769560
978540
1188200
85860
295000
503220
712340
921280
1130040
27880
236040
444820
654200
862740
1071320
1279440
84565
295100
504860
713280
922600
1132140
30660
239878
449180
659440
869020
1080520
1290420
188095
398000
606900
816320
1025160
1233780
131740
341360
550380
760160
969380
1178920
77580
286080
494520
703060
912300
1121320
20320
228980
437420
646540
856480
1065380
1274820
172820
381500
590040
798780
1006620
1215238
113460
321600
530320
738980
948598
1175800
76100
284580
493880
702740
910980
1119320
17660
226680
435680
644700
853820
1062360
1270820
168860
378120
586060
794780
1003200
1211920
109480
318000
526680
734660
943340
1152160
49660
257820
466520
676120
883520
1092080
1300860
198280
406980
616300
825800
1034160
1242760
140200
349140
557860
766640
975255
1183920
82300
290540
499940
707940
916100
1152620
53500
262720
471940
680940
890100
1098120
1305940
203300
411640
620140
829340
1036940
1246480
144300
352980
561980
770840
980082
1188480
86160
294920
503440
712240
921000
599500
815480
1028540
1239280
140560
350720
561020
769800
981100
1190540
91140
300113
508940
720360
930080
1139480
37640
245980
457320
666240
798100
1009980
1220260
121760
332060
541762
751680
960560
1169800
72560
282760
492560
701320
910620
1119860
18840
230140
439880
648460
857020
1065600
1274460
172820
381640
593160
801700
1010760
1219140
117020
326180
534440
743180
952077
1163340
62600
271280
480520
689300
898920
1108840
7860
215900
425020
636060
845040
1053820
1262380
160620
369980
588260
799260
1008920
1217877
115340
326800
536860
746600
956460
1165660
64740
273040
482100
690280
899880
1108838
7580
215900
426640
635180
843860
1052260
1260540
158560
367400
576020
784680
993160
1202100
99940
308360
517540
728820
938320
1147620
46620
254700
462840
671760
881300
1089860
1298940
197280
405860
615080
824180
1032960
1242040
141900
374220
584760
794100
1002840
1211120
109000
317580
527020
737580
946320
1154740
52978
261560
470200
678600
887520
1095880
1306920
204860
413600
621540
830480
1039660
1248660
146640
355080
564820
773642
984160
1192540
90980
300820
510120
719460
928320
1136820
35280
246760
456160
665780
875000
1084400
1293940
192660
402480
612180
821840
1031460
1239920
161000
372480
580880
790620
999840
1208660
105980
315660
525920
735546
946500
1155460
53480
263080
471860
682000
891560
1100980
1310700
209380
418960
628020
836532
1044900
1253960
152120
361080
570200
778480
987200
1196140
94600
303140
512980
722200
931180
1142000
40520
249880
459620
669100
877940
1087240
1296620
193860
403540
612260
820800
1029860
1238880
164120
374180
583680
792700
1002100
1211140
109860
318320
527720
736420
945060
1154400
52720
261500
472880
681420
890240
1099340
1307940
206000
414260
623500
832800
1042080
1252180
150120
359100
568020
777540
986960
1196140
93820
302580
512320
721900
931360
1139840
38260
247060
456000
665760
875200
1084940
1294400
192580
401720
612920
822560
1032196
1267680
167580
375840
585040
794000
1002500
1211200
108925
317880
526060
734320
942680
1151140
49660
258300
467420
675720
884320
1093540
1301980
199780
408100
616880
825980
1035060
1243620
141580
350540
559720
769060
978300
1186660
85920
296444
505760
714820
924240
1133080
32000
241080
450040
658560
867429
1076920
1285160
183660
393160
602320
811480
917600
1129540
28880
237260
446180
655560
865560
1074880
1283780
182640
392240
601460
810440
1018940
1227600
126100
335960
545180
754240
963380
1172200
70660
280600
490480
699680
911320
1120680
19260
227540
436820
645560
853200
1062260
1271000
169300
378140
587880
797260
1006240
1215820
113220
322200
531420
739420
948640
1157127
55373
263340
471900
698520
909160
1119760
17940
226560
435400
644780
853840
1063100
1271840
169726
378140
587680
796980
1005720
1214060
111780
320280
529580
738180
947160
1155560
55480
264520
473140
682220
890920
1099860
1308760
206803
414840
623100
831600
1041860
1250720
148780
357700
566800
776520
985900
1195060
92860
301500
509900
718400
927340
1137200
35460
244460
452960
689764
899700
1107980
6920
215400
424160
633080
842400
1051480
1261200
158780
367860
577360
786580
994980
1204000
102180
312000
521380
730520
939460
1148420
46900
258320
467180
676240
886260
1094820
1304060
202800
411300
621320
830160
1039160
1248480
146120
355620
565460
775060
983540
1192800
91140
299920
508380
717700
926500
1134520
32880
242160
476082
685520
894780
1104200
2240
210740
419140
628920
837720
1047300
1256020
154960
363960
573120
782160
990700
1198940
96440
305000
513820
722760
930480
1138840
37540
246700
454660
664080
873060
1083095
1292180
190440
399460
609760
819120
1028680
1238180
135040
344280
552920
762000
970700
1179100
77200
285880
494720
703280
912020
1120940
18480
229600
443000
653320
862080
1071020
1281000
180240
389260
598000
807568
1016520
1226040
125180
334380
543760
753160
961940
1170880
70180
279500
488880
697840
906040
1115280
14360
223240
431718
640040
848160
1057020
1266300
164620
373680
582180
790760
999280
1208420
105960
314900
524260
733700
943580
1152300
50480
259140
468080
676740
885560
1097680
1231380
131480
341540
550640
759900
969320
1179140
78180
287380
496400
706120
915000
1123440
20820
229080
438280
647460
856620
1065560
1274260
171920
380480
589580
798160
1007000
1215796
113500
322800
531900
741420
950100
1159140
58560
267620
476980
685280
894040
1102680
120
209760
418800
627500
836620
1045320
1254380
153120
362820
571500
780020
1007800
1218300
116520
325260
534400
742780
952340
1161580
60360
269260
478320
687460
896800
1105522
3560
211880
419916
628940
837020
1046860
1256060
154420
363240
573092
784400
994040
1204320
102949
311580
520000
728060
937240
1146278
43720
252520
460620
669640
878480
1087460
1296023
194220
402483
612040
821320
1030400
1239840
137780
346540
555500
763980
999500
1208620
106820
314938
523300
732060
941300
1149840
48500
256740
465680
674680
883820
1092600
1301580
199440
407620
617260
825940
1035220
1243460
141940
351180
560320
768960
977020
1185200
82820
290960
499590
708120
916900
1125780
24280
233320
442120
651760
860780
1070320
1279020
177020
385580
594500
804200
1012700
1221640
119720
328920
537920
768640
980920
1189720
87400
296060
504480
712320
923280
1132020
29880
239060
448280
657340
865560
1075000
1284020
181780
391240
600760
809920
1018735
1227980
125460
334242
542800
751880
960880
1169360
67660
277080
485740
694300
903460
1112460
10744
219414
429295
637420
846240
1055020
1264480
161760
370320
579340
788760
997240
1205684
104000
312820
433460
644660
853940
1062569
1272480
170760
380180
589140
798320
1007080
1215780
113840
323040
532360
741440
950400
1159600
57340
265800
475000
684300
892920
1103080
980
209760
418080
626840
836340
1045280
1254620
153040
361860
570980
779100
987320
1195700
93920
302620
510760
720340
929280
1138120
36740
245760
454380
663940
872680
1082080
1291620
209880
420000
631620
841636
1050300
1258620
156540
364800
572880
780820
989580
1199160
97922
307400
515720
725080
934880
1144660
43040
250920
460120
668720
876940
1086340
1294973
193120
401660
610280
818780
1027960
1235920
134060
342360
551440
760400
969000
1178340
76980
285940
494840
703240
912420
1120960
18240
227840
436360
645240
853300
1060760
1269680
192940
402860
612000
820620
1029420
1239180
138500
347480
556180
764880
974020
1182140
80520
288560
497080
705820
914340
1123640
21200
229880
438380
647660
856500
1065780
1274100
171840
381020
589800
797780
1006800
1215740
114200
322500
531200
740720
950160
1160240
58540
267060
476720
685400
894240
1102680
1180
209300
418000
626920
835960
1044440
1150580
49920
259360
468320
677460
887080
1095680
1304060
204320
412980
621640
830760
1039278
1247980
146180
355380
564040
772280
981120
1191360
89600
298240
508080
716480
926120
1135300
34280
243500
452240
661160
871120
1080440
1289080
186700
395100
604360
812840
1021180
1229800
128300
336740
544940
753840
962640
1171220
68940
276600
485360
694020
922740
1134220
32720
241500
451040
659300
868560
1077240
1285800
184220
393180
600840
809100
1017740
1227240
125400
333700
542680
751260
960080
1168980
67300
276280
485980
695200
904980
1114480
13580
222760
431200
640080
849500
1059280
1267800
165318
374820
585000
793100
1002780
1212460
111220
320692
529800
738740
948320
1158340
56660
265740
474800
683620
917060
1126140
24180
232520
441520
650620
859660
1068480
1277020
175080
384200
593380
802420
1011398
1220280
119060
328620
537460
746620
955077
1164562
62940
270940
479760
687600
896360
1107260
6120
214740
423480
632260
840740
1049440
1258260
156420
364960
573380
782500
991780
1201100
100180
308780
517880
727440
936860
1145300
43920
252960
462300
697180
907500
1116180
14484
223060
431760
640380
849940
1058180
1267020
164900
373980
582520
791260
999520
1208300
106600
314740
523720
732260
940560
1149020
47240
256260
464720
674000
883520
1092940
1302240
200767
409140
618500
827050
1036120
1245520
143460
353180
562960
772240
980820
1191160
89640
297740
506660
715740
924680
1132800
30480
239680
355600
566160
774640
982840
1191080
89640
298140
507240
715960
924540
1133320
32260
241460
451325
659780
868240
1076500
1285780
183960
392580
601320
809440
1017960
1225960
124040
333040
542120
750140
958820
1168280
67000
275600
484660
693000
902980
1112220
10100
217360
425400
634760
843400
1052680
1261340
949040
1164260
67000
303960
516920
726740
936820
1147600
47580
257680
467700
677600
886980
1098340
1307360
206160
415280
625546
836714
1047000
1257640
156860
366340
578740
788000
997880
1206960
105640
314040
527650
736900
946820
1156760
55120
265160
474660
686480
895500
1105100
2980
211640
420300
629020
837940
1049340
1258780
157460
367080
576200
785060
993960
1225760
128620
340700
550020
759020
968540
1178280
76920
286440
496880
706020
915140
1126420
25080
234360
444100
653740
862880
1071700
1281020
179500
388300
597100
808160
1017020
1226440
123560
332180
541940
751280
960080
1168520
67400
276620
485760
695480
905600
1114140
12160
221040
429480
637620
846280
1055540
1264340
162060
370540
579880
789120
997640
1232620
131600
340620
549660
758600
966940
1175480
74100
283682
492660
701560
910000
1119660
18460
227200
436460
647740
857340
1066300
1275000
173354
382700
591400
800580
1010358
1219300
117360
326680
535280
745060
953340
1162200
60600
270020
481760
691000
900640
1109660
8660
218160
427680
637160
845560
1054420
1263460
161480
370400
579615
787780
1022780
1232860
131840
341500
550540
762540
971400
1181280
80360
289640
498540
706600
915200
1124920
23480
233000
441760
650680
860580
1069980
1279100
179080
388900
597600
807580
1016540
1226100
126240
335060
544620
753820
963580
1173500
71900
280760
490540
699282
909060
1118620
17380
226620
434660
643540
852120
1060500
1269200
167560
376160
585060
820560
1030600
1239580
137400
349100
558900
768840
979020
1188400
87340
296800
506280
715180
924680
1133600
32380
241140
451000
660840
870080
1079600
1289170
187660
397540
606380
815620
1024360
1233320
130760
340120
548960
757720
968060
1178000
76360
284700
493240
702640
911100
1119880
17820
227340
436800
645460
854680
1063840
1272540
170518
379460
614160
824420
1033697
1242960
140180
350244
558920
767020
976920
1186660
84600
293400
502580
712580
922000
1133880
32880
242420
451860
661100
869460
1078540
1287300
185520
394560
603780
813660
1022840
1231840
130255
339860
549920
758640
967920
1177460
75900
285960
494760
704340
913060
1122120
20340
228920
437760
648100
856680
1065600
1275260
173960
405620
615380
826380
1036260
1245300
144060
352440
561300
769760
978960
1188360
86840
295418
503960
712820
921680
1131120
28640
238080
447460
657140
866560
1075880
1284280
183000
392420
601500
810760
1020780
1230322
128500
337020
545600
755020
963980
1173240
71620
280100
489360
698780
907980
1116860
14420
224800
434960
643900
853840
1062700
1271960
67900
278820
488920
698100
907340
1115880
13660
222540
432360
642040
850620
1059340
1268520
167140
375960
585020
793520
1002700
1210500
109160
317900
526620
736200
944620
1153940
53040
261380
470680
679540
889020
1098180
1307100
204980
414340
621680
830480
1038740
1247140
146100
354980
566120
775020
983500
1192820
90780
299840
508540
717929
926380
1156100
55720
266180
475420
685040
894900
1103620
2720
212520
421640
631020
839960
1048980
1258540
156880
365720
573800
782840
991860
1201100
100160
309300
518560
727600
937100
1146260
45020
253140
462080
670220
879580
1088580
1297000
195160
404800
613920
822480
1031540
1240540
138440
346580
555900
767340
976180
1184240
82080
290780
499480
709320
940320
1152340
50820
260460
468900
677260
885960
1095380
1304640
202840
411980
620840
830500
1039120
1248180
147020
355460
564120
773980
983100
1192560
91380
300420
509480
718140
927180
1136765
34960
243680
453060
661820
870360
1079120
1287618
186700
396300
606160
813900
1022820
1231660
129900
340000
549520
758880
967980
1176840
75084
284880
493980
703638
937860
1151440
50320
259680
469400
678300
886660
1096360
1305860
204440
414400
623600
831980
1040300
1249660
148420
357900
568020
776580
985380
1194580
92140
300780
509520
718360
927560
1137015
35220
243960
452380
662620
872240
1081520
1290420
188720
397020
605700
815320
1024220
1232880
131020
338880
547760
756880
966140
1174980
74100
283440
492980
729600
938940
1147220
45280
254780
464580
673740
882540
1090980
1299560
198240
407380
616340
825360
1034540
1242780
141200
353260
562440
771300
980040
1189360
88140
297060
506100
714860
924300
1133020
30520
238700
447640
657160
866420
1075180
1284360
182360
392020
600280
809320
1017780
1226540
125460
334020
543020
751500
961820
1170880
69000
277880
384740
595140
805480
1015980
1225560
124680
332940
542320
751320
960480
1169487
67600
277180
486560
695380
905300
1114860
12722
221480
430420
640360
849660
1059300
1268500
166980
376140
585180
794740
1004095
1213620
112140
322100
530480
739100
947660
1156700
55420
264660
473300
682800
891158
1100820
2000
210460
420516
629638
839240
1048400
1258600
204120
416980
626720
837360
1046620
1256910
156000
365820
575280
785700
995600
1205140
104360
313500
522220
731600
940440
1149640
47460
256760
465160
674060
882120
1090660
1298680
197100
406700
616140
824420
1033140
1242340
140900
349720
558200
766440
975940
1184820
83140
292220
500920
710440
919320
1128400
26220
234263
443560
651520
860324
1069140
1292600
192020
402880
611520
820081
1029020
1238120
136360
345880
554240
762860
971780
1180460
79600
289400
498280
707220
916840
1126020
23920
232820
441220
649260
858800
1067640
1276240
177000
386900
595640
805020
1013580
1222140
119760
329420
538920
746300
955780
1164720
63620
272860
482220
691340
901100
1109620
7600
216340
425500
634580
843420
1071360
1282860
181180
390260
599900
809442
1018720
1228040
126680
335964
545180
754540
963500
1172440
71442
280700
489860
699820
909360
1119100
18520
228057
437340
647140
855860
1065620
1274000
172200
380940
589720
799940
1008280
1217760
115460
324540
533720
742800
951940
1160880
58840
267080
476100
684440
893700
1103360
600
208860
417480
626524
857220
1070560
1280200
178940
388940
598400
808340
1017540
1226340
125120
333960
544060
754381
965120
1174360
73740
282340
491600
699940
909600
1119500
20720
229060
438620
646940
855960
1065120
1273540
172040
382420
1032300
1288060
195560
408700
621020
832620
1042640
90860
312160
526540
738360
948900
1159400
58720
269320
826740
1049480
1263620
164160
374680
585120
795080
1004580
1215660
114660
325220
535580
745000
954180
1163640
63440
273180
502640
714769
925400
1135480
34140
243740
453380
663440
873180
1081860
1291800
190360
400540
610140
819060
1029880
1239920
138800
347840
557760
767600
977140
1186340
85500
295640
505500
715040
924600
1133260
31980
241740
451340
660980
870000
1079760
1289220
187900
398254
608780
819020
1028760
1238620
137540
346480
556560
766480
976880
1186420
85540
288966
500300
709700
919820
1129805
30080
239780
449500
659580
869440
1079200
1289378
189500
399080
608300
825380
1035400
1244740
144440
354700
565100
775240
984180
1193260
91269
300720
510920
720500
930920
1141540
40140
250020
460540
670180
879020
1088920
1298860
197640
406940
616860
825580
1034900
1243680
142320
352040
561500
770160
980540
1191020
96280
306280
515520
726220
936340
1145940
44360
254020
463760
673740
883060
1092800
1301320
198796
408100
616720
826780
1035920
1245200
142680
351760
561140
769840
979000
1188460
86560
295520
505120
714600
923660
1133500
31780
240460
449440
659540
868880
1078720
1287180
186000
395860
604960
814640
1024440
1233200
131680
340200
549700
759500
969360
1191740
91120
300020
509200
718360
928020
1137460
36220
245440
454240
663840
872620
1081340
1290360
188060
397780
608120
817581
1027200
1236000
134300
343060
552300
761420
971540
1180300
79060
288460
497820
707700
916720
1126900
25960
236400
448760
658680
867900
1077420
1287380
185480
394400
603580
812700
1022220
1232980
131940
340780
550220
759300
997240
1207280
105620
315000
525340
734400
944200
1153780
54040
263980
474540
684240
894920
1104220
3260
212260
422040
630998
839980
1049940
1259360
157960
367080
576080
785860
995280
1204360
103760
313303
522600
732100
941860
1150660
48760
257880
467320
677380
887160
1097040
1307600
207200
416540
627200
836720
1045680
1254440
153340
363800
573260
804180
1015600
1226260
126260
335820
545960
756400
966120
1175560
74380
284560
494540
704320
914340
1124860
23920
232260
441020
651380
861860
1072120
1281080
179920
391040
601920
812380
1022860
1233120
133060
343760
553120
763300
972580
1182620
81100
290940
500820
710740
921340
1130520
28720
238520
447320
656140
866000
1075880
1286140
184440
394120
618840
830360
914480
1135380
39340
251180
463740
674040
884420
1094845
1306880
206400
416140
625500
835300
1047040
1257280
155880
364700
573280
785040
994700
1204340
103300
312320
523920
732920
941920
1151580
50880
259340
474600
685060
895320
1104740
3520
212320
422140
633920
844038
1052800
1263520
162560
390100
601320
811300
1023140
1232120
130700
339940
549860
758980
968660
1178020
76040
286840
496080
705760
916400
1125740
25000
234180
443720
652780
861740
1072860
1281521
180820
389760
599180
808540
1018120
1226940
125260
334400
544580
756560
966200
1176660
75180
284600
493940
702740
911840
1120980
19500
228700
438340
648120
859860
1069700
1278980
193340
403160
612800
822280
1032180
1242520
141560
351000
560420
770980
980520
1191300
90480
299580
508540
717880
926980
1137320
36242
245680
455480
665580
875940
1085660
1295200
193460
402300
613220
822840
1032300
1242160
140540
350360
559340
769080
979100
1188580
87200
296220
505960
716430
926560
1136840
35260
244400
455380
664300
873300
1081860
1305920
205960
415760
625860
835780
1045740
1255780
154960
365020
574840
784620
994280
1204300
103640
313300
523020
734420
944680
1154340
52980
262460
471300
679740
889160
1098920
1307420
206420
415860
625602
834980
1044140
1253600
152420
360960
569900
778900
988840
1198100
99380
309140
518340
728720
938160
1149000
47920
257580
466700
676540
886180
1272240
178800
390280
601480
811380
1020980
1230560
129200
338460
547500
756700
965720
1174680
73360
282340
494580
703700
913960
1123160
21120
230300
440500
649480
859100
1067820
1276940
175580
384500
594340
805180
1014280
1223360
120960
329820
539100
748500
958120
1167180
65740
274640
483620
692440
901140
1112180
11120
219600
428340
637440
846860
1079193
1289340
188780
398280
606900
815220
1024420
1234240
132760
342960
552160
763020
972920
1182180
80280
290180
499720
710100
919620
1130000
29220
238820
447960
657420
866760
1075540
1287320
186440
395360
603640
813200
1022280
1231340
129954
339200
548740
757720
967220
1175880
74340
283700
492940
702360
912060
1121040
19820
229200
438660
648240
880320
1091480
1300940
198800
408100
618400
828120
1037600
1247560
145780
356620
566460
776120
988360
1198340
97140
307140
516880
726000
934300
1143440
43180
252620
462360
672320
881180
1090440
1299740
199100
409260
618080
827500
1037920
1247760
146060
355460
565040
774600
984294
1194220
93140
302460
511980
722020
931960
1140960
39620
248360
458520
690360
899340
1108020
5820
215820
428720
639000
848880
1057880
1267300
165440
374180
583360
792200
1001860
1210740
110120
319300
528940
738100
946620
1156000
55320
264300
473300
682720
891720
1100880
1310180
207920
416480
625560
834220
1043980
1252680
151420
359760
568400
778340
987060
1195800
95500
304360
513860
723600
932520
1142160
40540
249720
480680
690600
901420
1110300
8120
217300
427160
636920
845440
1054440
1263800
162640
372320
582000
790940
999940
1209520
108360
318320
528300
736820
946281
1155000
53560
262060
470840
680480
890120
1099060
1308900
206800
417340
626540
835440
1044800
1254260
153560
362300
571560
780440
989320
1198120
96580
305180
515880
725380
934540
1142700
41340
272080
481340
690820
899680
1111220
9940
218140
427840
636900
845120
1054660
1263840
162340
370600
579400
788720
998440
1208420
106900
316880
526620
735740
944720
1153700
51140
260600
469800
679320
888400
1098020
1307640
205320
414120
623800
832900
1041900
1251020
149300
358440
567600
776600
985520
1194520
93060
301220
510980
721000
930060
1139640
58540
269780
480040
688720
897640
1107180
6780
215880
424720
633920
843940
1052140
1260260
161240
370620
580020
789140
998400
1208000
106880
316100
525300
734240
943460
1152960
51160
259620
468860
677800
886440
1095140
1304920
203740
412620
622220
831100
1040300
1250220
148400
357000
566293
775180
984440
1193520
92100
301620
510920
720460
929120
1033200
1244320
143800
354598
564580
774880
984420
1193620
92360
300740
509941
719260
927780
1137820
36700
245480
454580
663780
873860
1082940
1292380
191520
400220
609260
818520
1027420
1236400
133920
342580
553880
762840
971600
1180240
78400
287340
496420
706340
915000
1123700
22980
232280
441320
649820
858720
1067920
1276420
175238
383460
592300
816760
1027258
1236840
135260
344000
553500
762900
971660
1180722
79522
287840
497400
706720
916300
1125680
23700
232420
441695
650260
859100
1068100
1278400
176760
386580
596120
805780
1014220
1223860
122674
332600
542060
751020
960380
1169358
68340
277920
487560
697060
906880
1116120
14620
224260
433840
642340
850440
1058940
1267500
165180
373520
599200
810180
1019900
1229380
127400
338160
547220
756860
965100
1174562
73480
282380
491160
699660
909380
1118560
17600
226880
436700
645900
855640
1064760
1273440
171760
381800
590949
799440
1008180
1217580
116360
325000
534500
743600
952074
1159960
58000
266940
475720
685000
893980
1102800
1340
210160
418580
628300
836840
1045775
1255540
153800
363220
591160
801260
1010820
1218920
117860
327940
537200
746000
955560
1164060
62380
271640
480200
689140
897720
1105960
4480
213220
422500
631460
840580
1049360
1259520
157360
366380
575340
784280
992180
1201320
99800
308180
518900
728100
936820
1145780
44560
253660
464620
674180
883080
1092280
1301060
199280
408800
617900
826600
1035940
1244880
143220
374765
584740
794040
1003000
1212460
110980
321020
529640
738740
949080
1157680
55800
264160
474080
682720
891360
1100100
1309780
208580
417180
625820
834940
1044580
1253400
151580
360780
570220
780580
989760
1198960
97400
306600
516520
726040
935620
1144800
43400
252560
461940
670020
878620
1087320
1296600
194600
403360
612020
821600
1030520
1239460
31580
242160
451320
661100
870120
1079600
1288580
186580
395680
605120
815040
1024660
1234860
133160
341940
551360
761460
971120
1180340
78760
288220
496460
705340
913740
1122760
21220
230420
439720
649080
857520
1066840
1276260
177260
386520
595640
804760
1014568
1223480
122080
331490
540820
750433
960000
1168620
65460
275060
484200
694020
903420
1127860
27580
237200
446740
655618
865360
1074710
1283380
180880
390140
599540
808620
1016820
1225600
124700
333960
543040
752540
962040
1170340
67272
276120
484840
693480
901960
1110320
8060
216820
426100
635260
843820
1052760
1262100
159900
368600
578060
786960
996660
1205400
103580
313240
522400
731480
940106
1149280
47880
257300
466640
675080
900280
1112260
12140
221518
430960
639920
848840
1058420
1267580
166520
375640
584740
794320
1004300
1214103
112400
320680
530660
740060
949120
1157480
55340
264080
472980
681720
890120
1098660
1307500
206120
414500
624580
833280
1042300
1251318
149860
358840
567920
777300
986320
1197320
95600
304820
514460
723800
933240
1143120
41420
250920
459720
669600
898040
1107840
6660
216020
425340
634240
843740
1052820
1262740
161100
370060
579000
788380
996740
1205460
103840
312100
521400
729960
938920
1147760
46860
255780
464200
672940
881460
1090680
1298920
196280
405260
613720
822540
1031364
1240100
137520
346080
554720
764760
973740
1182700
80480
289300
498940
708340
917900
1126400
24380
233360
442020
651260
861500
1071260
1281340
180680
389860
599040
807840
1017920
1227440
126640
335780
545360
755180
964520
1173320
71520
280020
488920
698440
907120
1116320
13820
223180
432020
641380
850520
1060100
1269360
167220
376040
585040
793340
1002220
1212320
110220
318860
527480
736540
945300
1153480
51100
259820
468100
676860
885840
1094460
1303540
201580
337620
547680
756020
965320
1173420
72100
280840
489540
700840
910040
1120200
18780
227720
437460
647140
855620
1064580
1274160
173520
382220
591160
800520
1009042
1218280
117400
325720
534046
743780
952060
1160540
58020
267080
476560
685800
895453
1104780
2440
211580
420800
629620
838540
1047400
1256240
154720
362860
571660
781100
990560
1199080
113760
325120
535000
744060
953480
1162135
61040
270320
479220
688460
897560
1107260
4883
214380
424040
633020
842580
1051280
1260180
158660
368560
578340
788300
997360
1207220
106480
315080
524620
734700
943460
1152620
51220
260240
469260
677940
886960
1095720
1304680
203380
411820
621540
830780
1039760
1248960
147660
357180
566480
775000
983120
1211220
111580
321520
530940
739600
948340
1157600
56900
265840
475120
684700
893900
1103180
1920
210600
419440
628760
837240
1046580
1255460
153540
363440
574180
784060
993860
1203180
893520
1109100
11800
222820
434920
644800
854960
1064940
1276840
176520
386200
596180
805460
1016740
1226880
125820
334380
544200
755900
965660
1194060
93720
304460
515560
725740
935540
1144940
44260
253920
468540
679140
888800
1098380
1308480
206800
416440
627380
836720
1045740
1254140
152640
362000
572180
781540
993040
1202720
101680
310500
519680
728540
937160
1145800
44260
256060
464780
674680
883460
1093040
1302100
200580
410174
619200
828280
1039540
1249260
147640
355460
565020
773640
1005480
1215580
114640
324000
534260
745780
955760
1165840
64560
273920
483540
693300
903040
1111680
11040
220500
429140
638420
850400
1060220
1270200
169220
378980
588240
797020
1006920
1216980
115640
325040
535460
745240
955480
1166560
65820
275160
484453
694660
904080
1113800
12100
221120
430880
640740
849480
1058400
1267560
166180
375180
606580
818740
1027960
1237980
136140
346360
555580
765680
975500
1185360
85140
295140
505220
715240
924714
1133820
32860
242480
454580
663080
872000
1080940
1290380
189280
398820
608180
817600
1026740
1236220
134800
343160
552038
760640
969700
1178780
75720
285135
494300
705740
914740
1123640
21834
231020
439660
648640
857200
1066520
1276220
174680
384260
616940
827040
1036540
1246360
144360
353600
563480
772960
983000
1192360
93340
302660
512980
722100
931720
1140700
39500
248940
458600
667960
877200
1086220
1296100
194600
404440
614080
823800
1033300
1243680
142340
351220
560620
770000
979480
1188060
85640
297040
506500
715900
925720
1135080
33960
243760
453540
663080
872440
1081200
1290120
207300
419660
630609
839440
1049060
1258503
157700
367240
576740
785760
995620
1205540
103860
312420
521800
731320
941600
1150300
48400
257500
466540
675560
884840
1094060
1303260
202300
411820
621460
831560
1041040
1251380
150020
359480
569360
778520
988540
1197760
96960
306420
515220
725380
935320
1144940
43122
252000
461100
670140
879860
1092000
10960
222920
432500
641940
851420
1060820
1270400
168180
377200
586260
796380
1006100
1216340
114900
324240
533580
743260
953620
1162860
61540
270893
479640
688500
897260
1106480
6040
215340
424500
633880
843820
1052720
1262200
161100
370800
580080
791680
1001060
1210980
109540
319740
528580
738280
947260
1157240
54260
263593
473340
682640
892920
1162700
67780
277900
487940
697100
906460
1116260
15364
225060
434000
643760
853000
1062400
1271760
170240
380460
589820
798920
1008490
1218480
116978
326400
535700
744740
954120
1163700
61700
274240
483860
693020
901700
1110480
8600
218140
427360
636920
846780
1056140
1265580
164240
374100
583140
792980
1002620
1212040
110500
319600
528460
738040
958460
1170240
68940
277840
486700
695740
904900
1113440
11040
220460
429660
638560
847420
1055800
1265220
164420
373260
582600
791240
1000160
1208720
106680
316840
526640
737680
946320
1154880
53100
261960
471420
680500
890080
1099840
1309160
207480
417300
626580
835680
1045180
1254280
152920
362320
571980
781040
990340
1199460
97920
307720
517620
742620
952300
1161080
59420
268280
477020
685815
895180
1104260
2720
211920
421880
631320
840560
1049840
1258780
157480
366740
575920
785158
994280
1203280
101060
310200
519100
728140
939380
1148460
46800
255440
465520
674720
883160
1092380
1302080
201040
409980
618960
828761
1038100
1247442
146020
355020
564140
773580
982940
1192560
91160
300640
527000
738300
947760
1157540
55920
265920
475120
684680
894200
1103180
940
208960
418060
626280
835280
1043700
1252600
151440
360280
568840
777980
987800
1197300
95340
304140
513180
722220
931040
1139800
38880
247020
456860
665800
875420
1085520
1297567
197220
406840
615660
824400
1033840
1243400
141400
351140
560280
769880
979220
1188060
86720
295800
524540
733980
943540
1153040
51200
260500
468880
677800
886740
1095760
1305760
204420
413080
621220
829700
1038740
1248420
146740
356520
565960
774380
983960
1192420
91520
300860
510080
718880
928740
1138040
36120
245860
455020
663260
872480
1081460
1290120
189000
397900
607760
816460
1024980
1234540
133840
343080
551860
760080
968400
1176900
75300
307640
520220
729480
938740
1148300
46800
255440
464160
674080
883040
1092500
1301640
199920
409280
619000
828820
1038080
1246620
146200
355280
564380
773180
982780
1191900
90620
300080
509800
719480
928740
1138620
37340
246960
455860
665018
873958
1082260
1291600
189660
399200
608460
817820
1026640
1235560
134800
345160
553718
763240
972100
1182120
102980
313380
522820
732920
942060
1151600
49780
259380
468380
676960
885780
1094560
1303400
201080
410000
619340
829440
1038740
1248440
146520
356180
565400
774700
985260
1194700
93940
304860
514560
724020
933520
1143120
41540
250140
459260
668940
878600
1086980
1296720
195480
404040
613880
823120
1032880
1242640
141120
350320
560040
769260
978300
1208060
107920
317440
527080
736680
946460
1156120
54380
263720
472620
681580
890840
1100740
82
209320
418640
627480
836360
1045260
1254920
153500
362400
571600
782460
990880
1199780
97860
306800
515500
725300
934400
1143020
41840
251260
460800
670180
880500
1090120
1299060
197880
406620
615200
823740
1033220
1241500
140440
349560
558400
767980
872540
1082880
1292440
191360
400240
609100
818882
1028260
1237560
136860
348740
558900
769080
979460
1187480
84680
293540
503180
712620
921840
1130695
28940
238060
447080
655720
864500
1074320
1283580
181840
390360
599760
809000
1017680
1226640
125340
335580
545140
753860
963080
1173420
71660
281060
490360
699680
909520
1118300
16980
226000
435580
656080
866100
1075800
1284960
184620
393078
602560
811320
1020020
1228920
127300
336480
544640
754600
963100
1172940
72000
281540
490420
699460
908960
1118420
16900
225420
434920
643460
852260
1061340
1270400
169500
378940
588860
799220
1008940
1219100
117720
328180
537287
746920
956680
1165820
64820
274320
484100
692800
902580
1111280
9380
218140
442960
653440
864020
1073640
1283380
185420
393980
603720
813160
1022100
1231860
130520
340040
549260
758482
967020
1176160
73960
283120
492680
701100
910320
1119640
18360
227520
435700
644620
854020
1063440
1273840
172240
381480
590920
800420
1009920
1219820
118320
327000
536520
745720
954560
1164060
62880
272480
480640
689760
898760
1107320
6540
232320
444340
654120
863440
1072980
1281560
178600
387180
595760
805220
1013520
1223220
121300
329700
539680
748880
957400
1165800
64100
273140
482740
691300
900440
1109640
8660
218038
427080
635640
844420
1053020
1262840
160940
370420
580580
789540
998860
1208440
106880
316140
524660
734120
942960
1151420
50400
260020
469940
680040
889500
1099540
1307720
229280
439420
648960
857920
1066800
1276080
173602
383360
592460
801400
1011240
1222480
120980
330580
539420
747900
957560
1165760
64220
272820
482160
691400
900180
1108780
7920
217400
426140
636080
844520
1053660
1262960
161400
370560
580160
789500
999560
1209000
108360
318140
528580
737920
947560
1156360
54900
264060
472780
682220
891647
1101620
22240
231920
441220
650800
860460
1069880
1279520
177360
386438
595556
805200
1014460
1224700
123440
333060
541440
751620
960480
1169400
67660
277170
486480
695920
905560
1115860
14880
223700
433060
641660
850080
1059580
1268960
167580
376420
585680
795040
1004900
1214640
113527
323060
532180
740520
949360
1158420
57420
265760
474280
682940
892160
1123900
23540
233540
442860
652340
861100
1070980
1279580
177820
387680
597340
806040
1015420
1224759
124280
334600
543260
753080
962940
1172260
71060
280540
490040
699440
909140
1118560
16700
225060
434900
643680
855700
1065042
1274700
173640
382260
591040
800640
1010440
1219820
117960
328400
538038
746560
955560
1164680
63160
272838
482580
692780
928600
1139600
38560
249260
458440
667940
878020
1087560
1296680
194322
402940
611400
820540
1029340
1239420
137700
347520
556320
764720
973840
1182840
81840
291060
500280
708260
916820
1124320
22180
231140
439840
649960
859400
1069320
1278760
177640
386760
595400
804540
1013380
1222300
120960
330120
540260
748780
957800
1168260
67740
276780
486260
716400
926880
1137240
36300
244854
453780
663580
873378
1082540
1291820
190700
399680
609260
818180
1026740
1235020
132620
341480
551740
761260
971008
1180100
78480
287700
497780
707160
916098
1125560
24160
233320
442720
651280
860740
1070220
1279240
177500
386100
594780
803640
1011960
1221200
119900
328700
538120
746960
956460
1166000
863020
1078280
1290940
191620
403120
611960
822100
1032260
1244000
141960
351820
561240
770280
981500
1191220
89760
298140
506684
717360
927800
1136380
33980
243680
454960
664400
873960
1083360
1292835
191540
404840
614660
823760
1033285
1242640
141640
351400
562494
773080
983520
1193480
92520
301900
512480
722160
934300
1144410
43020
177940
387880
597940
806740
1015740
1225140
126420
336360
546000
755720
965680
1175600
74040
283160
492700
701362
912120
1122300
22020
231360
440980
649620
859000
1068640
1279140
178360
387140
598280
808040
1017500
1226844
125820
335380
544640
753940
963980
1173460
72260
281620
490620
702080
911540
1119900
19058
228540
437780
647760
856680
1065800
1280100
179900
389440
598540
807460
1019180
1229500
128100
337920
546533
756300
965420
1174560
74100
283360
492300
702000
911280
1120620
20020
229060
440320
650700
859960
1069680
1279020
177880
387460
597500
807300
1017340
1226900
125740
335120
545260
754720
964160
1173600
72520
284480
495040
704760
914340
1124180
23140
232300
442404
651680
860860
1078340
1288360
186860
397160
606740
815840
1024700
1234480
131740
340680
551840
761120
971000
1179480
78440
287840
497440
705900
915660
1125360
23800
232660
442460
650740
859620
1068520
1277653
175760
384480
594120
803682
1013602
1225380
125120
334460
544000
753140
962400
1171360
69940
279680
488700
698920
907920
1117360
15720
225640
435140
644640
869520
1080860
1290460
188520
397900
606562
815300
1024920
1234120
135240
344560
553640
763020
972518
1181700
80680
289860
499500
708520
917780
1126940
25420
233260
442780
651500
860720
1070840
1280120
179080
388320
596780
806180
1014840
1224060
122340
331120
540480
752380
961960
1171700
69200
278200
487460
696680
906060
1115120
13340
222540
431480
661420
871460
1080100
1289200
186780
396500
606140
815200
1024020
1233560
132080
341880
550840
760360
970320
1179440
78300
287000
496880
706320
917340
1127660
26460
235680
444380
653720
861780
1070080
1278940
177780
387520
597680
807180
1016440
1226400
125500
335140
544900
753520
962780
1172840
72680
282420
491200
699964
909100
1117880
15960
223860
453000
664640
873980
1083660
1293460
191940
401500
613060
821840
1031960
1241980
139549
348280
557580
766760
976700
1185800
83500
293300
501780
710160
918680
1127680
26720
235580
444660
654540
863760
1072440
1281816
181080
390000
598880
807364
1017360
1225920
125020
334660
543620
752880
961060
1170140
68140
277980
486640
695900
905140
1114700
15200
224480
457340
666940
876860
1086320
1295240
193640
403020
612700
822860
1031840
1241040
139680
349300
558280
767320
975920
1185500
84000
293160
502560
711940
920960
1129140
27920
237740
447300
656640
866220
1075060
1283645
182560
391340
599920
808420
1017200
1226520
125020
335220
544880
753920
963720
1172260
69980
279800
490760
700180
910100
1120400
19042
250200
460140
669500
879178
1088520
1297940
196700
405880
614789
823540
1033360
1243920
142320
351780
560960
770340
980160
1189380
87740
297340
507140
715800
925460
1134820
33240
242140
451840
661720
871558
1081320
1291060
190800
400100
609600
819620
1028920
1238340
137820
347500
556640
767100
977040
1186320
85180
294340
503640
714960
924020
1133340
96500
308180
518220
727660
937980
1148240
47920
256660
465860
674760
883580
1092720
1302340
201180
411200
620500
829780
1040200
1250520
149000
358100
567100
776880
986320
1195880
94160
303540
514580
723280
933240
1142200
40480
249960
459200
668520
877980
1087600
1297360
195780
405700
614920
824100
1033500
1243820
143640
353300
562720
771820
996960
1207980
106820
315740
525460
734500
944500
1156420
55040
264600
473240
682720
892400
1102100
1200
210360
419220
629220
838440
1048000
1257920
156660
366140
574420
785160
994242
1203400
102920
313000
522280
731540
941460
1150460
49800
258580
467040
675620
884100
1093400
1302720
201120
410340
619600
828640
1037640
1248300
146580
356940
565640
784000
993800
1202740
101260
311100
519820
728900
937700
1145920
44620
253740
462580
671660
879980
1089980
1298520
197000
406175
615180
823860
1032020
1240620
139260
351520
560700
769840
978780
1187401
86300
295440
505140
714760
923300
1131773
30720
239720
449020
657460
867100
1075600
1283920
182140
391620
600080
809260
1018960
1227840
125920
336100
562560
773380
982340
1191380
89920
299040
508800
718260
926880
1136100
34080
243240
452400
661280
869760
1078680
1288160
186980
395700
603860
812760
1022140
1232100
131220
340380
549140
758500
967420
1176060
74817
283020
491480
700160
909840
1118600
16460
225960
434840
644380
853180
1062480
1272320
172140
381260
590400
800120
1009840
1219020
120240
329140
558280
768640
977440
1186360
84540
293762
502700
711300
920840
1129920
28380
237860
447600
659100
868560
1077800
1287320
186020
395560
604460
813820
1022680
1232120
130260
339240
548300
758070
968218
1177280
75800
285120
493900
702640
911140
1119900
18260
227480
436000
645880
855940
1065200
1274340
172240
382260
592200
801460
1010480
1218900
118520
349380
559800
768860
977660
1187000
85840
295720
504960
714800
923960
1133720
32280
241780
450960
659780
869520
1078800
1287580
186880
396720
606380
815880
1024760
1233740
132480
342060
551160
759920
969580
1179040
77980
289460
498882
708660
918160
1126960
24920
234540
443900
653440
863220
1073940
1283500
182480
391640
601600
811540
1020940
1230657
152260
361640
571580
780980
990580
1201620
100430
308540
517860
726900
935620
1144980
43140
253260
463300
672340
881860
1091480
1300760
199720
409120
618760
828820
1037720
1247440
146140
355720
565760
774800
983740
1193560
93020
302660
511800
720260
929740
1139440
38960
248680
458740
668400
877940
1086500
1294360
193560
402380
610500
819280
1028600
1259620
158440
367240
575940
785300
994420
1203940
102040
310480
519700
729680
938047
1147520
46240
255840
464460
673780
882640
1091460
1300480
199260
408260
617780
827460
1036840
1246440
147680
356780
564860
773620
983240
1192160
91180
299900
508540
716960
925640
1135040
33957
243100
452680
661800
870160
1079077
1288560
187080
396760
606360
816080
1050562
1261800
161060
370140
578380
787540
996640
1205900
104540
313340
523460
732620
942640
1152580
50720
260240
469460
677760
886300
1095520
1304860
203980
412540
621300
830160
1039960
1248720
148060
356600
565860
774880
983980
1193320
92040
301780
511340
721040
930240
1139460
37780
246160
455140
663820
872860
1081280
1290400
188900
398640
607700
836100
1046000
1255076
153320
362100
570860
780040
989215
1198380
97240
306000
514860
724560
934300
1143560
42400
251540
460660
669900
878760
1087280
1296480
195200
404360
612860
821480
1030160
1239620
137440
346380
555100
763840
973340
1184360
83500
292000
500700
709600
919620
1129120
26940
235760
445060
653878
862000
1072160
1281400
179580
387560
503680
714060
923920
1133240
32360
241680
450580
659940
869080
1077540
1286700
184660
393320
602087
810260
1020440
1229460
128040
337540
546920
755900
964380
1172680
71820
280620
490320
698800
907100
1116500
14960
224200
432840
641280
850860
1059120
1268480
167220
376760
585180
794400
1003820
1213620
112060
321920
530900
739720
949240
1158340
57120
282840
493240
703180
913716
1123340
22480
231580
440960
650100
859140
1068620
1278220
176440
385680
594360
803080
1012766
1221900
121740
330840
540760
751020
960000
1169960
68620
277740
487480
695720
905100
1114060
13080
222360
431440
640560
850000
1058820
1268280
166760
374800
584240
793280
1003020
1211760
110540
319791
529260
737600
945980
1155200
70060
280220
489580
702480
912620
1122120
20780
230220
440000
649580
858838
1068400
1277080
175020
384360
593980
803200
1012560
1221900
121340
329840
538982
749300
958660
1167680
65820
274820
483540
693060
902320
1111520
11173
219160
430340
639840
848320
1057260
1266676
164820
374300
583220
791760
1000500
1209920
108400
317194
526980
736460
945900
1172260
73120
282620
491100
700420
909960
1119380
17800
227640
437480
647760
856116
1065300
1274469
172920
381520
590880
799980
1009640
1218240
115620
323960
533220
742660
951480
1160680
58860
268380
477820
687160
896300
1104880
2640
212100
420940
629980
839840
1049760
1258600
157080
366100
575000
783680
992200
1201400
100400
309260
517631
726580
936540
1167480
66780
276580
485160
694780
903300
1112680
11700
221120
431380
641240
849860
1058820
1268140
167249
376800
585720
794815
467100
682720
895540
1106240
7280
216980
426300
636120
847340
1057620
1267140
166120
374800
586740
796500
1006020
1215040
113280
325240
535820
745800
955520
1165160
66180
275720
484402
693980
815920
1026380
1239420
138600
348220
558400
767780
977260
1185940
87620
296020
506160
714920
923940
1133560
31360
239960
450800
660260
870220
1079680
1288360
186640
395700
603593
812600
1023860
1233820
132440
342560
551938
761340
970580
1181020
79360
289080
500360
710100
919820
1129800
28300
238300
447680
656820
866340
1076140
1286160
187160
397460
608860
819340
1028260
1237020
135440
344420
553740
763180
973580
1182320
82000
294040
503720
712461
922400
1131660
29920
240100
449200
658560
868380
1077460
1286880
185740
395580
606940
816840
1026120
1235760
134520
344280
553160
762180
971060
1180380
79560
288560
497640
706580
916280
1126260
26164
235620
445280
654360
864200
1073600
1283580
183240
406540
618080
828060
1037580
1247460
146300
355380
564580
774420
983340
1193560
91800
300760
510600
719840
929760
1139080
37860
247040
456940
666200
875680
1084500
1293360
191860
400540
609920
819020
1028360
1237180
138380
346940
558120
768220
976960
1186220
84580
294240
503780
712580
921560
1131240
29300
238640
447800
657820
867004
1075880
1284260
197680
408180
617860
829560
1038740
1247940
145580
355160
565100
775100
984160
1193440
92180
301760
510840
719820
929280
1138340
37200
245980
455280
664160
874080
1083220
1291840
190240
399400
608880
817820
1029100
1238820
136920
346500
555580
765220
973960
1183280
82020
291140
500640
710220
919160
1129140
27800
238080
447840
656940
866380
1075680
1304780
204820
414060
622700
831500
1040820
1249600
147733
358240
567340
775860
985340
1193620
91560
301120
509878
718860
927858
1136620
33680
242160
450340
658829
867980
1077540
1286200
184500
392920
601960
811700
1020880
1230000
128080
337320
546300
754520
963240
1172730
72120
282100
493640
703920
913380
1123020
22340
231760
440800
650720
860680
1088709
1301660
200280
409620
619180
829300
1037780
1246540
144660
353840
563860
773440
981720
1191260
89800
299120
508100
717620
925960
1134340
33380
241900
451640
660200
869500
1078220
1286860
187200
396200
605660
814120
1022260
1231240
129714
339540
547800
756440
964740
1173200
71820
280260
489580
699040
907980
1116840
15440
224920
434340
644120
854160
1085720
1295040
194800
404080
613800
823260
1032300
1241960
140980
350920
560140
769640
979820
1188960
87220
297540
507640
716680
928240
1137200
35740
245440
453980
663240
872000
1080980
1289780
187820
397420
606180
815140
1024120
1234040
132360
341160
549922
758900
968600
1177980
75960
284720
494320
704055
913740
1122340
21140
229780
439060
647420
879420
1089140
1298840
197420
406080
615480
824160
1033600
1242880
140460
349040
559060
768000
976800
1185360
85000
294800
504380
712540
921100
1130280
28740
237400
446975
656018
864440
1073240
1281740
179280
388060
596600
805740
1015080
1224140
122000
330840
540060
749000
957580
1165980
64160
272640
480860
689204
898780
1107540
5320
213300
422180
526560
736740
946420
1155100
52660
261020
469560
678280
887680
1096760
1304860
203160
411840
620340
828880
1037840
1246640
146480
356460
565440
773840
983140
1191900
89660
298620
507080
715760
925060
1134100
31740
240280
448900
657280
866420
1075420
1283820
182080
391760
599880
808700
1017460
1226580
125120
333440
541860
751000
959580
1168940
67060
470120
686060
897400
1107740
7080
216540
425442
634180
843140
1051918
1260840
158680
367360
575980
785120
994180
1201400
98860
307160
515940
724800
933300
1141600
39860
248680
457340
668580
877400
1086200
1294768
193400
401860
610320
818700
1026240
1235280
134160
342640
551260
760335
967900
1176560
75560
283020
491540
700860
909880
1118600
17500
118080
327820
537460
747160
956660
1166060
64600
273040
481840
691160
900520
1109397
7140
215840
424620
634040
842280
1050610
1259960
158360
366340
574820
784380
993500
1203480
101480
309940
518680
728120
936640
1145700
43720
252940
461880
670860
879160
1087820
1296560
195480
404040
612600
822400
1034200
1243980
143460
353120
562540
771540
981394
1250780
153580
364780
574660
783640
993340
1202900
101560
310580
520320
729300
938060
1147120
45920
254880
464420
673160
882120
1090358
1299580
198480
407620
616502
826320
1035140
1244640
143160
352560
561960
770780
979420
1187900
85820
294900
503880
713400
921840
1130400
28380
237420
446060
655880
865100
1074980
1283640
182480
391120
600760
809820
1036218
1246600
146600
355800
564100
773560
982480
1192160
90980
300620
509220
718720
927180
1136780
35640
244080
452620
661040
873480
1082380
1292860
190980
400940
610600
819920
1030060
1239780
137820
346680
555160
764700
974500
1183120
80760
290000
498880
708280
917820
1126480
25280
234158
442600
651940
861940
1071360
1279580
176900
385200
594480
820000
1029700
1238940
137540
345920
554700
764260
973700
1182460
80620
289560
498060
706340
915727
1123820
21400
230160
438600
647400
856160
1065460
1274560
172000
380780
589840
798800
1007740
1216520
114860
323880
532560
741560
949780
1158980
57600
266140
475560
683720
891940
1100420
1309580
207400
415980
624240
831760
1040500
1248880
146740
355880
564480
796780
1007960
1216300
113840
323000
531900
741900
950480
1159800
58260
267400
475680
684380
893680
1102720
300
209520
418920
627880
837820
1045760
1254940
153060
361800
570920
779200
988700
1197036
94920
304680
513360
721980
931120
1139760
38220
246880
455860
664880
873920
1082780
1291080
189520
398740
607620
816440
1025680
1234500
133080
341980
572500
782760
991720
1200400
98340
306820
515620
724597
933440
1142180
40620
250400
459040
667740
877100
1086000
1295360
194040
403100
612940
821834
1030600
1238700
137200
346400
554740
763360
971820
1180340
79140
287300
496380
705520
915020
1124582
22760
230920
440060
649660
858400
1067440
1277680
176280
386040
595020
806160
1015660
1224340
122780
229700
440380
650280
858620
1067760
1276100
175100
384280
593360
802920
1011240
1220760
118180
326880
535980
743680
951980
1161280
58820
267280
475580
683680
892800
1101360
1310140
208200
417360
626840
835800
1044340
1253620
150740
360229
569600
778400
987340
1195200
92480
301440
510560
720000
929100
1137880
35280
244400
452960
661078
869960
1078976
400
212020
421340
630520
840560
1049080
1258040
155180
364520
573200
781620
990080
1198460
96500
305200
514080
723080
932340
1141660
39160
247580
456700
665520
874040
1083158
1292220
190360
398800
608080
816540
1024500
1232800
130203
337620
545660
753900
962400
1171300
68900
277740
486900
696480
905520
1114200
12440
220940
429980
638600
847800
1056780
1287820
186960
397880
607280
816480
1025760
1235160
133200
342440
550740
759880
968060
1177000
74580
283160
491460
700620
909160
1119020
18180
227080
435880
644920
853720
1062400
1271600
170660
380480
590500
799560
1008820
1217740
116360
325740
534900
743800
952540
1160918
58880
267240
475720
684800
893280
1102620
1220
209580
418440
628280
836700
925040
1135720
33860
242860
451140
659820
868680
1077300
1285680
183220
391820
599480
808680
1017260
1226400
124440
332960
541640
750360
958906
1167900
66580
276220
485140
693860
903560
1113060
10836
220160
429260
639540
848600
1057360
1265480
163920
372160
581160
790420
999100
1208380
106800
315900
524560
734020
943600
1151920
50080
260460
468140
699020
911060
1120380
19080
227109
435520
644182
852700
1061260
1270340
169280
378140
587100
795760
1004480
1213220
111880
320620
529680
738740
947100
1158860
57780
266780
475760
685120
894280
1103520
1340
210460
419600
629080
837820
1046320
1255040
153200
361600
570525
779840
989500
1198440
97070
306040
515140
723660
932940
1142720
40880
250740
459020
694160
904764
1114440
12960
222080
431060
640004
849500
1058560
1267820
165780
373900
582880
791300
1000120
1208960
107560
316540
525720
733960
942080
1150940
48969
257260
465400
673960
882780
1091140
1298940
196400
405020
614160
822580
1031300
1239800
138800
347759
556940
766860
976240
1185740
84082
293600
502241
711500
920380
1129600
27444
236980
465320
674317
884940
1093900
1303600
202120
411360
620100
829480
1038420
1246920
144640
353220
562240
771640
980918
1190960
89700
298500
507100
716020
925600
1134440
32440
241556
451100
659880
870200
1079260
1287080
185280
394780
603680
811980
1020580
1228840
126600
1108620
15638
227280
439160
649500
862040
1071922
1281980
134240
347180
557560
767320
977020
1189080
89080
298660
508120
717080
927440
1136900
35000
244200
453120
662880
874120
1083760
1294920
193640
403440
612360
826360
1036060
1245440
144680
354400
564040
773940
985300
1194940
93740
302740
511340
719960
929200
1138580
38280
247460
456040
665375
875078
1083160
1292740
191060
400860
611300
821100
1030600
1234402
133840
343840
553620
763220
972460
1181980
82440
291780
500340
709220
918040
1126740
25300
233580
443560
652840
861380
1072120
1281920
181560
390320
599860
809860
1018540
1228180
127260
335760
544460
753500
964640
1174680
73080
283160
492740
701220
909900
1118320
16520
225500
434640
644000
852760
1062340
1273560
171740
381900
591300
799540
1027960
1238100
137860
346840
555740
764960
973040
1182100
81000
290840
500720
712720
922300
1131920
30860
240680
450260
659800
869180
1078820
1288820
187420
396880
606500
815720
1025260
1234885
132760
341140
551740
760800
969740
1178560
77260
286200
494980
704517
913920
1123220
20980
230080
439300
648420
858660
1067360
1276600
175400
385260
594140
824500
1035760
1245740
144300
353680
563160
772080
981660
1191240
90260
299181
509460
719480
929280
1138380
37020
246580
456120
665960
874960
1084640
1294380
193660
404780
614380
824380
1033480
1242300
141140
350140
559640
768960
977240
1186840
84740
293920
502240
711440
920447
1130080
30480
239960
449840
658400
867980
1077000
1286060
185980
397400
627780
838840
1049280
1258900
157440
366060
574620
782680
991160
1200300
98940
307740
517360
726180
935800
1145120
43460
253000
462320
670520
879860
1089260
1298640
196860
406220
614740
824400
1033860
1244838
143240
352940
562300
771660
980980
1190440
88840
298220
507580
716700
925780
1135160
33720
242500
451840
661520
870415
1079780
1289100
188200
418820
633180
842960
1052080
1262980
161860
371780
582180
791980
1001200
1210700
111920
322340
531320
740605
949100
1158100
56680
266460
476640
685820
895320
1105120
3680
213500
423180
632800
842420
1051540
1261020
160680
370460
579740
788820
998180
1207280
105080
313820
521780
731840
941200
1150460
48800
258100
466940
676840
885320
1096560
1305540
225680
436160
646800
856280
1064540
1273000
171480
380840
589080
797360
1007442
1215940
114140
322455
531080
740540
949460
1158600
57400
266980
476540
686340
895340
1104357
2660
211920
420677
629520
838620
1047900
1257220
156020
365400
576140
785920
995580
1204060
101740
313140
523700
733780
942520
1151440
49240
258240
467580
676700
885920
1095220
17120
228720
438120
647220
856100
1064980
1273760
172480
381660
591160
800300
1009700
1218500
117340
326540
535440
744340
952920
1161680
59660
268700
477200
686340
895480
1104120
2020
210780
420220
628840
837700
1046520
1255540
154640
362660
572860
784580
994321
1203978
102160
310780
519200
728520
937720
1146980
45460
254400
464300
673060
882495
1113840
16180
226358
434520
643340
852220
1061280
1270540
169200
379400
588480
797333
1006820
1215760
114920
324240
533440
742380
951580
1160280
58600
267560
476100
684800
895300
1102940
500
209180
418620
627240
836180
1045740
1255820
154480
364540
573940
782800
993602
1204360
102700
312280
521240
729680
938580
1147220
45780
254460
464080
673620
883420
1119260
17880
227600
436100
645300
854620
1064080
1273100
171620
380660
589340
798120
1006920
1217060
115760
324280
532820
741860
951600
1160840
58920
268982
477660
686380
895140
1104840
3680
212840
423160
631960
841060
1050035
1257940
156560
365680
575300
785080
993920
1203700
101720
311120
520360
728800
938140
1146480
45100
257100
466360
675600
907980
1116860
15140
224420
434060
643220
852460
1061400
1270660
169560
378040
587780
797440
1006720
1215960
114040
322880
531840
740700
949540
1158420
55940
264460
473480
682600
891380
1099520
1309320
208060
417180
626280
834500
1043720
1253260
151380
359940
568640
777520
986440
1195320
93060
302040
511860
720920
930440
1139500
37640
246720
455160
686420
896500
1106500
4160
213220
422836
632000
840800
1049890
1259160
157400
366320
575460
786600
994740
1203880
102260
311100
521020
729400
938600
1146980
45880
255440
464860
674140
883260
1092580
1301700
200260
408660
617160
826140
1034260
1242740
141280
350600
559820
768160
977900
1186240
84940
293478
503040
712580
921880
1130976
30120
239220
357080
568040
778140
986760
1196360
94620
304620
513680
723320
931800
1140800
38700
247800
456500
665220
874920
1084740
1293700
191900
400640
609040
817940
1026380
1234440
132280
341700
550880
759400
967900
1176500
75120
283000
490820
698900
907420
1116740
15800
226300
435680
644520
853860
1062880
1271860
169820
378460
587620
795700
1003620
1212960
131220
342580
552080
762300
971560
1180180
78180
287960
497600
706520
915840
1126060
25480
235560
445300
654720
863780
1072964
1282620
181920
390480
600740
809980
1020280
1229580
127520
336660
546120
755878
964820
1174180
72380
281040
489240
697860
907220
1116160
14220
222800
431640
640580
849180
1058120
1266900
164780
373520
582220
792120
1000220
1269260
172420
383040
593020
801740
1011020
1220180
118460
327460
536520
745980
955580
1164940
63020
272920
482160
690960
899920
1109400
7000
215400
424260
635560
845120
1055020
1263480
162030
371120
579880
788360
997180
1205740
103780
313220
522180
730220
939360
1147560
45340
254160
463180
672280
880040
1089120
1297980
196480
405100
613460
823429
1046600
1257620
157120
366940
575620
784660
992820
1202060
100760
310320
519060
728300
938000
1146580
44760
254700
464140
673420
883140
1092394
1301380
200220
409040
617240
826040
1035280
1244680
142322
351837
560920
770720
979760
1188780
87740
296820
505820
715120
924500
1133400
31360
240640
450500
660200
868560
1078180
1286900
185620
394680
603920
835260
1047300
1256700
155280
364820
574100
783080
991680
1199940
98220
306960
516340
725980
935480
1144500
43320
252760
463485
673180
883460
1094040
1303120
201540
410820
619320
828120
1037720
1246960
145360
354300
563180
772640
981920
1191800
90780
298620
507660
716440
925160
1134100
32560
241540
451140
660580
868880
1077040
1285200
183420
392840
624720
836420
1045480
1255078
153060
361960
572180
781740
989900
1198580
96600
304660
513660
723004
931300
1140500
38700
247220
455060
663480
872880
1082180
1290780
187960
395980
604980
813920
1022460
1231060
129540
338500
547420
756920
966540
1175960
74520
283500
491600
700400
909100
1118780
16640
224660
433540
641980
851580
1061120
1271280
170340
379360
613400
822700
1031760
1241060
138740
347540
556420
766200
975780
1184660
82370
290840
499540
708640
917680
1126500
24220
232653
441600
650820
860040
1069020
1280120
178260
388040
596840
806140
1015120
1224340
122260
331880
540960
750500
959320
1168140
66660
275440
484980
693980
902420
1111538
9440
218220
426880
635820
843880
1053820
1263220
162460
396040
606180
814940
1023380
1232260
130640
339000
547940
757180
966200
1175351
74160
283122
491540
700680
909480
1118860
16420
225260
433480
642120
849420
1058200
1266980
165700
375020
583380
792840
1001680
1210420
109140
317860
526882
735300
944660
1153120
50780
259720
468520
677820
886360
1094356
1303040
200320
409360
617020
825740
1035040
1243380
58500
269840
478760
687460
896180
1105620
4020
213160
422440
631960
840940
1050780
1260460
159120
368860
577900
787560
996100
1205820
104520
314140
523815
732460
941460
1150460
48200
256940
466240
674580
883880
1092380
1301940
200580
409680
619020
827760
1037500
1246140
144820
355220
563400
772020
983800
1193180
91080
299840
508080
717000
925860
1152860
51940
260380
469380
678100
886900
1095320
1304660
202700
411340
620000
828220
1037560
1246990
145900
355366
564420
773840
983100
1192420
90580
298780
508580
717500
926900
1136140
35040
243860
452700
661346
870260
1079200
1288420
187360
396960
605440
814960
1024220
1233280
131620
341260
550580
758760
967620
1176620
74800
283680
492380
700320
928900
1141160
39080
247540
455860
665200
875060
1084260
1293480
192780
402020
611560
820520
1029260
1238360
137140
345800
554080
762740
973240
1182940
81500
291500
500420
708760
917420
1126260
24340
233260
441780
651340
860700
1070560
1279640
177960
387340
596680
806200
1014720
1223180
120840
330440
539620
748980
958360
1167660
66680
275280
484620
693880
924940
1134960
33540
242280
451300
660080
869680
1078160
747960
965420
1176960
77860
287160
498180
707500
916800
1125800
25980
235700
444640
653360
864458
1073600
1283140
182380
391140
602380
812600
1021800
1231100
129260
339720
550340
759560
968940
1177500
76620
285440
499560
709100
918020
1126800
24780
233320
442280
570900
781880
991460
1200740
99360
308600
518260
728082
939560
1149080
47920
257180
465880
676220
885320
1094720
1303600
204240
414120
623320
832240
1041740
1249980
149160
358320
567980
777100
988440
1196800
95300
303740
512620
721000
929900
1138580
37920
246200
455660
667140
876520
1085820
1295340
193800
402860
611320
820180
1028920
1237860
135920
355800
571180
780460
988980
1198320
97240
306660
515740
725420
935161
1144218
42540
251180
460120
668920
880960
1089660
1298160
196960
406460
615480
824880
1033120
1242280
141920
350020
560300
769760
979480
1188300
86060
296880
505780
714900
923180
1132240
30080
238760
447780
657340
866020
1075300
1285300
183640
392220
601920
811020
1020360
1228860
148320
359920
569700
780660
989840
1199620
98040
307860
517200
726300
935040
1143660
41660
251040
459442
668640
877600
1085800
1294780
193760
404660
614360
823480
1032700
1241540
139760
349060
557920
767200
976500
1185780
84500
293980
503560
712660
921630
1131060
29760
238520
447620
656820
866140
1075380
1286980
185660
394600
604260
813360
1022082
1251680
151660
361420
570240
780040
990620
1200540
99540
308710
517960
726520
935640
1145020
43140
252340
461740
671640
880840
1090524
1302520
200780
409740
619020
828020
1037300
1246260
144380
352820
561220
770680
981220
1191300
90040
298860
507860
716600
925680
1135120
32780
241940
451480
660820
869740
1078920
1288460
186361
395500
604420
815500
1048340
1259220
157740
367040
575660
785160
995060
1204680
102620
311860
521540
731020
940540
1149760
48560
257920
467060
676100
885300
1093900
1302960
201780
411040
620260
830198
1039960
1248740
147500
357180
566320
774180
985420
1194840
92960
301520
511180
720340
930300
1137880
36220
245180
454120
662780
872300
1081220
1290840
190260
398960
608150
839160
1051700
1262360
160780
369660
578005
787260
995780
1205600
104240
313460
522720
731520
941260
1149800
48100
256860
464880
676380
885260
1095180
1304260
202680
412480
621780
830860
1040340
1249560
148440
357680
566640
776480
985920
1195120
93780
302500
512120
721020
930320
1141140
40720
250920
460920
670900
880380
1089840
1299820
197940
407740
639760
853078
1063460
1272640
171660
381221
590520
799560
1008180
1219900
118400
328220
537560
746840
956020
1165440
63740
273360
483000
691840
901040
1110740
9400
219340
428680
638580
847700
1057120
1266420
164860
374540
583520
791778
999920
1209120
107120
316040
524700
734060
943220
1152540
50820
259720
468600
677060
885780
1094580
1304400
202100
410700
643313
853320
1062080
1271020
169280
381200
590720
799860
1008360
1217260
115400
324060
532960
741480
951260
1159418
57660
266520
475620
684040
893253
1102920
400
209800
418400
627540
836380
1046300
1256120
154360
363040
572460
781300
990820
1199420
97460
306960
515920
724540
933270
1143360
42040
251940
461560
670180
879380
1088060
1297260
195380
431560
641300
850680
1059480
1268100
166320
375200
584680
795200
1003800
1212580
111320
319860
529260
737920
946000
1155540
53520
262740
473780
682740
891940
1100900
1310480
209420
418264
628020
837520
1046120
1255240
153560
363020
571820
780760
989900
1198380
97680
306320
515200
724000
932860
1141940
40280
249780
457880
666180
874640
1083720
1292860
213520
423740
632100
841360
1050260
1260322
158900
368260
577660
786140
994660
1202360
100340
308720
517240
726482
935158
1145840
44518
253860
462380
670640
880180
1089440
1298900
197840
406020
615000
823900
1032520
1242720
141574
351240
560520
770100
980020
1188900
88040
297480
507000
715300
925220
1133840
32200
239780
448820
657300
866500
1075980
1193860
93760
302860
511540
720760
929600
1138080
36418
244640
454500
663680
872360
1081240
1291340
189920
400120
609360
818780
1028280
1236700
135561
343800
552820
762480
971460
1180340
79260
287980
497055
706140
915580
1124240
23500
234780
443940
653420
862756
1072020
1281840
180240
389380
598240
806580
1015520
1224660
123000
332520
541540
750140
976080
1186640
85840
294600
503180
712520
922162
1131520
29740
239540
448440
658760
867360
1076860
1286060
183858
392360
601440
811442
1020840
1230460
128960
338480
547880
757260
966360
1175600
74920
284360
494480
703680
913660
1122860
20880
229640
438940
648420
858620
1068400
1277760
175980
384860
593820
803449
1012420
1221600
119740
328220
537360
763820
974100
1184180
81800
291120
500600
710660
920440
1132760
31360
239960
448760
658020
867640
1077300
1286680
185840
395040
604480
814620
1023480
1233000
131700
340340
549740
759940
970220
1178980
77760
287340
495900
704820
914480
1124180
22820
232000
441360
650420
859840
1069100
1278480
176980
386760
596360
805360
1014680
1223960
122000
331700
562260
772820
981760
1191660
90900
300280
509060
718220
926760
1136800
34620
244420
453640
662560
871720
1080220
1290700
189860
399420
608600
818900
1028180
1237360
135960
345060
554082
763480
972220
1181060
80440
289340
498260
707160
916720
1125480
24160
233660
443140
652680
862060
1070820
1279880
180980
390960
600240
809560
1018600
1228340
127080
360080
571880
781480
990240
1199060
97860
307220
516700
726920
936380
1144900
43740
253640
462960
672400
882340
1091360
1300940
199360
408760
618280
827440
1036680
1246220
144560
352800
561880
771020
979920
1188700
87240
296540
505880
715020
924680
1133240
32220
242180
452240
661680
871980
1082060
1291300
190280
400000
609760
819400
1028640
1238500
161600
373180
583360
793524
1004060
1213860
112600
321380
531140
741020
949980
1159900
59160
268180
477420
686440
896040
1105480
3680
213120
422760
632340
841680
1051240
1260880
159400
368960
578560
788380
997920
1207440
106520
315700
526800
736900
946220
1156140
56900
266220
474940
685540
895100
1104540
3140
212120
421380
629920
839400
1048780
6640
219640
430320
639960
848860
1058500
1267463
166180
375340
584420
794373
1004100
1213640
111280
320660
530440
740040
949120
1159160
57900
267280
476200
685000
894460
1103680
3240
212460
421580
630460
839220
1048400
1258116
156580
365640
574580
783480
993240
1202840
101480
311360
520520
730040
940100
1149180
48480
257660
466720
676540
886320
1096060
1307280
205120
414880
624120
833900
1043340
1253080
152240
362020
570920
779860
989780
1199500
99200
307693
517100
727500
937520
1147140
46140
255340
464420
673680
882140
1091240
1300140
198720
406960
616160
825280
1033180
1241340
139880
348240
556640
766040
975720
1184738
84140
293180
502080
711100
921600
1131720
30760
239620
448560
658200
882360
1091940
1302740
200920
410580
620000
829020
1037240
1246200
144060
353140
562175
771840
980440
1189076
88880
297920
506527
715860
925600
1134620
33560
243540
452820
661120
869880
1079820
1289100
188260
396700
605520
814460
1023540
1232460
130960
339980
549440
758440
967400
1176860
75740
285460
494720
703560
912516
1122220
20720
230280
438740
667700
879540
1088580
1298320
196880
406000
614480
822680
1030960
1239900
138400
347540
556660
765800
975220
1183920
82120
291920
501020
709718
918580
1128020
26560
234900
442438
651140
860248
1069480
1279282
178320
387320
596160
805240
1015100
1223480
121660
331340
540460
750380
960080
1168860
67500
276620
485140
694460
904020
1113100
11680
220920
449460
662320
871960
1080860
1291480
190620
399740
609124
819540
1028920
1238620
137380
347021
556340
768540
978160
1187120
85700
294180
503040
712040
921040
1130980
29080
238040
447020
655640
864900
1074120
1282880
180780
390500
600180
810360
1019120
1228540
126300
334960
543720
752340
961600
1171160
69820
278680
487640
695880
906000
1114600
12720
220920
458200
668000
877380
1086620
1295980
194800
403800
613620
823120
1032880
1241626
139720
348620
557920
767060
975980
1185640
83500
293040
502240
710780
919400
1128120
26720
235900
444840
653600
862340
1071540
1281100
179880
388880
598500
806460
1015540
1223760
121280
330040
539560
749058
957820
1167340
65740
275680
484420
693040
901660
1110720
8620
243280
452040
661340
870560
1078780
1288840
187340
396500
606760
815840
1025860
1235540
133940
343840
552440
761140
969380
1178420
76740
285500
494540
704760
913280
1121740
20960
230300
438632
647520
856820
533360
749140
962900
1174000
75180
285460
494980
705360
916380
1125980
24460
233840
443460
654740
864460
1073960
1200460
101769
315440
525000
733318
942500
1152320
52980
262100
471620
681040
891420
1101380
5740
216360
426160
635780
845000
1054860
1264880
165400
374900
584140
793720
1003100
1212620
111178
321100
532760
741880
951420
1161040
59680
268820
478440
688260
897560
1109060
7477
216940
426720
635320
844880
1053620
1262580
161040
370500
582280
791500
990320
1200420
99175
308680
518400
727620
936000
1145160
43960
255200
463760
672820
882160
1091600
1300060
198920
407540
617060
826498
1035260
1244278
142260
354020
563760
773860
982840
1191620
90500
300400
509780
719780
929540
1138960
37660
247420
457080
668540
878220
1086860
1296260
194280
403560
612880
822240
1030880
1240200
138040
347860
557140
785240
996660
1206700
107300
317480
527180
736100
944680
1154760
52680
261400
470165
679100
888500
1097760
1306880
205680
414120
622920
831980
1041220
1252180
150820
359540
568680
777660
986560
1195640
94540
304280
513880
722920
933084
1143860
42200
251080
461340
671040
879760
1088640
1296960
197800
407540
616920
826300
1035740
1244900
143340
352560
581180
791480
1000716
1209560
107540
316580
524860
735040
944980
1154320
53580
263520
472900
682220
893440
1104540
3580
212940
422620
632000
840780
1049480
1259280
158020
367780
577860
787220
997180
1207760
106540
316140
525920
734840
944880
1154260
53320
262360
471800
680920
890600
1102580
1940
211060
420060
630140
839920
1049560
1260038
159100
381780
593540
803840
1013220
1222480
121160
330560
539620
748740
957660
1167000
65500
275860
484680
693660
902620
1111940
10940
219958
431200
640360
849400
1058740
1267740
167060
376160
584720
793873
1003060
1211360
109360
318140
527202
736600
946400
1155620
54640
263800
473000
682200
890940
1099600
1308800
207020
416040
625720
835360
1044660
1252640
174000
385760
597660
807260
1017140
1226900
126200
334620
543760
752460
961020
1170322
69560
279360
489420
699540
909820
1119200
17820
227200
436220
644920
854900
1064780
1274120
172160
382440
591360
801140
1011380
1220300
119460
329140
538640
747420
957240
1166260
65020
276840
486460
696216
906380
1115300
14540
223420
431380
640760
850140
1058780
1289300
189300
399280
608820
817940
1026380
1235060
133280
342120
550860
760220
969840
1178660
77040
285660
494520
703760
912960
1122560
21560
230560
439920
649820
858820
1068200
1276900
175020
383960
593540
803340
1015220
1224037
122280
330960
539600
748040
957180
1166240
65160
274260
483080
692520
901740
1110900
8660
217940
427120
636802
846680
1079840
1291160
190480
399040
608580
818260
1027380
1235295
134340
343420
552920
761760
970340
1179081
77040
285620
494880
703540
913320
1122140
20940
229920
439300
648160
856380
1064360
1273335
173720
383300
592540
801122
1010820
1220220
117720
327260
536200
745900
955520
1164618
63000
272440
482160
690760
899780
1109400
8640
218080
427180
635720
867720
1079600
1289040
186740
396720
606060
815200
1024640
1233860
132760
342280
551938
760830
969380
1178820
77620
286598
496580
705800
915400
1124920
23980
232980
442060
649880
858644
1067800
1277200
175600
386040
595560
805380
1014640
1223088
121940
331220
541020
749560
958420
1167120
64380
273560
483440
692100
901600
1110820
10000
219700
429060
638060
873620
1083840
1293140
191020
400300
609900
819880
1029500
1238440
137700
347040
556380
765300
974720
1184980
83520
293080
501680
710840
920420
1129240
28080
237480
447000
656280
864820
1074420
1283380
182060
391520
601300
811918
1020900
1230320
128920
339080
547780
758320
968420
1178380
76740
285800
494700
703840
912440
1122100
21220
230820
439582
675078
885380
1095020
1304320
202200
411640
620540
829280
1037602
1246380
144880
354140
563300
772640
981220
1189860
88760
297480
506500
715720
924780
1134340
32440
240560
449860
659040
868960
1077120
1286220
184402
393340
601640
810160
1019220
1228120
126840
335540
544080
753380
962900
1171800
69760
278060
487780
697020
905860
1114520
13700
222420
457840
668640
878440
1087480
1298980
197760
407400
616000
825160
1034160
1242660
140740
349560
558960
768460
977880
1187320
85800
294440
503080
712420
921500
1131840
30760
240400
448900
658080
868120
1077180
1287240
186780
396200
606000
814500
1023740
1232940
132080
341100
549260
759120
968420
1177820
75500
284360
492820
701880
911480
1119880
18360
252560
464060
674300
883380
1092423
1301520
199240
407900
617560
826260
1035740
1244900
143540
352160
560560
769580
979660
1189480
87320
296140
505520
713840
923320
1132460
31300
240357
449204
658420
867500
1079151
1289560
188020
397480
606540
815360
1024240
1233620
133520
342642
552660
761960
970640
1179760
77920
287680
496500
706040
915440
1124720
45940
256880
465330
674620
884360
1093140
1303100
200640
410340
618380
827520
1036700
1245700
143880
353560
563300
773000
982040
1192400
91640
301260
510480
719880
928200
1137660
35800
245160
454840
663840
871900
1081580
1289860
188120
396780
605060
813880
1022380
1230540
127460
335460
544840
753320
962300
1170660
69724
279180
488180
697320
905700
1022020
1232340
131120
339960
550200
759281
968660
1177460
76180
285780
494422
703040
912180
1123580
22480
231060
440080
648400
856800
1066140
1274700
172800
382100
591620
800760
1008860
1217660
115600
324860
534500
742880
951760
1160800
58000
266880
476380
685260
894500
1104140
3200
212760
422660
631720
840480
1049160
1258900
157360
366980
575780
801360
1011360
1219700
118420
328642
538560
747060
955400
1164120
63320
272740
482562
691855
900781
1109720
9140
217680
426720
634080
843560
1053101
1262660
160500
369300
577800
786940
995020
1203300
101920
311320
520540
729940
939100
1147900
47240
256598
465920
675560
884240
1093960
1302840
200920
410760
619540
828340
1036980
1246440
144440
354020
583900
797300
1006480
1216140
114740
324400
533880
742480
954160
1162700
60940
269740
479220
688600
898720
1108440
6320
215280
424060
633400
842560
1052020
1261420
159600
369080
578960
787000
996580
1205680
103940
312860
522080
730900
940940
1150620
49660
258320
467640
676720
886020
1095380
1304760
203600
412720
621640
830578
1040600
1250100
148980
357678
590160
799460
1008360
1216640
114940
324580
533580
742920
952040
1159860
57740
266240
475520
684280
892640
1102440
300
208860
417700
626289
835980
1045380
1254580
153700
363020
573000
781860
991220
1200520
99620
308540
517600
726240
934480
1143280
42000
251453
461060
670100
879800
1088284
1297420
196600
405820
614580
823540
1032440
1241900
140980
376180
586240
795740
1005160
1214980
114040
323900
533760
742460
952620
1161640
59800
269260
479360
691960
901740
1111080
10160
218940
428320
637220
846400
1056020
1265300
164260
373780
582600
792100
1001710
1210880
109660
318780
527880
737200
947180
1156680
55238
263638
472300
680580
889942
1098580
1308300
207020
415440
624960
834642
1043720
1253180
220180
432220
642200
852100
1061080
1270100
168800
379280
589200
798620
1006980
1215640
113820
323100
532740
742320
951400
1160300
58740
267640
477280
685720
894580
1104160
1940
210900
420540
629540
838520
1048180
1257880
156760
366642
576400
785580
995460
1203820
102560
311420
520380
729200
938180
1147600
46380
255800
465000
674140
882940
1114580
14420
224380
433460
643280
852000
1060760
1269964
167560
376320
585260
793920
1002780
1212760
110560
319580
528840
738300
946580
1155080
52840
261460
470940
679640
888400
1097320
1306180
204580
413080
621240
831120
1040280
1249040
146840
357960
567680
777860
987080
1197040
94600
303820
513007
722260
930500
1139360
37620
246480
455580
664060
895480
1107800
6600
215560
424580
633900
842520
1051420
1261860
159617
367780
576351
785480
995100
1204020
103100
312620
521940
731220
940320
1149300
47640
256720
464740
673520
882120
1092540
1301480
200260
409180
617320
826680
1034880
1243000
141600
350480
559380
768980
979220
1190180
89880
300000
509000
718120
926460
1134940
33200
241400
449660
659060
893400
1104040
3040
212940
421380
630520
839160
1048040
1257440
154800
363840
573580
782500
992060
1200900
99280
308040
516400
724780
934560
1143940
42360
251600
460400
670380
878460
1086640
1295800
194060
402960
612320
822380
1031740
1240440
139480
348800
557640
767480
976660
1185920
84680
293480
502180
711740
920060
1129580
27740
236460
445280
677780
367800
585960
796640
1008440
1218620
119200
328760
537900
747840
958800
1168820
67660
277160
488280
698380
908820
1118360
16860
227740
437820
647720
856998
1065980
1275040
175600
385180
594540
803040
1011580
1219320
122160
330860
539600
748740
958080
1167380
65940
278800
487820
697260
906180
1115800
14720
224100
343760
556600
767020
976500
1186280
84140
293780
503700
712640
921060
1132620
31120
241160
450600
660120
869340
1079080
1288780
187340
396400
608780
818940
1027820
1237240
135380
344340
553820
763940
972840
1182900
81340
291800
501040
710840
920360
1130020
28940
238600
448660
657760
867020
1076020
1285240
186080
395700
605100
813940
1023720
1232680
132520
343580
552838
762240
972600
1182260
81320
290440
502300
712580
921800
1131260
29318
239560
448860
658960
868180
1077380
1285900
184660
394000
603220
812140
1021440
1232700
131700
341236
551620
760420
969380
1178400
76040
285240
495279
705480
914800
1124300
21780
229640
437960
647440
856680
1067260
1276960
175380
384220
593320
802220
1011640
1240600
142560
351480
561560
770780
980700
1190660
89520
297860
506740
715700
924780
1134040
34540
246140
455740
664260
873240
1083000
1292020
190520
400180
609560
819080
1027620
1236800
135420
344400
552600
761538
970740
1180660
79120
287280
496660
706920
917998
1125778
24680
233720
443956
653220
862720
1072580
1282300
181460
390520
599780
808800
1036560
1247260
146680
355900
564760
773780
982600
1191280
89660
298820
508080
717780
929040
1138600
38280
247880
457040
666240
876000
1086100
1296200
195320
404200
613300
822460
1031480
1240620
139600
348440
557720
767420
976720
1185760
84358
293100
502780
712340
921380
1129640
27860
237520
448700
657300
866520
1076180
1285460
183682
392700
601540
833124
1044460
1254160
152000
362840
571600
780320
989320
1199080
97620
306680
515880
724600
933880
1142640
41040
250020
459160
668900
877940
1087360
1296720
194920
405440
617340
827380
1036040
1244720
143660
352980
562380
771780
980660
1189880
89480
299340
508640
717780
926900
1135400
34220
242720
452480
661340
869140
1078080
1287700
186200
395340
628000
838900
1048800
1257460
156020
364020
573940
783400
993100
1203180
102040
313520
523220
732440
941640
1151080
49480
258680
468440
677340
886520
1096540
1305920
204200
413720
622340
831260
1040322
1249620
148440
357500
566980
776640
985460
1194380
92260
301600
510640
719560
928220
1137760
37080
245820
455840
664940
874600
1084440
1294840
194135
425000
638680
850360
1060760
1271160
169900
380000
590180
799500
1008258
1217560
115660
325000
534340
743440
952920
1162600
60160
269020
479200
689660
899260
1108100
6000
215340
423780
632560
841380
1051060
1260100
158900
368340
577040
785980
995396
1204780
103420
312200
521160
730420
939780
1148920
47080
257000
466460
675420
884280
1094160
1305762
227800
440220
650160
859680
1068260
1277320
175700
384140
593180
802100
1010740
1219620
118100
326520
535300
744460
954220
1164220
63160
272280
481240
690340
898680
1107600
5840
215020
423060
631700
840580
1049700
1258540
157420
367560
576940
785700
994580
1203640
102920
311360
519940
729000
937820
1147220
46180
254520
463080
671520
880920
1089140
1298520
223077
434380
644340
852800
1062300
1271340
169160
379140
588180
797340
1006580
1215860
114520
324460
534082
742940
951680
1160260
58420
267660
476600
685340
895220
1104080
2680
212120
421480
631660
840300
1049253
1258460
156440
365680
574500
782940
992660
1202180
101160
311320
520340
730000
939580
1148660
46920
255900
464700
673380
882300
1090480
14140
223460
433380
642240
851040
1059420
1268700
166780
375120
583840
795040
1003860
1212540
111320
320140
529440
737658
946900
1156360
54800
264140
473340
682420
891880
1100480
1310220
208480
417180
626858
836160
1044720
1254060
153060
362340
571720
780900
990580
1199560
97840
306340
515120
725100
934860
1144120
43360
252380
460940
669740
878860
1111060
10740
219300
429040
638820
848940
1058120
1268340
166440
376040
586160
794700
1004520
1213960
112400
321060
530820
740940
951180
1160320
58720
268080
476740
685900
894900
1104280
3760
213880
423300
633442
843880
1052840
1261880
160020
369260
579095
788900
997600
1206120
105160
313800
524120
732920
942220
1151740
50209
260140
470180
679180
914480
1125840
24740
234620
444280
653620
863340
1073540
1282960
181660
391380
601140
809880
1019920
1229420
127760
337520
546960
756880
966500
1175960
73940
283120
492600
702140
911720
1121080
18800
228160
437100
645740
856500
1065760
1274660
172880
381800
591120
800140
1009160
1218420
115940
324540
532980
741760
951200
1159880
58920
268500
477542
708360
922280
1131420
30980
239560
448740
657560
866287
1075800
1285520
183120
392580
601400
810680
1019700
1228300
126160
335320
544240
752860
962118
1170580
69700
278838
487260
696320
905000
1114120
12660
222080
431540
640740
850920
1060340
1269040
167560
376660
585260
793520
1003360
1212380
111080
319340
529080
737480
947500
1157080
55455
265260
371780
582660
792580
1002440
1211520
110440
319200
527980
736980
946338
1155540
55120
264920
474160
682812
892060
1101609
1310140
208440
417440
626880
835724
1044900
1254240
152680
362720
572520
781500
990980
1200080
99360
308440
517340
726140
934820
1146400
45240
254640
463900
672415
880600
1088860
1297540
195400
404140
613460
822720
1031120
1240520
159340
369480
579820
789700
998540
1207740
106020
314600
523240
731260
939980
1149420
47820
257160
466100
675520
884420
1093440
1302560
200620
409200
618260
827000
1036660
1245420
143660
353200
562920
772360
981140
1190180
87840
296900
505620
714680
924350
1132820
31080
240220
449580
659100
869080
1078100
1287580
186020
394880
604740
814160
1023260
1253600
153600
363780
572960
783180
992040
1201100
99420
309180
519160
728980
937720
1146200
44040
253080
460820
669340
878540
1087340
1296322
195060
404340
613160
822280
1031120
1240680
138620
348860
557580
766640
978160
1187460
85820
295320
504900
713420
922840
1132133
30080
238860
447880
657100
865682
1075620
1284400
182154
391220
600167
809360
1017580
1249160
148120
356460
565480
775460
984040
1193240
91180
300780
510200
719220
928380
1136760
35020
244460
453420
663020
872460
1081560
1291000
188940
398518
607720
816700
1025080
1234140
132300
341420
550860
759860
969200
1178380
77360
287520
497020
705680
913700
1122620
20360
229500
439120
648700
856560
1065400
1274140
172520
381600
590700
800200
1032740
1242780
140320
349700
557980
767640
977020
1186280
84680
293000
501420
710240
918700
1128300
26720
235480
444240
653340
861600
1070000
1278460
177560
386538
596120
804680
1014160
1222540
121300
330420
539360
747720
956940
1165140
63660
272680
484080
693500
902360
1112040
11280
219700
429252
638640
846920
1056220
1266100
164860
374140
584160
691720
902080
1111440
9520
218720
428020
637760
847140
1056500
1264760
163640
373460
581860
790844
999637
1208660
107180
316720
526200
735460
943840
1152940
52000
260860
470840
680420
889900
1099640
1309180
207540
416740
625860
834940
1044520
1253640
151960
360940
570760
780020
989520
1198560
97640
306600
515200
724520
934440
1143400
41840
250960
474122
684860
895120
1104560
2880
212720
421940
630540
839660
1048940
1257815
155700
364160
573340
783680
994340
1203980
102055
310780
519880
728920
937200
1146480
43800
253100
462260
670900
880500
1089480
1299140
197300
406460
615380
824700
1033500
1241800
139480
349040
557320
766340
975500
1184900
82600
291420
499780
708240
917900
1127533
26120
256980
468220
678260
885820
1094980
1304340
204700
413560
622200
831900
1041020
1250080
149000
359000
568780
778600
988400
1198820
97237
305560
514580
723340
932640
1140940
39320
248680
457960
667600
877060
1086800
1295689
193880
403620
613160
822960
1032700
1241680
139740
349300
559500
769080
978100
1188200
87000
294924
503900
712680
921280
1130900
87260
303380
514840
724920
934201
1143080
41700
250000
459089
668400
877620
1086760
1296620
194700
403620
612720
822260
1031700
1241360
139700
348780
557700
767180
975940
1184900
83840
292800
502100
711306
920020
1128378
26220
235081
443820
652600
861880
1070460
1279175
177760
386960
595660
804800
1014600
1223900
122920
332020
540560
749760
958860
1189380
88360
298060
508180
717100
926120
1135786
34140
243720
453800
663020
870800
1079380
1289520
188060
397140
605863
814460
1024540
1233960
131960
1113600
20060
232334
444300
654260
865760
1075240
1283660
183260
394840
605280
814480
1023660
1235620
135220
345320
555180
764180
974960
1185100
83780
292860
502600
711780
922440
1159260
59540
269460
479100
688880
902540
1112800
11300
220040
429180
638500
848180
1059240
1268440
166240
375500
584580
793900
1002820
1211680
111980
321160
529520
739220
948040
1156280
54440
263260
472220
683000
892740
1101700
160
209080
417760
626660
835480
1044080
1253480
154180
364260
572920
782700
991560
1199940
98080
307440
516600
726400
961620
1174455
72560
281900
490780
700200
909900
1119940
18640
227380
436360
645540
855120
1066820
1276140
175080
383960
593080
801820
1011520
1220028
118760
327860
536960
746220
956180
1165316
65440
274680
484180
693020
903120
1113100
11380
220640
429700
638600
847580
1057380
1266880
164300
373993
583460
794620
1002620
1212000
110240
318920
527340
761460
971520
1180760
79260
287800
497200
705780
915120
1124880
24400
233160
441880
653140
863540
1071280
1279880
178560
387740
596980
806460
1015860
1225124
123320
332760
541580
750860
960084
1169740
68598
278580
488540
697660
909880
1120455
19000
228740
438140
647660
857000
1066460
1276220
174840
384240
593560
803240
1012160
1221040
119120
328380
562160
772120
981260
1190460
90160
299300
510620
720020
929000
1138460
36220
244840
454740
664440
873940
1082960
1291900
191140
399980
608860
817760
1026620
1236780
135220
344500
553280
763320
972500
1181860
79860
289080
500489
709180
917580
1126300
24240
232800
442660
651300
860220
1070500
1279580
178215
387720
596920
806020
1015120
1224660
123300
366700
576820
786880
997120
1206600
105280
314840
523620
732240
941160
1150360
50580
259180
467940
676340
885000
1093840
1302400
201120
411280
620340
829790
1038400
1247740
145140
354260
563560
771180
980280
1190000
89080
297840
506580
715300
922940
1131380
29080
238180
446960
655620
864780
1073820
1282960
182840
391340
600640
808780
1018240
1227120
148240
358780
568418
777790
986580
1196080
94657
303940
513042
722940
931680
1141100
39920
249580
458420
667600
877820
1086220
1294940
193280
403300
612600
821960
1032340
1241640
139760
349520
559020
767140
975540
1186580
85660
295820
504400
713840
923120
1132580
30880
239420
448720
657860
867160
1075900
1284620
183000
392080
601080
809260
1018660
1125400
25320
234495
444080
653700
862680
1072220
1281420
180280
389960
600840
811340
1021020
1230620
129440
338720
548140
757400
967480
1176082
74720
286440
496260
705480
915700
1124900
23300
231660
439940
649220
857780
1066920
1276860
174840
383180
593520
802420
1011060
1221720
120180
330200
541120
750736
960400
1169720
67980
277100
486260
695780
917000
1127720
26820
236080
445340
654880
865240
1075040
1284440
183360
392760
602300
812780
1021280
1230642
130100
339440
547940
760020
968780
1178100
76740
285700
494540
703820
913020
1121320
19967
229880
438560
647800
856380
1065960
1275164
173880
382620
591520
801720
1010800
1220280
118280
327157
536040
745520
954480
1162700
60240
270020
479840
708040
917580
1127060
25920
234840
443920
652460
862340
1070360
1279680
178140
386620
595560
804940
1014880
1224000
122860
331480
540520
749580
958540
1171120
70280
280240
488840
697480
906820
1115860
13660
222320
431800
640580
849382
1058160
1267320
165320
374180
582980
792440
1001520
1211040
108980
317100
526280
734678
943680
1152200
50140
259280
486100
698700
907920
1116740
14620
222960
433020
641980
851180
1060620
1269580
167820
377320
585900
794560
1003780
1213300
111040
320840
530740
739660
947780
1157000
54684
263740
473060
682060
890920
1099980
1309420
210440
419260
629100
838240
1047820
1257340
156280
365920
574480
783980
992860
1201120
99820
308760
517780
727360
936160
1145360
43780
253020
489560
699780
908040
1116960
14960
223880
432680
642280
850500
1058800
1267840
165940
374860
584120
793420
1002380
1211940
110220
318480
527020
735860
945460
1154080
52040
261240
469380
678598
887460
1096800
1306390
204380
413400
622520
832080
1041300
1251240
150520
359840
569360
778880
988080
1197540
96100
305600
515260
725580
934040
1142640
40400
275240
484400
694820
903340
1112540
11820
220540
429860
639340
848420
1058280
1267600
166060
375260
583980
793920
1003520
1212380
110960
319620
528620
737540
946300
1156082
54182
262800
472080
681460
891080
1100480
1309940
208740
417878
626600
835820
1044720
1254640
153060
362320
571240
779680
989060
1198320
96444
305600
514320
723040
931940
1141940
63980
274340
484340
693020
902540
1111720
10680
219800
429660
639060
848540
1057680
1267120
165720
374860
584180
793500
1003700
1213440
111840
322660
531740
740640
950060
1158960
56680
266080
474800
683480
892220
1101400
1309920
208620
417620
627080
835800
1045020
1253540
151440
360980
569760
779020
988600
1197380
96000
304220
514020
723560
932380
1040780
1251540
150100
359820
569200
778720
987420
1196940
94540
303340
512240
720500
929620
1138860
36640
245300
454040
664180
873980
1082860
1293060
191440
399980
608660
817680
1026380
1235020
133564
342240
552060
760620
969640
1178720
76620
284760
494420
702320
911293
1119860
17660
226340
435080
644060
852960
1061840
1270620
168620
378220
587740
816020
1026200
1236400
134563
343960
555720
765600
974040
1183320
81180
290120
498460
706860
916420
1125480
23460
232420
442340
652540
862180
1071080
1280120
178080
387240
596000
805960
1014680
1223180
121560
330000
538780
748920
957880
1166660
65200
274120
483420
692480
901460
1110920
9660
218760
428220
637420
846540
1055500
1264300
162280
370360
597462
811020
1020420
1230100
127880
337120
546500
755820
965820
1174300
72580
281720
490480
700040
909320
1119157
18080
227260
435800
644700
853680
1063000
1272520
170960
380358
588720
797960
1006820
1214800
112860
321440
530260
738700
947800
1156820
55720
264220
472760
681420
890520
1099500
1308720
207840
416420
625100
833870
1043362
1251956
150100
362300
595440
805380
1014780
1223440
121520
330120
540400
750200
960260
1170360
69340
278200
487840
696940
905958
1115340
13680
222900
431320
640240
849060
1058960
1268880
167520
376540
585440
794400
1003140
1212620
111520
319580
528910
738260
946380
1155780
54900
264360
473500
682080
890900
1099920
1309020
207300
415920
624280
832460
1041580
1250240
148740
380860
591500
800460
1009280
1218330
116760
324900
533740
743400
952500
1160840
59400
268520
476860
685280
894220
1103180
1735
211320
420500
630200
839000
1047700
1256960
155060
364240
573820
782620
990340
1198840
96620
305080
513960
722720
931900
1140100
37300
246100
454820
664380
872820
1080600
1289280
187020
395760
604400
813280
1021580
1230080
44138
254700
465151
675240
884920
1096480
1304980
203260
412520
621560
830860
1041100
1250040
148260
358160
568100
777460
987047
1196840
95140
303740
513460
722700
931400
1141200
39800
249420
458940
667780
877100
1086740
1296480
195000
403520
612400
821000
1030220
1238680
136160
344080
553260
762400
971180
1180140
78280
287120
496780
705440
914640
1143460
44840
254080
463640
673440
882480
1091720
1300000
198320
407200
616320
824640
1033780
1242580
141440
350140
559040
768100
976760
1185340
84680
294440
503140
711780
921740
1130460
29300
237620
447240
656340
865840
1074240
1282480
180780
390220
599220
807640
1016340
1225780
124340
333240
541500
750060
958800
1167580
66360
274780
483460
692680
918740
1131220
30108
240580
449200
658900
868160
1077440
1286640
185140
393980
602960
812220
1020722
1228920
127680
336620
545700
753540
961680
1170482
69380
279360
488720
697620
908940
1118060
16520
226060
435460
645660
854840
1064040
1273800
171476
380340
589500
798440
1007960
1216880
115360
324560
533340
742646
951120
1160200
58780
268500
477160
685540
918580
1128180
26940
235460
444600
654060
862680
1071720
1281620
180008
389360
598640
808260
1017240
1225340
123540
331620
540320
748780
957480
1165800
64340
272440
481600
690800
899620
1108002
6720
215800
424860
634200
842740
1052220
1260120
158920
368180
576740
785860
994040
1203000
101080
309000
518380
728100
936800
1145840
43720
252900
462700
695558
905620
1113860
11830
220040
428400
636640
845780
1054842
1264280
162840
371780
581280
790640
999900
1208880
106580
314760
523780
733180
941740
1151009
49300
257920
466940
676180
885180
1094035
1303500
202600
411340
620620
829740
1038940
1248520
146620
354460
564300
773420
450880
665480
878960
1089960
1301800
201620
359040
571820
783860
994300
1204220
102720
312340
523480
733200
942060
1151500
50600
261820
471240
681360
890700
1099820
160
209760
418580
627340
836260
1045700
1259880
159120
369380
579120
787680
996000
1204540
104680
314580
524380
733640
942640
1151520
49780
259460
470820
680380
889280
1098620
1308180
206560
415240
623680
833040
1045040
1254460
183600
396140
606860
816940
1027200
1236560
134820
344360
555560
764760
973580
1184100
82760
291520
500320
709500
919120
1128400
27640
239160
448380
658500
867760
1077020
1287280
184800
394500
603640
812880
1022280
1232120
131160
342980
552360
761460
970840
1180860
79680
289060
498340
707520
916180
1125720
24440
233580
442900
654900
865080
1074300
1261520
160940
370220
579060
787660
996480
1205940
105060
314700
523420
732360
942080
1150940
50820
259500
468280
677460
885718
1095100
1304320
202680
411500
621000
830420
1040260
1249040
147080
355660
563660
773020
981480
1192160
91340
300440
508962
717800
927320
1136072
34700
243840
453160
662340
871500
1081500
1291280
190340
399320
608500
817840
1047160
1257220
159500
369940
578660
787940
997640
1206084
105520
314502
524040
733360
942720
1152280
51000
260200
470240
680220
889180
1098260
1307020
206320
415560
624680
836080
1045480
1254360
153580
362300
571320
780360
989740
1198700
97640
307180
516600
725380
934420
1143720
41840
250800
459240
669200
878960
1088820
1297840
196002
405200
614820
847320
1060100
1269620
168100
377120
586940
796500
1005200
1214740
112240
320980
530260
739020
947720
1157040
55800
264300
473700
682580
891840
1101040
160
209900
419420
628980
837960
1047340
1256820
154200
365520
575320
784480
993720
1201880
100120
308800
518244
727660
937020
1146300
43960
253600
462240
671120
880300
1089140
1298540
197040
405780
639040
851540
1060760
1269720
168020
378000
586760
796440
1006560
1214420
113400
322920
534420
744280
952760
1161660
60240
269640
478600
687160
896120
1105300
3840
213240
422980
632800
842800
1051680
1261220
160080
369420
578900
788880
999220
1207820
106620
315600
524600
734200
944580
1154160
52620
262000
471720
680440
889400
1097860
1307020
207612
440740
652540
862640
1072920
1282700
181620
390460
600020
807840
1017020
1227020
127180
337000
545980
755260
965400
1174140
72580
281600
490420
699780
909480
1118600
16700
225500
434780
643860
852940
1063140
1272060
170360
379800
589040
798640
1008340
1217920
116060
325420
535200
744500
955600
1165060
63906
272800
480980
689560
899280
1108420
6660
239080
450640
659700
868900
1078340
1288500
187500
396780
606280
815600
1024860
1234020
131900
340080
548540
757080
965740
1174540
72840
281920
490620
699700
909080
1117740
15940
224670
433480
642620
850600
1058700
1267140
165700
374280
583300
792440
1001117
1209880
110900
319640
528340
737840
947200
1155820
54060
262920
471920
680500
889220
1097400
1306240
229380
439720
648480
857860
1067660
1276520
174820
384300
593380
803600
1013480
1223160
122060
331520
540580
750180
959300
1167800
66360
275340
484420
693900
903140
1111820
9320
218364
428000
638100
847900
1056380
1265740
164520
373820
583200
791420
1000120
1208080
106080
317240
526920
735900
945020
1154313
53440
261780
471080
679920
888640
1097720
21140
230180
440200
650060
859480
1068680
1277980
176480
385660
595460
805220
1013960
1222380
120360
329580
538400
747840
956820
1165960
63400
272220
481080
690120
898320
1108240
5700
214580
423820
631880
840320
1049940
1258600
157240
366300
574940
783900
992200
1200940
98520
307100
515620
725638
934220
1143522
41700
250780
459120
670100
879420
986400
1197640
95940
305240
514140
723140
931720
1140980
39420
248280
457380
665580
874000
1083000
1292440
190180
398540
606760
814915
1024420
1234220
132820
341680
550940
759580
968920
1178160
76655
285520
494760
703380
912040
1121280
19580
229540
438580
647140
856040
1065390
1274860
172940
382320
591800
800620
1008940
1217900
116360
325340
534860
762940
973120
1182320
81560
289980
499600
708600
917640
1126800
25180
235180
443760
652580
862000
1073640
1282880
180740
390760
599740
808960
1018480
1226900
124342
332880
541560
751340
959680
1167840
65900
274680
483620
692000
901060
1109340
6600
215720
425280
634240
842280
1050040
1259560
158460
368280
577080
786460
995340
1204400
102520
311860
538660
752400
961922
1171560
70440
279520
488020
697000
906180
1114920
12820
221260
429480
637780
847200
1056000
1264860
163440
372560
580960
789260
998140
1207680
106000
314320
523480
732180
941240
1151240
49940
258380
468640
678100
886800
1096340
1306100
204980
414300
623700
835202
1044320
1252900
151420
361400
570820
779820
989340
1197860
96480
305380
537280
747440
957220
1166040
64220
272920
481500
690600
899940
1109000
7900
216520
425600
634200
843300
1052980
1262760
160980
370380
580320
790060
999060
1208380
106820
316400
525820
734980
944500
1153140
51420
259878
470160
679360
887480
1097600
1305500
203740
412400
620860
829740
1038198
1247560
145900
354040
563580
772620
981380
1190660
89180
321880
532620
741860
951600
1161100
59080
267340
475640
685760
894840
1103240
1840
209800
419360
627640
836640
1045160
1253620
151260
360520
569724
779360
990580
1200380
98820
307980
516320
725040
933380
1141780
39480
248000
456180
665120
873447
1081740
1290360
187440
395560
604300
814080
1023440
1232200
130320
338960
547660
756840
966040
1174740
1293300
193480
402340
612360
821400
1030500
1239320
138495
348040
557440
766060
975660
1185140
82840
292200
501380
710440
919300
1128860
27520
236300
445820
655060
863840
1073640
1282340
180760
389700
599160
808520
1016980
1226340
124800
334380
543760
752820
961800
1170740
69100
278060
488140
697620
906120
1114760
12060
220880
430100
639760
848240
1076060
1286460
185180
393880
602820
811900
1021260
1230700
129160
338980
548260
758140
967280
1176560
74597
283520
492980
704500
913400
1122720
21280
229520
438420
647860
857800
1067420
1278460
177060
385680
594900
804140
1013260
1222520
121840
331180
539960
748580
957200
1166080
65400
274400
483900
693340
901860
1111380
9853
219640
429260
638780
868740
1079440
1289680
188880
398478
607840
817180
1026400
1235300
133340
343000
553140
761980
971640
1180620
79820
288640
497300
705920
914720
1123860
21820
231480
440820
649860
858200
1066900
1275540
173400
383500
592480
801880
1010740
1220040
118660
328500
537180
746500
955200
1163660
62480
271560
480480
690080
898820
1108440
6740
216020
424820
650860
863920
1073900
1282220
179900
388880
597700
807420
1016640
1225580
123580
331300
540380
750080
958440
1167460
65460
274560
484340
693800
902120
1111320
9860
218560
430060
639880
848360
1057340
1266760
165260
373120
582000
790140
999060
1207640
105140
313780
522220
731780
940760
1150420
48840
258100
467860
677620
886300
1095280
1304140
201740
411140
646780
856080
1064840
1273360
171760
380160
589360
799220
1007840
1217040
116200
325160
534180
742820
951200
1159360
57960
265940
474700
683160
891980
1100880
1310640
208400
417700
627100
834960
1043560
1252840
150980
359880
568360
777280
986940
1196320
95320
305440
514460
724360
933440
1143060
41840
250890
459620
668800
877500
1085820
1294320
192780
288081
499480
708388
916800
1126420
24200
233740
443400
652580
861840
1071400
1279620
178880
387820
596880
805960
1015420
1224480
123860
333540
542240
751560
960320
1169060
67000
275620
484220
693000
901400
1110400
8600
217700
426660
635460
844404
1053300
1262940
160720
369080
578720
787700
996960
1208560
107460
315860
525160
734880
943600
1152160
72960
283460
493860
702940
911478
1120220
18620
227287
437000
645720
855100
1064360
1273600
172060
380820
589820
798020
1006300
1215550
114100
323140
531680
740460
949220
1157760
56080
265240
474180
682740
891620
1101700
20
209220
417720
627120
836220
1045000
1253640
152660
361080
569540
778280
986960
1196120
94240
302140
511240
720460
929180
1138160
61860
271100
480140
689120
897760
1105522
3580
212580
421040
630620
840600
1049000
1257100
155620
365560
575200
784060
993100
1202340
99820
308240
516420
725000
933580
1142380
40720
249160
458341
667760
876200
1085600
1294980
193140
402620
611780
820740
1029660
1238380
136640
345520
555060
763520
972420
1181260
79180
288320
497460
705920
914120
1144780
43760
252420
461700
670520
880160
1089680
1298320
196880
405140
77120
292880
506180
717640
929360
1139220
39380
248900
460600
670660
880480
1091160
1301080
201640
411042
620480
830180
1039660
1249980
148560
357900
567740
776540
987600
1197718
96100
305880
515480
725280
939680
1149500
48960
258860
467580
677120
811260
1024120
1234340
133260
342200
551420
760340
969260
1178000
77980
287640
496520
706780
915640
1125160
23860
232760
442620
653640
862420
1071440
1280620
178937
388480
598400
807420
1016580
1226000
126200
336120
545120
754660
963120
1172680
71220
280840
490760
700280
910520
1121800
21700
231140
440220
650020
859060
1068400
1277740
176240
385500
603780
814900
1024660
1235460
134300
343580
552760
762180
971960
1182600
80900
289600
498700
708300
917680
1126880
25200
235780
445020
653880
863040
1071930
1282340
180440
389620
598480
807140
1016540
1225160
123380
332760
541160
749360
960160
1168420
67140
276100
485520
694400
903780
1113280
12400
221420
430140
639320
848760
1058980
1267840
167060
394820
605920
818300
1028600
1238040
136540
345360
554300
764120
974140
1183640
82060
292060
500820
710140
919880
1128760
27360
236260
445820
655120
863940
1075340
1284460
183400
393080
602520
811980
1021240
1230520
128880
337740
547580
755640
964640
1173500
72280
282360
491940
701120
911140
1121800
21240
230309
441320
650820
860560
1069760
1278640
234120
447300
657480
868040
1077860
1287340
186580
395480
604900
814180
1023620
1232820
131860
341724
551680
761100
970980
1180800
80300
290100
499560
710980
920276
1130300
28960
238700
447520
656480
866580
1075320
1285020
183481
393300
602540
812340
1021120
1229860
128060
337140
546340
756103
965084
1174440
73520
282940
492020
701220
909880
1119680
15960
227100
437380
647120
856300
1065380
1274440
171760
380860
590660
799720
1009000
1218520
117080
326860
536820
746120
955840
1165900
63740
272717
481780
690680
899960
1109240
7880
217580
426580
635420
845398
1055020
1263340
163500
373420
582720
792180
1001406
1210640
108780
316520
525080
733780
943300
1152740
51400
260575
469780
678580
887700
1111160
10910
220334
429970
638740
848380
1058060
1267360
165600
374780
583020
791040
1000420
1209960
109140
318200
527320
737040
945500
1157200
55860
265420
474300
683340
892440
1101660
60
210300
418920
628400
837480
1047080
1256880
155540
366080
574800
784360
993200
1202580
101500
311076
520160
728640
938360
1147920
45940
254100
463380
672520
902680
1113180
11940
221640
430640
639820
848820
1058000
1268140
166120
374920
586180
795900
1004800
1213260
111620
320840
529320
738360
947280
1156260
54780
264840
473520
682420
891380
1100280
1309040
207880
417360
626420
835400
1045260
1254800
154320
362280
571720
780200
988960
1197780
95620
304640
513220
722620
931240
1140800
38500
247220
455900
683780
896220
1105680
5480
214400
423380
632600
841740
1052880
1261740
159980
368940
577960
786840
996278
1205120
103380
313480
523100
732160
941440
1150880
48940
258580
467840
676400
884900
1093580
1302900
201360
409880
619000
828060
1036680
1245520
144380
352520
561093
769660
978880
1187740
85340
294060
502620
711340
919260
1128300
26780
235820
444420
681700
892020
1102140
1200
210400
418960
628220
838120
1047100
1258160
156000
364720
574080
782360
990800
1201260
99500
308220
516240
724900
933660
1142440
39860
249440
458420
668280
876200
1084980
1294100
192800
401500
611300
