ro_data
181320
735760
968020
1182440
85958
298040
509580
721060
935820
1146500
45940
256920
470480
680940
891626
1101580
760
214060
424720
633840
843860
1054160
1264340
167480
344460
557320
767540
978320
1188200
97880
308000
517620
727920
937880
1147740
47100
263700
474242
684760
893680
1103420
2420
211680
421060
632320
842360
1052580
1261220
159300
368620
577940
788240
997100
1209040
108800
318680
528700
739080
948860
1159180
56760
266240
475980
688140
897660
1107740
6840
217120
427300
637320
846940
1056900
1267240
123860
371600
582880
792400
1003140
1213660
113160
323800
535000
745040
955720
1165860
65140
276580
486440
695840
904800
1115500
15340
224640
434380
643920
853640
1063440
1273240
173260
383440
595460
805805
1015440
1225740
124740
333720
542560
752340
961560
1170520
69520
278693
488400
697500
907520
1117280
18980
229380
438920
649000
858440
1068580
1235840
136920
346660
556500
766380
975780
1185780
84760
295340
504840
715560
925260
1137620
37060
246880
455960
665920
875700
1085160
1295480
194201
403940
614720
824920
1034780
1244300
143100
353820
563440
772800
982040
1191900
93540
304820
515100
724700
935140
1144756
43030
253000
463340
673620
883960
1092820
1302640
201600
411260
621320
831140
1020020
1230780
130200
339460
548760
757780
970380
1180600
79960
289460
499640
709380
918920
1128520
27860
237480
448160
657800
867620
1077780
1286780
185360
394640
603820
814680
1023842
1233720
132160
342240
551380
761000
973800
1184500
83680
293760
503560
712360
921960
1131360
29580
239140
449380
659180
868460
1077800
1288000
187400
396580
606500
818240
1030860
1241060
140200
349180
557940
767640
978280
1188100
87160
296660
508680
718720
929400
1138980
38300
246860
455940
665680
875640
1085078
1295440
194140
405580
615480
826420
1038160
1248260
148020
357740
567280
777340
987800
1197560
97620
308600
519640
729600
940000
1150080
49560
259180
469160
680860
890420
1100300
1309340
208580
418520
605900
816960
1026660
1236680
135720
345300
555700
765880
975900
1185280
83500
292960
502720
712380
922120
1131680
30700
240540
450053
660020
870300
1079300
1288140
186100
395493
605560
816140
1025520
1235580
134560
360860
571220
781140
989080
1198860
97780
307520
517260
726220
935740
1145680
45860
255520
465120
675238
885060
1094580
1304220
203140
407820
618800
828120
1037380
1247340
147000
356920
567220
776780
986860
1196840
97180
307240
516160
726400
935220
1144940
44340
255580
464680
674360
886600
1096560
1306520
205660
415300
625260
834840
1045520
1255780
154800
365120
574960
785160
995360
1205840
105080
314120
524420
734380
943520
1152920
52280
262040
471600
681040
891080
1100740
1310120
191860
402540
612600
821920
1031840
1240976
140620
350640
561220
771620
982280
1192040
90920
301500
511160
721120
929840
1140200
41520
252420
463200
673000
883180
1093180
1303460
203400
413220
623060
833202
1043880
1253440
152340
361880
572660
782060
992460
1202300
101800
311820
522260
731442
941280
1151000
49960
259280
468280
678460
888198
1097980
1304360
205720
415760
625260
835640
1046280
1256140
154740
364560
574300
784940
994500
1205020
104960
314860
524300
733980
944160
1153920
53400
263340
475780
684780
893840
1103520
2580
212200
421660
631020
840480
1049800
1258760
156820
366100
576040
785200
994740
1203380
102520
311340
520780
730560
941040
1150640
50000
259260
469400
678420
888600
1088078
1298580
197660
407060
616560
826640
1036080
1245780
144180
352820
562800
772260
982860
1193020
92080
302000
512140
722580
932680
1141460
40760
251220
460869
670320
880180
1090580
1299470
198380
408380
618180
829940
1039280
1248520
147960
357940
567640
776840
986760
1198120
97240
307280
516735
725700
935120
1144940
44640
253820
463320
673260
886040
1098920
1309360
208600
418760
628420
838740
1048438
1258840
157080
367660
576000
785660
994760
1204320
102600
311700
522204
731720
940800
1150600
49720
259840
470500
680196
889500
1099320
1309120
207620
416980
626920
835840
1045700
1254860
154720
363700
572760
782000
991320
1199740
98520
308162
517380
726940
937040
1147780
61500
271660
481400
673560
884260
1094500
1303500
201980
411740
621100
829540
1039080
1248680
147240
357220
567360
776920
987480
1197029
95960
305660
515420
725160
933860
1142800
42040
250880
459220
668900
878280
1086720
1295380
193660
404780
614300
823780
1033380
1242160
141480
350260
559020
768200
977740
1186820
85260
294500
504440
714060
923480
1133560
31560
240820
467640
677340
887340
1096540
1305140
203100
411580
620820
829940
1039340
1247760
146160
355040
563640
772780
982700
1191840
91360
301040
510520
720761
932420
1142160
41440
250900
460900
670260
879240
1089300
1299280
199000
407720
618160
827460
1037440
1246940
145780
355940
565980
776040
985200
1195080
94400
303260
513080
722500
932460
1142320
40720
267280
478940
688540
898280
1108960
7420
216540
426320
635440
845680
1055773
1266340
165240
375400
585400
794480
1003700
1213120
111780
321740
531320
740500
949620
1159360
59220
269880
480240
690480
900580
1110240
9420
219320
428920
638820
848300
1058320
1268720
168060
378160
587300
796920
1005940
1215380
114334
324440
532900
742900
952020
1162680
49120
259920
469580
680100
889240
1097960
1310460
209100
419680
628520
838660
1048340
1258680
158540
368340
578240
787320
996260
1207480
107180
317440
527160
735980
946020
1156100
54560
264600
475380
684335
893140
1102660
1680
210680
419760
629220
839120
1049320
1259300
158480
368220
577220
786620
996660
1205700
103800
313400
523100
733000
942100
1165280
68000
277980
487760
697700
907020
1117017
15480
225000
433900
643160
852940
1061980
1271340
169978
378200
587820
797860
1007900
1218240
116940
326620
535440
744980
953820
1163380
62940
272860
482100
690980
900240
1110080
9300
219260
428760
637880
847180
1056240
1265500
164680
374400
584160
793620
1003500
1212220
111600
321300
531160
741260
949360
1174400
74620
285260
494680
703840
913360
1122640
21160
231480
440220
649520
858520
1068000
1276560
174800
384840
595080
803900
1013520
1223400
122240
332580
542780
751680
961500
1170480
69460
278920
488960
698840
908520
1117801
16300
225460
434820
643840
852680
1062220
1271600
170660
380940
590361
799600
1009700
1218600
118220
327340
537560
751460
963522
1174260
73180
283100
493580
704220
914660
1124680
22840
232380
441860
651200
860300
1068960
1278400
177240
386460
597480
807300
1016560
1225520
125020
334380
543760
754140
965240
1175340
75100
285020
495260
704600
915020
1125480
24680
234980
445460
656060
866160
1075160
1285280
183680
393080
602580
812740
1023180
1233798
132000
341880
537160
748660
959122
1169900
68820
278380
487760
699880
910160
1119880
19360
230000
439842
649480
859720
1069180
1278480
178140
387660
597460
806660
1016700
1226600
125460
334320
543800
752460
961360
1170180
69700
279100
488820
698120
907880
1118080
16820
225500
435140
644380
854015
1063600
1273620
173500
383580
593180
802330
1011460
1221860
120840
338440
549560
759920
969940
1179960
80120
290120
500660
712020
921800
1132600
32560
243080
452200
661700
871560
1081060
1290960
189740
399820
609260
819660
1029240
1239260
138660
347900
557740
767620
977640
1186800
86460
296440
506640
716080
925240
1135060
33980
244180
454380
664740
873720
1082300
1291500
190660
400180
610560
819920
1028800
1237640
124640
335360
545600
755300
965200
1175180
73860
284260
493060
702880
912460
1121360
20440
229361
439120
648540
858540
1067940
1277900
176640
386140
595920
805700
1015760
1226180
124940
334220
560420
770880
981180
1191560
90420
301070
510840
721420
932059
1142220
40300
251520
461580
671500
881160
1090900
1300180
199420
408180
617420
827240
1036420
1237280
137820
347900
557520
766540
976180
1185440
83940
293940
503340
713260
923320
1132520
31960
241280
451420
661080
871460
1081720
1291620
189020
399120
608220
817540
1027100
1237420
135720
345320
556280
766562
977120
1186600
85400
294320
503860
713380
922980
1133100
31740
242060
451820
660920
871260
1082020
1291740
191020
400320
609740
819520
1019780
1229900
128340
338240
547660
757760
967140
1176298
74920
284806
494562
704600
913200
1122260
20420
229800
438900
647800
857440
1067200
1276300
175238
384620
594100
803540
1012480
1222160
121620
332020
542360
753280
962780
1172360
71340
281180
491020
700840
911520
1120600
19620
228996
438640
648140
858980
1241580
151960
365960
577120
788940
999880
1210280
110700
323600
534440
745340
956400
1166620
68820
278660
489280
700500
910660
1122800
22340
231740
442520
652240
864940
1075340
1284420
183720
393380
602020
817120
1027660
1237380
136660
347660
557374
766380
979120
1189780
89980
300100
510300
720880
931320
1141260
42820
253280
463160
670260
884680
1096280
1306840
205500
415600
627640
837520
1047380
1257820
155840
366006
576360
785660
995800
1206040
107260
317760
528642
737860
947440
1157180
56840
265561
475080
686120
895900
1107480
7460
218356
428040
637740
848040
1057680
1266940
165980
376060
584160
793880
1003960
1216920
116300
326460
536320
745920
955500
1164960
64200
273460
402260
612920
823360
1033340
1243780
145440
355660
565800
775820
985560
1195500
94720
303740
513920
722240
932600
1140940
39580
249420
458720
667920
880700
1090020
1299280
199020
408620
617780
827920
1037318
1247000
146600
356760
566640
776560
986800
1196100
94500
304560
514020
725660
935720
1145340
46000
256820
466640
676740
886580
1096760
1306360
205100
416340
627500
836860
1046540
1256260
155640
365420
575680
785300
997260
1206920
105860
316220
526440
736120
946520
1155800
55480
265020
474480
684320
893780
1102300
1005
210260
420700
630900
841160
1050980
1261200
160220
371900
582440
792260
1001640
1211620
110000
319860
530300
740760
950920
1161160
60780
269920
479700
689400
898700
1108140
1300680
201040
411520
621100
830180
1038840
1248920
147820
356960
568540
778460
988440
1198220
96640
306100
515560
725300
935220
1145200
45340
255720
465760
675020
884780
1094400
1303500
202960
412220
622040
832360
1041922
1251100
150860
360380
569740
779340
989000
1200580
100180
310880
519960
729880
940520
1150060
49140
257600
466440
675740
884980
1103120
3580
213480
423360
633120
843060
1052520
1262260
161260
371220
581040
791040
1000840
1210420
109600
318500
528240
737640
946700
1155980
57120
267240
476820
686560
895460
1104927
3440
212960
422060
630440
839720
1049640
1259420
157800
366620
575320
784660
993780
1202700
101960
311120
520770
729940
938720
1147820
46540
255740
464760
673780
887920
1099280
1309100
208040
417920
627900
836720
1048200
1258160
156820
367180
576560
786100
995920
1205280
102880
312860
522420
731940
940960
1150340
49640
258960
467900
677160
886218
1095660
1305000
204720
415060
625060
835040
1044980
1254180
154100
364120
574040
783840
993480
1202800
102020
311860
521500
731140
940920
1149940
49280
260020
472360
691440
904740
1114480
14000
223540
433340
643620
853820
1063880
1273420
172460
382660
592660
802420
1012540
1222680
121360
330380
539820
749760
959080
1168100
67440
277100
485960
696020
906440
1116420
16080
225800
437000
646680
857340
1067620
1277780
177340
387020
596380
806020
1015860
1225680
125620
335060
545320
755080
966840
1176920
75960
286260
477320
687920
898180
1108260
6380
215960
425360
634840
844980
1054660
1264060
162598
371880
580840
790300
1000460
1210360
109420
319076
528740
738270
948720
1158360
57160
266700
476560
686620
896360
1106280
6000
216260
425500
635540
844380
1054220
1263640
162000
372020
581460
791560
1001700
1211740
110340
320180
529700
739860
949920
1161040
60740
279000
490300
700180
909920
1120420
19420
228800
438720
647560
857180
1067020
1275680
174820
384480
593940
803760
1013440
1224400
124380
334000
544940
755060
964720
1174020
73380
283300
492360
701820
911140
1121400
20460
230520
440740
650580
860780
1070340
1280840
180100
389700
599080
808240
1019320
1229420
128620
339340
548820
758700
968340
1177960
64540
275440
486500
697080
907580
1117400
17880
229800
440380
650520
859900
1069420
1279780
179340
389740
599780
809236
1018500
1228100
127160
336940
546100
755940
965200
1175060
74420
284400
494380
705120
915420
1124620
24320
232980
442420
652220
861540
1070720
1280380
179280
388420
597780
807880
1017349
1227060
126500
336260
545440
754460
964200
1178040
78720
288680
498680
708800
918500
1128440
27360
236660
446940
657040
866720
1076640
1287700
186420
396200
607580
817880
1027200
1236700
136340
345160
554800
766600
975860
1185640
85300
295380
505200
715280
924380
1134620
33442
243940
453940
664160
874180
1085360
1295540
194600
404400
614200
824860
1035320
1244320
143380
353820
563095
773660
962620
1174350
73700
284600
495020
703880
914060
1124500
23840
234080
444660
654080
864560
1075020
1284980
184840
393660
603700
813400
1022020
1231220
130720
340000
550200
760340
970340
1179860
78240
287560
496880
706640
916720
1126560
25780
234380
443980
653280
861940
1071080
1280860
179318
389020
598440
807540
1016800
1226445
124920
334260
545820
765300
976960
1186360
85558
295260
505280
715020
924420
1135000
33980
242960
452360
663920
872940
1082660
1292420
191040
400440
609740
819220
1028880
1238780
137340
346820
555660
765340
974540
1184121
83140
292520
502180
712100
922840
1131980
31240
240680
451100
660340
870460
1080340
1289720
188980
398280
607480
816920
1026420
1235780
135780
344420
549620
761180
971660
1181080
79960
289340
499060
708500
918280
1127900
27040
237500
446960
656260
865680
1075120
1284680
183460
393240
601960
811280
1021360
1231240
130120
339500
548520
757920
967600
1177240
76640
286375
496160
708240
918200
1128160
27580
237881
447480
656660
866060
1075760
1285420
184998
394380
603800
814149
1023440
1232620
130440
351480
562320
772700
982460
1191640
90800
300480
509880
719680
929480
1138800
37420
246720
456640
665300
874000
1083820
1293400
192660
402460
611960
822100
1031783
1241180
140080
349980
559000
768400
978780
1189260
88160
297220
507280
717060
926800
1136100
35820
244520
454440
663160
871880
1082080
1292010
190340
399260
607700
817260
1026740
1236340
137280
348700
558680
768520
978800
1188758
87540
297820
507460
717480
927740
1137620
36800
246380
457020
667380
877540
1087540
1298000
198580
408918
618480
828260
1037180
1246620
145400
355100
567480
777720
987620
1196360
95740
305786
515260
724920
934020
1143360
42400
250500
459280
669362
878360
1087300
1296380
195330
404400
613660
822180
1032060
1247594
147814
358150
568820
778480
988480
1198160
97180
306680
516980
725634
935080
1144160
42500
252580
462580
671960
881280
1091380
1302080
201360
411120
620820
830060
1039120
1248180
147580
357560
567380
777080
987140
1197100
96720
306480
517060
726620
936820
1146420
46340
255920
466140
675660
884600
1095000
1304280
203480
413420
622120
831800
1035520
1246880
146200
355700
565100
774460
983140
1193480
91920
301020
511120
721820
931620
1141500
39520
249620
458680
668720
878840
1088600
1298240
197580
407760
617700
828560
1039140
1249280
148120
357740
567440
777558
987020
1196600
96260
308300
518580
728420
938540
1148460
47140
256500
466140
676280
885958
1095740
1305220
203840
413160
622860
838420
1049980
1260160
159020
369280
579340
789620
999460
1209360
109540
320140
530000
740140
950820
1161620
61180
271380
480640
690100
900300
1110380
9400
219240
428940
638340
847180
1057200
1266580
165720
376560
586560
796300
1006320
1216000
115400
326002
535860
745360
955200
1165040
64394
273880
483260
692840
902560
1112600
12140
221560
431400
624120
835178
1045940
1256775
156260
366480
576560
786360
995560
1205560
104200
313600
523380
733220
942535
1152240
51880
261720
471160
680180
890080
1099850
1309600
207920
416820
626120
834920
1044700
1253260
152380
362100
571660
780820
990540
1200240
99300
309200
518600
728600
937964
1147000
45760
256000
465820
674960
884400
1093920
1303380
202800
426380
637260
847400
1057560
1269500
168580
378440
588860
799700
1010720
1220160
119540
329420
539680
749300
958620
1169340
68460
278780
488460
698500
907640
1117440
15540
225540
435380
645640
855480
1065880
1275900
175200
385700
595860
806000
1015820
1226340
125280
335600
546206
756340
966160
1176220
74658
283620
494360
704340
914560
1124700
23900
211393
422680
632180
842400
1052460
1261340
160060
369620
579860
790100
1000500
1210060
108640
319100
528320
737200
946400
1156820
56240
265940
475860
685540
894680
1104200
2840
212280
422180
632400
841500
1051640
1260540
158420
367360
577560
786140
995200
1205140
104000
314178
524180
733940
943920
1152840
51600
261180
471780
680940
891138
1101120
13101
225440
435840
645800
856220
1065960
1275300
174140
383520
593540
803800
1013480
1223720
122140
331540
540960
750840
960240
1169820
68440
659120
883020
1098600
2360
214220
427520
638960
849420
1060720
1273020
173080
383980
594740
806680
904160
1117060
17580
227180
438820
649440
859340
1069040
1279160
178640
391020
600860
810580
1020560
1230560
131340
346320
557232
767780
978140
1187480
86300
297020
509060
719840
929620
1140080
38220
248540
457520
668240
880020
1090006
71240
286280
497480
707760
917360
1127040
26120
240340
451220
662120
871660
1082460
1292760
192140
401400
611600
848060
1061080
1271120
170820
380900
590780
800460
1010460
1220400
119580
329940
539820
752020
963120
1173440
71440
281860
491600
701860
911460
1122020
20080
228900
438640
649800
860260
1069920
1279640
179180
389140
599120
808620
1018023
1227540
125880
335280
544300
754060
965500
1175760
75140
284780
494720
705180
915080
1125440
24460
234460
512900
729100
938920
1148420
47420
258560
470800
682020
892500
1102520
2020
212000
421260
630820
841080
1051160
1261920
160600
370960
579520
790060
1000040
1210620
109440
321700
532360
742560
952300
1162480
61140
271040
481400
690720
900280
1109420
8560
218710
428600
638440
848020
1057980
1267820
166720
377040
589120
799522
1009300
1219280
117980
299660
511560
722080
932560
1141680
40500
249880
459500
669220
879620
1089240
1298560
197480
407240
616560
827340
1036740
1245500
146180
356400
566320
776080
986100
1196080
94720
304060
513680
723280
933080
1142600
41300
250680
459760
669580
879180
1088880
1299380
198860
408553
617560
826960
1036980
1246740
148240
358820
568260
778460
988080
1198440
78260
290180
501120
710580
919820
1129260
28500
238880
448340
658280
868680
1078860
1290060
189340
398900
608860
818160
1027700
1236404
134660
344940
555420
763980
975740
1186560
86040
295440
505520
715560
925820
1134720
34140
243640
452840
662140
871800
1080980
1290360
189480
399500
609240
819638
1028580
1238060
136960
346480
556520
766140
977180
1191140
93180
303240
513300
722740
931620
1143060
41960
251440
460600
669680
878780
1088220
1298000
197720
406600
616093
825240
1034900
1244240
143000
351740
561300
771240
980760
1191000
90360
300920
510580
720220
930380
1140320
38440
248060
457680
667440
876500
1086140
1295600
194360
404460
613860
824960
1034082
1243300
141520
351360
561100
770800
976280
1186880
86100
295580
505760
715040
925200
1135580
35160
244220
454160
663160
873120
1083386
1292380
191760
401900
611860
821440
1031600
1240680
139180
347880
557080
766240
975520
1184860
83060
292420
501400
711040
920220
1129540
29980
240780
450960
660320
869080
1078320
1289260
188540
398660
608840
818460
1028400
1238360
137500
347080
556440
778680
991180
1201460
101300
310360
520740
730840
940340
1149860
49000
259100
468880
678120
887240
1097220
1306820
206020
415280
625540
836320
1046186
1255818
155280
365200
574680
784780
993900
1204000
103120
312800
525120
734980
945220
1155380
54260
263820
474080
683200
893000
1102740
2040
210680
420860
630300
840280
1049940
1259580
158520
367420
562580
775220
985560
1195900
95120
304200
513078
723800
933660
1142702
40880
250600
459660
668980
878240
1087180
1296872
196040
405500
614940
823820
1034100
1243640
143300
352760
563300
773700
983340
1192820
92100
302360
511840
721260
932920
1143240
42580
251980
461560
670900
881420
1091520
1301720
200220
409400
620080
830140
1039260
1250200
148280
368240
580240
789940
999400
1208960
107660
317163
527040
736680
945620
1155380
55080
264760
473980
683280
893020
1102760
2100
212000
421040
630340
839940
1049200
1258920
157740
366400
575180
784620
994320
1204720
103520
312820
522320
731240
940760
1149920
48860
257700
467200
677460
885680
1094780
1306040
204480
414100
622840
832560
1041760
1251380
153740
364780
575160
785820
994780
1203920
103560
312620
522180
732340
941700
1151100
49640
259460
469000
678900
887880
1097680
1307220
206800
416680
626400
836010
1046020
1255860
155060
365380
575680
784460
993580
1203880
102640
312840
522740
732500
942300
1151800
50300
260620
470740
680020
889100
1098460
1307860
207000
416820
626460
835580
1045340
1266700
167700
376480
587440
797520
1007560
1217460
117260
327520
539540
749000
958600
1169000
68540
277840
487980
697320
907394
1116920
16240
226320
435800
644620
854040
1063640
1272740
171820
381160
591260
800336
1009900
1220220
118600
328600
538660
748420
958640
1167920
67300
276400
486260
697060
906480
1116080
14420
224180
434000
643280
853157
1051800
1262960
162120
372320
581640
791240
1001260
1211400
110080
319340
528500
737580
947540
1156840
56260
266120
476160
685740
896380
1106300
5160
215080
425240
633820
843380
1053160
1262340
160660
370840
581020
790900
1000840
1210480
112040
322460
531780
740600
950600
1161280
60100
269700
480220
690500
901020
1110920
9900
219560
428960
638440
854940
1065960
1276642
175120
384740
593420
802840
1013220
1223640
122740
332340
542120
751120
961140
1170740
69660
278940
488740
698340
907700
1118580
17380
226360
436135
645340
854980
1064440
1274360
174280
383900
592860
802760
1012400
1222860
121900
331820
541220
750820
961000
1169720
68520
277200
486380
696360
905840
1114080
12720
222180
431240
639420
850660
1060180
1270400
169220
379236
588700
798800
1008160
1218800
118985
328460
538120
746640
956100
1165542
63840
272920
484479
694060
903420
1112000
10960
220360
430060
639060
848570
1057220
1266560
165360
374820
583860
792720
1002200
1212360
111040
321280
531120
741100
951120
1160880
59800
269680
478800
688180
897620
1106920
5560
215680
442082
653080
863020
1073420
1281620
179940
389100
598460
806880
1016300
1225840
124820
334740
544380
754400
964140
1172320
70820
279180
488520
697138
906080
1114220
12740
221720
430880
639840
848380
1057280
1267020
165861
374660
583840
793660
1003620
1213360
111020
320100
530440
738780
947878
1157080
56020
265220
474320
682500
892220
1101240
1310540
222980
434000
643560
853360
1063900
1273640
173500
382600
592340
802080
1011320
1221340
120220
332380
541460
750500
960002
1168540
67240
276660
485780
694580
904840
1113620
13220
222140
432000
640600
849720
1059738
1269380
168060
377440
587040
796420
1005520
1214800
112580
321440
530700
740400
949800
1159080
58000
268560
477560
688020
898240
1107360
24780
235880
444962
655300
865580
1075720
1285740
185140
394560
604620
814620
1024740
1234840
134480
344320
554160
764940
976260
1186660
85100
294680
504240
713180
923060
1133340
31780
240960
451680
661600
871380
1082598
1293100
192060
401900
611020
821040
1031200
1240680
139860
349980
559940
768960
978260
1187360
85080
294360
503000
712600
922180
1130480
31160
241620
452100
662080
872500
1082660
1292120
190820
400360
610100
820140
1030740
1240100
139020
348800
559400
768400
979100
1191484
91060
300960
510560
719860
929880
1140220
38920
249620
459240
669300
879800
1090800
1300380
199980
409740
618620
828960
1038960
1249220
148420
359140
569140
778920
987780
1197840
97740
307600
518000
728020
917980
1128500
27300
236180
446200
655200
865420
1075122
1283680
183804
393580
602680
811020
1019300
1229380
127522
336500
545960
754960
964000
1172940
71180
280640
489980
699840
910060
1119020
18360
228060
437160
646420
855600
1065240
1274720
173080
383300
593140
802680
1012100
1221800
121040
330535
539940
749720
958360
1167620
66900
275980
485780
710920
921280
1131020
30500
238940
449180
658060
867580
1076540
1286560
185400
396580
606220
815900
1025760
1235520
134520
343980
554280
764300
973658
1183100
81500
290420
500480
710500
920000
1129600
29220
238600
448240
658640
868120
1077420
1286700
185780
395760
605920
815420
1028000
1237560
137100
346960
557180
767040
976300
1186000
84280
293560
513920
725840
935420
1145620
45320
254320
464860
674580
883960
1092840
1302260
199980
409300
618600
828500
1038260
1248480
147800
357280
566580
776300
986100
1196280
95380
304820
514300
723940
932800
1142140
40860
250180
458440
668660
878780
1088600
1298700
197360
406900
617000
826560
1037000
1246460
145580
355940
566180
776020
985120
1194720
93340
299040
510100
720080
930460
1140160
39140
249840
459560
669280
878940
1088940
1299300
198520
407380
617900
827880
1037100
1247420
146460
356460
565520
775840
985240
1194880
93800
302880
512340
720750
929820
1139420
38082
247780
457100
666300
875300
1084760
1294540
193340
403540
612240
821260
1031200
1241420
140040
350480
560040
769940
979960
1190200
100040
311940
521900
730840
940640
620960
836760
1049460
1260520
161960
372600
583580
793520
1005200
1215598
114560
324960
535060
746980
956520
1166100
65640
275000
485260
695020
905280
1114900
14400
226120
435800
646040
855520
1065120
1275480
179080
390120
600380
809140
1019560
1229000
128280
339820
549600
759660
968960
1193360
94680
304780
514900
725920
935360
1145060
45340
256280
466660
676280
885600
1095500
1307280
205840
415660
625860
836780
1045860
1255300
154598
365620
575920
788140
998300
1208600
107860
317520
527680
736780
947680
1158800
56940
266380
478700
687340
897060
1106280
5120
213940
422340
631460
841100
1050360
1259960
158700
368520
580300
789800
999920
1210700
109320
318960
528880
738560
947757
1158100
57060
266660
475760
684700
896720
1106100
4420
213420
422680
632480
841280
1050860
1261160
159800
369860
579804
789040
998460
1207840
105980
317820
527060
736684
945960
1155300
53760
263244
472860
683160
891960
1101580
1380
211160
421580
630380
840200
1049660
1258840
159260
368620
577800
783160
993960
1203500
102140
311440
520920
729940
938560
1148200
46540
255660
464780
673640
883680
1092700
1301900
200820
412882
623140
832220
1041320
1250020
149080
358400
567920
777200
986960
1196060
94780
303600
513520
721940
931040
1139860
39240
248840
458420
667390
877040
1088082
1298160
198540
407900
617600
826240
1035920
1245360
144280
353580
578780
790400
1001460
1210640
109840
319640
529198
739314
949560
1159640
58360
268080
477640
688008
897320
1107440
8820
218220
428680
638580
847940
1057880
1268280
167200
376500
586400
796740
1005980
1217060
115920
325860
535100
744140
952940
1162860
61640
270580
480560
689600
899480
1109880
8940
218700
428300
640740
850660
1059740
1269060
167680
415340
629700
841280
1050460
1260486
159280
369440
579000
789360
998680
1208380
107157
317220
526840
737180
947420
1157740
58280
269020
478420
688400
898760
1108440
7200
216260
424680
633900
844740
1054100
1263140
162640
372080
581660
791000
999780
1208520
107040
316600
527080
736220
945440
1154520
53900
263660
473180
683080
893000
1103000
820
166200
376500
585980
795340
1004740
1214440
113560
324000
533320
742920
952846
1163540
62620
272400
483580
693760
904082
1113340
12880
223880
434364
644420
853920
1063200
1272280
170920
380360
590160
799860
1009860
1220280
119980
329920
540860
750740
960920
1170220
69780
279160
487700
696860
907000
1116960
16240
226740
435800
646800
856700
1065720
1279720
181420
391980
601340
811760
1020680
1232940
131920
341140
551100
760800
970420
1179580
78324
288260
498360
707645
917380
1126920
25200
233820
442940
653300
862740
1074140
1283900
183840
393900
604060
814700
1025240
1235300
134100
343920
554600
765140
975040
1185200
84620
294480
504560
714860
925400
1135340
34680
245180
455340
665480
876060
1064000
1276080
176220
389480
599680
808760
1018420
1229080
127880
337540
547980
757760
968220
1178320
77320
287140
496880
706280
916340
1126120
24740
233975
443920
653560
862940
1072320
1282040
181020
390820
600580
810320
1020260
1230400
129660
339180
548920
758160
967160
1177020
76140
285340
494500
704220
914930
1125000
24460
234060
443880
653840
867300
1079740
1289900
188880
398100
609920
819160
1030340
1239960
139560
350560
560400
770920
980780
1190980
90700
300040
510180
720180
929860
1139460
39140
248940
459480
669360
878780
1089780
1300840
200360
411420
621620
830980
1041280
1250420
149213
359440
568440
778760
987780
1198500
98720
308000
519300
728780
939060
1148280
47460
257280
466900
652200
862900
1073060
1283060
182640
392320
602640
812420
1022100
1231400
130520
340560
550580
760260
971340
1181840
81520
291780
501060
711280
920580
1130260
29600
239460
449620
660160
870220
1079280
1290360
189540
398720
608781
817740
1027260
1236840
135600
346120
555260
764780
974760
1184800
83680
293920
503140
713040
922080
1131540
31320
241100
451080
663500
872980
1083140
1291960
190860
401140
611040
821520
1030720
1240400
139060
349260
558220
767880
975980
1185740
84880
294000
504140
713740
923220
1132640
31680
240380
450220
659560
869760
1079100
1288720
189440
399280
609820
820080
1030360
1240640
138920
349180
559100
768140
977620
1187360
86260
295720
505700
714560
924400
1133638
32240
239740
450720
660820
870640
1080620
1289760
188860
398996
609040
818660
1029080
1238400
138660
348660
559040
768360
977800
1187060
85700
295500
505400
715480
925100
1134520
33620
242260
451555
661480
870620
1081200
1290660
188980
397920
608020
818040
1028420
1239560
138240
348560
558300
768300
977040
1186780
86080
295420
505380
715160
924800
1134400
42120
253800
463540
672780
882160
1091820
1303600
203080
412320
621300
831300
1041100
1250860
150120
359820
569600
779200
988220
1198160
96220
305980
515520
725020
935100
1145260
44040
253980
463460
673200
882660
1092180
1301340
200240
410460
620420
829760
1040560
1249300
147684
357700
568100
778040
987900
1198160
96700
305920
514800
723720
933740
1137800
38020
247860
457820
667620
876822
1086060
1295800
194800
404880
614780
825040
1034400
1244740
144080
353300
562920
772400
982680
1192280
91400
300340
509340
719120
928340
1137320
37440
246760
457560
667200
876660
1086060
1295020
193480
403000
612040
821920
1031460
1240780
142700
352140
561280
770119
980600
1190360
89500
298940
508080
716980
940940
1152800
52660
263480
472980
682220
892360
1101620
1300
210920
419866
630360
840340
1049560
1259340
158040
367980
577260
786740
996580
1206140
105440
315000
524020
734060
943680
1153150
52420
262020
472200
682140
891440
1100980
1310660
208760
419040
628300
837420
1045920
1254560
154180
364860
574200
783500
993120
1202240
100500
310240
519480
725040
936680
1146440
45000
254860
465860
675420
885700
1095160
1304560
202820
412140
621320
830860
1039980
1249360
147680
357240
567720
777640
987240
1196880
95620
304580
514160
724320
933560
1143340
41940
250960
461400
671100
881360
1090740
1303780
203077
413038
622100
831580
1040940
1251180
150560
359840
569000
779120
988082
1198180
97070
306280
528380
740540
950620
1159900
59960
269480
479780
689630
899640
1109420
8000
217400
426860
636600
846100
1056060
1266000
164000
373880
583860
793900
1003400
1212340
111500
321940
532516
741840
951100
1161060
59240
269420
477960
687440
897600
1107740
7236
216400
425717
635760
845260
1055060
1263880
162920
371620
581180
790480
1000340
1209080
108500
312880
523740
734780
945000
1154840
54380
264361
474620
684940
895560
1106320
5580
214120
423560
633500
843400
1053080
1262629
161860
372520
581260
791240
1001000
1211400
110380
320060
530380
739980
949180
1158800
57820
267060
477140
686900
895249
1104820
4020
213780
423500
633740
842500
1053910
1264160
163860
374240
582980
792380
1001660
1211140
115380
327300
537920
747160
958260
1168620
67160
276080
486700
695900
905760
1116340
15160
224980
434900
644280
853980
1063580
1272900
171860
381400
591160
801160
1010800
1220500
120400
330660
540580
750480
960520
1170080
68540
278160
488044
697080
906900
1116180
15620
226020
436060
645500
855840
1065260
1274920
173420
381740
591960
801700
1011220
1211060
111580
321920
532120
741660
951200
1161680
61320
271520
481880
692720
901700
1111378
10020
219560
429281
639400
848924
1058840
1268380
168220
377580
588340
798240
1008860
1218320
116606
325600
535520
745160
955220
1164960
64580
274200
483820
693800
903140
1112740
11100
221100
431173
641020
850780
1060600
1270900
169720
378720
587620
796780
1010820
1221880
120540
330160
539940
749980
960060
1169700
68940
278320
488120
698900
908940
1119000
17700
227740
438000
647860
857125
1067600
1276740
175720
384680
594200
803880
1013900
1223980
123140
332820
543295
754780
964080
1174440
74100
285220
494540
704740
914520
1123560
22820
232320
441660
651680
861240
1071160
1282060
181480
391660
602580
799560
1010980
1221360
119420
329040
538740
748880
959040
1168820
67240
276980
487260
697540
907400
1117980
17800
226880
436780
646180
856140
1066640
1277480
176020
386000
596720
807020
1017200
1227280
126240
336020
545900
754780
964680
1174800
74420
284180
494538
703440
912860
1122140
21080
230280
438880
648360
857140
1067220
1277140
176280
386320
602040
813480
1023773
1233620
133160
343980
553840
763200
974360
1184560
83400
292118
501360
711200
920500
1129420
28460
237740
447300
656600
865480
1074760
1284120
183600
393260
603820
813520
1023300
1232022
908100
1124500
28720
239680
449760
660580
870760
1080529
1291720
190640
400660
610660
820740
1033460
1243680
142220
372460
584200
796860
1007540
1217640
116980
326960
538040
747960
958520
1168180
67400
277640
492060
702880
913120
1122400
21980
230920
440860
653900
863900
1073640
1282920
183080
392760
602940
813080
1025240
1236380
135400
345460
555380
765660
975740
1186020
85600
298360
509440
719400
928940
1138820
37440
246800
455900
666060
875460
1087060
1297580
190860
404180
613520
824100
1034400
1243640
143140
352420
562480
774720
985140
1195720
94700
304720
514760
725615
934920
1144200
41960
251100
460700
670040
882820
1092220
1301820
201000
411220
620800
830600
1041020
1250840
150500
360300
570340
780060
989840
1201880
100660
311060
521040
731600
942460
1152640
52080
262660
472800
682480
891900
1101460
1285520
186500
396680
609420
819760
1030520
1240120
140364
349580
559480
769700
979820
1189100
88780
299040
509120
719300
928500
1139280
38300
247980
460180
669580
879540
1088760
1298760
197740
407040
616320
826280
1035320
1245120
144620
354456
564860
774600
984100
1193120
91300
301120
511120
723140
934420
1144080
43000
252820
461780
671420
880420
1088198
1299760
200040
409500
619680
828920
1038300
1248420
148160
357600
567540
776600
986642
1196580
98340
308780
519000
728820
937964
1146600
45938
255580
465740
675980
885340
1096000
1306040
205320
415660
624880
834680
1044940
1254440
153420
363100
572600
782960
991900
1201940
101640
314280
524335
734900
945020
1155580
55040
264940
474400
683860
875280
1086400
1296600
195900
405160
614820
824200
1034580
1244800
144082
353620
563460
773608
982757
1192440
90940
299780
509940
719940
932120
1142660
42080
251440
461360
670620
881120
1090720
1299920
198880
409280
619060
829520
1039200
1248680
148200
357780
567320
776580
986760
1195460
93720
303100
512720
722020
933020
1143120
41500
250540
460280
675160
886980
1099620
1309740
208420
417980
627220
835900
1044520
1253460
152200
361680
571480
781420
990960
1199660
99440
309160
518140
727960
936740
1145860
44860
254801
464100
674180
883460
1092580
1302400
201760
411220
620920
830120
1040080
1249620
147880
358060
567380
779160
989140
1199020
97980
307340
516880
726100
935900
1145080
44140
253640
463120
674180
884680
1094940
1305760
205020
414640
624860
834620
1044780
1254560
152740
362660
573220
783640
992760
1202800
101320
311640
521100
730200
939820
1148900
47840
257480
467000
677160
886520
1095960
1306300
207760
417960
627660
837720
1047980
1257760
157260
366780
576040
786760
996920
1206880
106700
316280
525900
736000
946060
1155320
55120
298620
513080
726040
936700
1146320
44740
254500
464420
673580
883540
1092560
1302760
201480
410740
620800
830882
1041480
1251040
149780
358600
568560
778460
988080
1197640
97100
306480
515640
728320
938340
1147660
46980
256760
466500
676200
885240
1095202
1305420
204500
414660
624820
834840
1044500
1253320
151880
361980
571280
780800
990640
1200760
51800
262880
471980
681260
890120
1099900
1310120
208020
418340
627120
836500
1044940
1253680
151900
361760
571720
781980
990680
1200220
98460
308000
517480
727060
937060
1146920
45300
254320
463600
672740
885440
1095400
1305320
204400
414220
623260
833560
1044320
1253180
152860
362080
572360
781820
991860
1200900
99980
309420
519140
728720
938160
1164260
65920
276980
487300
697580
907100
1116920
16780
227820
438080
647980
858200
1067660
1277720
176240
386320
596640
807960
1018640
1227600
127160
337360
547460
756940
966760
1177080
76900
286120
495160
704920
915060
1125520
24020
233700
443820
653200
862700
1071980
1284400
185480
396360
607071
817780
1027560
1237840
137740
348280
558780
768838
949520
1160660
60800
270640
480320
690020
900140
1109520
9180
218580
428360
638360
848140
1058580
1268660
167980
377480
587820
797300
1005880
1215680
114200
323840
534140
743520
953580
1162940
61740
271078
480140
688960
898240
1106600
5820
215960
426240
635820
846040
1055620
1265440
164880
374160
583480
793540
1002880
1212720
111340
321220
531540
752380
963260
1173480
71600
281760
494820
705640
915100
1125240
24420
234280
443560
655580
864500
1073840
1282880
181840
391240
600000
809100
1018640
1227880
126900
335700
545220
753840
963180
1172820
71940
281020
491100
699660
909020
1118960
18240
228260
438020
648280
857860
1067250
1276500
175540
385100
595140
804480
1013760
1223160
121960
331120
536440
748080
957520
1166978
65320
274920
483920
693580
903300
1113260
11433
220140
429180
638580
848760
1059000
1268640
167260
377380
586100
795200
1004540
1214080
112680
322560
532074
741140
952300
1161520
59980
270660
480160
689420
898540
1107960
6620
217340
426760
636980
846040
1055620
1265080
163060
373140
581640
790726
999560
1208800
107560
329040
540620
750960
960540
1170160
68520
278340
487540
697860
907500
1116500
15340
224640
434700
644400
853560
1063040
1272820
172600
382080
590980
801060
1011020
1219660
117980
327760
537340
746740
956020
1165340
64060
274340
484320
693920
903520
1112960
12460
222840
432620
643660
853860
1063660
1273620
172200
381580
591560
800080
1009820
1219320
133780
345260
555500
764480
973300
1183340
83000
292960
503397
713940
923680
1132720
32060
240900
452540
662280
872640
1081640
1291780
191200
400240
610220
819180
1029700
1238800
138580
348000
557320
767100
976440
1186400
85220
294700
504200
713380
923796
1133980
32140
241860
451762
661160
870460
1080300
1289640
188020
397940
606500
816140
1025440
1231060
130920
341620
551960
761640
971740
1181320
79600
288700
498740
708740
918360
1127760
27060
235760
445340
654640
864540
1073020
1282600
181460
391600
600740
811200
1021700
1231220
130320
339620
548340
758000
966800
1175840
74200
285320
496420
706340
915960
1126080
24700
234980
445440
654580
864140
1073520
1283200
182080
392140
602660
812420
1034560
1245840
145040
354620
564240
774160
983840
1193840
92640
304760
515180
725040
934700
1143580
41880
251260
461200
670360
879600
1088980
1299274
197880
408360
617860
826720
1035780
1245860
145240
354960
564680
775240
984380
1193500
92040
301500
510820
720200
929400
1138860
36840
246020
456220
666020
876200
1085200
1295053
194040
403560
614260
820120
1031920
1241780
140860
350880
559800
770620
980840
1190660
89480
299400
509000
718325
929140
1139500
38860
248620
458160
668440
878360
1088540
1298600
198080
407840
617900
827520
1038180
1247580
146900
356760
566940
776840
986980
1196698
95820
306300
517120
727260
937440
1147760
47060
256560
467000
676940
887680
1098040
1307480
206360
416240
624500
836540
1046710
1257480
156260
365940
576380
786600
995480
1204580
104340
314260
524380
733680
943040
1152040
54893
264340
473400
683140
892580
1102600
1840
211520
420600
630700
840880
1051500
1261740
160580
370565
580240
790220
999220
1208420
106980
317940
527020
736360
946160
1156180
56300
265980
476120
684660
894580
1105140
4238
213980
409780
620500
830680
1040660
1250760
151240
361040
570720
780980
990840
1200740
100300
311000
520100
730280
939380
1149120
48780
258180
468420
678200
888322
1098580
1308120
207320
416680
626020
835100
1045460
1255400
154380
364040
573340
783380
992140
1201400
100200
309360
519660
729700
939540
1149740
48240
257900
468260
677800
888120
1098840
1308780
213520
425020
636600
847040
1057280
1267020
165940
375796
585180
794520
1004160
1214800
114520
324960
535300
745300
954680
1165080
64220
273400
483360
692680
902280
1112760
12460
222200
432040
641980
851558
1060620
1270140
169160
378600
589600
799580
1012100
1223220
121900
331540
540680
750220
959660
1169460
68360
278140
487920
698640
908440
1118340
1308600
209120
419640
629560
839940
1049900
1260180
159900
369720
579400
789600
999700
1208860
108320
318460
528840
739140
948500
1158240
58260
268460
478207
687540
897600
1107000
5860
215600
425100
634460
843860
1053360
1262980
161220
370740
580160
790080
1000320
1210160
108780
318480
528360
738020
948040
1158160
57960
267580
477340
686340
895440
1110940
12340
222000
432700
643000
853160
1062880
1272700
172000
382460
592100
801600
1011620
1221300
120340
329380
538900
749060
958540
1167720
66860
276900
486580
695640
904200
1114340
13320
222700
432280
641920
850940
1061100
1270680
170120
379080
588820
799020
1008360
1217720
117240
326761
536460
745500
955640
1164860
63720
273520
482520
693260
892460
1102720
774040
991760
1205800
106480
318480
529880
740920
952040
1163120
63320
273920
482840
692780
904560
1114620
12480
221520
431960
643400
853440
1063680
1273760
173300
384820
594800
804360
1013740
1223060
122240
336920
547000
756740
966120
1176480
75880
286580
498820
707860
917560
1127140
26100
235560
446040
680260
894060
1104240
3840
214220
424240
634260
844200
1054260
1263630
165100
376120
586280
796720
1006660
1217100
116640
327260
537180
746780
958280
1168300
67540
276400
486204
695680
906260
1116340
15420
224600
434420
646140
856000
1065940
1275980
175220
384660
593964
804580
1014800
1223680
123080
333320
543460
756180
965520
1175920
74900
284975
494060
705640
916360
1125458
24540
233540
443340
654020
864780
1076420
1286420
186540
395920
605790
815480
1025240
1235140
134180
345300
555120
765460
975620
1185160
84580
295060
507960
717940
927260
1137720
36900
247100
456480
666460
875780
1085460
1295360
194320
403940
614480
824120
1034720
1245100
144740
356500
565920
776500
986380
1196340
95800
281040
493100
703100
913980
1123960
23800
233020
442500
651420
861880
1071960
1282420
181920
391100
602960
813200
1023680
1233420
133060
343320
552940
763080
973920
1183880
83280
293880
503320
713080
923200
1133340
32900
243360
453500
663660
873540
1083740
1294980
194260
403940
613380
823420
1033035
1242920
142580
351840
561240
770260
979240
1189122
83340
294920
505320
715080
925280
1133900
32800
242560
451780
661900
872120
1080320
1290220
191180
400900
611560
821360
1030680
1239980
138480
347640
557120
766480
975760
1186640
86020
295000
505780
715620
926000
1135940
34160
242820
452500
662340
871840
1082260
1292460
190820
400200
609300
821360
1031320
1240960
139960
350255
560040
769900
979160
1179840
80540
290460
501040
712200
922300
1132020
30940
240960
450962
659600
869200
1079280
1288040
187160
397000
606220
816740
1026620
1235280
134680
344120
553400
762320
974260
1184340
83960
293440
502860
711960
923000
1132980
31940
241120
451120
660740
869400
1079380
1288920
187080
396220
605900
815300
1024640
1234120
132800
342260
551640
760800
982260
1192980
92500
303240
512960
721800
931080
1141200
40220
249860
459100
670920
881120
1090820
1299980
198600
409100
618220
828320
1037460
1246860
146100
355740
565560
774520
984420
1193860
92820
302500
513160
722780
931760
1141300
39764
249380
458620
668380
878940
1088280
1297380
194700
403640
613878
822180
1031820
1241020
139480
349140
558840
767140
978487
1187980
89480
299440
508020
717740
927800
1137600
37280
246840
455700
665240
875200
1085300
1294520
193660
403420
612960
822900
1033500
1244200
143100
352540
562840
772820
982940
1192900
92340
301460
511367
720160
930441
1139320
38380
247260
457860
667420
876940
1085960
1296320
195804
405960
615420
826040
1034960
1245060
144340
354480
567700
779400
989360
1198700
97320
307420
517560
727280
936880
1146620
45720
256340
465840
676120
885697
1094720
1304880
203820
413040
622880
833200
1042700
1253035
152800
363060
572560
782540
993140
1203100
102140
311458
521580
731080
940660
1150500
49140
259200
469580
679100
888240
1097720
1307860
206400
415436
625340
835940
1045500
1256000
154600
355240
566580
778760
990420
1201500
100720
310660
520740
730700
941020
1151253
50560
260600
470680
680340
890680
1100500
720
210500
420360
631000
841520
1050500
1260660
160500
370140
580460
790000
999720
1209440
108140
317660
526740
735520
945720
1155240
54080
264100
473700
682980
892980
1103060
2480
212320
421940
631780
840780
1050560
1260040
188841
403140
614500
824480
1034560
1243700
142560
352940
562920
773200
983122
1195380
95880
305700
515840
725460
935200
1144840
44140
253580
463260
672500
882360
1093060
1302880
202000
412840
622360
832160
1042420
1252020
150800
360240
569880
779351
989040
1198860
98420
309320
519000
728340
938400
1148280
46840
256200
465800
675600
885700
1096540
1252000
152140
361860
570720
780180
990260
1200560
100620
309940
519160
729360
938540
1148740
47580
257020
466920
676340
885040
1094900
1304680
202780
412140
621961
832260
1042180
1251020
150260
361400
572540
782780
991720
1201200
99660
309820
520340
730120
940700
1150360
49940
259260
468940
680180
889540
1099040
1309280
208280
419320
629180
839220
1054700
1267620
167820
377840
587860
798540
1009360
1219420
118660
328020
538600
748480
958420
1168220
66360
276020
485362
695060
904340
1113960
13223
222900
432960
641800
850920
1060570
1270780
170500
379880
589540
798160
1006689
1216340
114700
323340
533400
742840
952820
1162240
61513
270400
479620
689260
899200
1108560
7680
217140
427120
636520
840160
1051020
1260540
161920
372518
582460
792980
1004140
1214240
113380
323300
532420
742640
951638
1161565
59900
270100
480020
689316
898720
1109220
7680
217380
426200
636140
845740
1055900
1265280
164940
374820
584960
794600
1004820
1215160
114660
324320
534560
744020
954900
1165040
64800
274000
483460
692480
902460
1112400
11420
221560
430740
642020
853760
1064800
1275520
175247
384600
593880
803860
1013660
1223760
122655
332600
541380
750800
960540
1171260
70660
280280
489540
699380
909400
1119860
20000
229535
439202
648880
858280
1068480
1277940
176920
386420
595800
805480
1014380
1223920
123340
335178
545560
755240
964560
1173449
73000
282380
491240
701060
910900
1120720
19200
229080
426880
636960
848100
1057660
1267180
166920
376620
585560
795700
1004200
1213840
112300
322020
532260
741920
951040
1160140
58740
268400
477320
686760
896580
1105680
4100
213120
422841
632960
842540
1051740
1260420
158900
368240
577380
787080
996680
1206720
105320
314580
523880
733640
943500
1153000
50820
260860
470640
680080
889640
1098940
1307060
219420
431062
640720
849400
1058820
1269140
167580
377780
586540
795600
1004740
1214242
112340
322320
533380
742380
951480
1161440
60160
269760
478600
688240
897420
1107180
5920
215720
425398
635520
845280
1054820
1263760
164940
374420
584120
794640
1004218
1213120
111860
321060
530160
740220
949720
1159120
57460
266680
476180
685160
894440
1103600
23240
234200
445200
655260
865640
1075780
1285280
184080
393924
604360
814120
1023334
1232900
131440
341120
551000
760340
969840
1179260
78060
288040
497420
707180
917560
1127480
26040
235620
444880
655280
864000
1073780
1283880
182020
391400
600400
810840
1021020
1231236
130440
339960
549780
758980
968220
1178460
76720
285940
495060
704820
914820
1117900
18740
228280
437600
646960
856740
1067900
1278080
176200
384860
594460
803060
1012820
1221960
120480
330240
540120
749700
959000
1168900
67680
278040
487640
698240
907555
1117380
15820
225480
434540
643484
853700
1062880
1273560
172980
382138
592240
802440
1012280
1224840
124680
334080
544180
753660
963020
1172460
72180
281900
491780
701280
918860
1130320
29060
238400
448500
658140
867700
1077580
1287320
186600
396340
606420
817000
1026880
1235460
134360
343560
553200
762560
971660
1181160
79840
289020
498900
708100
918260
1128120
27840
237300
446220
656340
865735
1075140
1284080
183900
392760
601560
810720
1020540
1230560
130100
339920
550080
759640
969620
1180278
80380
290200
501080
704340
916100
1126975
26300
235940
446200
654780
864860
1075300
1285060
184680
396140
606440
816080
1025640
1235240
133440
342600
553020
762680
972000
1181380
79580
289740
499440
709300
918980
1129000
28240
237460
446420
655840
865180
1073600
1282920
182020
391700
600760
810740
1020880
1230260
128480
337600
547920
758600
968780
1177960
75680
284440
502800
715380
924927
1134660
33900
243490
452440
661540
873660
1083700
1292960
191360
400800
610660
820000
1030360
1240400
138960
348940
558440
767340
977920
1187440
86520
296840
507620
717220
927100
1137080
37180
246920
456580
666380
876080
1086160
1296000
195860
405740
615300
825020
1035020
1244740
144060
353160
562800
771680
980700
1189920
88840
289920
501600
711245
921740
1131020
29280
238260
448100
657380
867140
1075960
1285600
183960
393860
603900
813580
1022080
1230796
130120
339040
549400
759180
968720
1178740
77280
287320
497100
706680
916580
1126000
24780
234760
445240
654700
864320
1073640
1283220
182820
392340
601800
811460
1021060
1231240
130500
339720
549320
758680
968320
1178040
91940
303400
513280
723220
932820
1142140
40400
250060
460900
670280
879260
1088180
1297640
197186
406600
615878
825580
1036220
1246140
145280
354580
564140
772960
982418
1191720
864140
1079780
1293200
193260
405800
617820
828440
1038460
1249900
149740
359640
570420
780140
992820
1202860
102500
312120
522400
733680
944440
1173857
75120
286180
498580
708760
919580
1130540
29500
239893
455320
666240
876660
1088000
1297660
196640
406580
618160
828640
1038940
1248780
147480
357920
567960
777580
989220
1198840
98120
307878
517600
727540
936540
1146360
45680
258020
468480
678480
888502
1098660
1308360
207800
417620
627360
836960
1048640
1259420
159220
370440
581040
790560
989360
1201680
101720
312080
522400
734240
944920
1154600
53400
263780
474260
684295
895320
1105200
4480
214910
425040
635740
848460
1059480
1268940
168620
377940
588540
798680
1008640
1218440
118000
328120
538540
748860
958678
1170480
70140
280440
491340
701700
911860
1121500
21860
232300
442520
652620
862940
1073160
1283640
182400
392860
605860
771900
983320
1193660
93300
303980
514080
724700
935380
1146000
45420
256220
466580
677260
887200
1097100
1307180
207060
420060
630680
839580
1049380
1259800
158240
368460
578180
789140
998940
1208480
108860
319160
529620
739500
949280
1159180
58120
268300
477798
690040
901380
1111240
9920
219520
429260
638280
848460
1058280
1268340
167020
376960
576620
789260
999680
1209580
109020
318198
527100
736815
946600
1156160
57400
267840
478540
688960
898500
1108920
8280
217960
428340
639200
849160
1059540
1269440
168300
378880
589000
798560
1008080
1217880
116500
326340
535180
744340
954240
1163200
61880
274280
485080
694920
905280
1115620
14740
224740
434200
643480
852980
1062300
1271800
171300
362400
572960
783200
992940
1202800
101200
311400
520420
729620
939220
1148000
46400
255540
464860
674560
886900
1097620
1308700
207640
416700
626360
836480
1046500
1256280
155220
365100
574140
783740
992940
1202960
103080
312860
522180
732040
942020
1151840
50500
260160
470280
680560
889760
1099420
1309160
208440
417860
628100
837320
1049680
1259780
164400
375140
585400
795360
1005200
1214600
113680
323920
534240
744560
954000
1163360
63060
273060
482700
693360
903600
1112740
12780
222780
432260
643460
853520
1063460
1273333
172680
382660
592360
802820
1012360
1223686
122480
332540
541920
754100
964320
1175140
75120
284960
493660
703020
912380
1122480
20960
230460
440360
649560
859060
1069165
1259920
160960
371140
581300
792120
1002120
1212020
111120
321220
530940
740420
949940
1160180
59340
269480
479240
688780
898180
1107460
6140
215820
424920
634400
843520
1052520
1262060
163540
373900
583580
793840
1003280
1213200
112200
321800
531840
742160
952220
1161520
61460
271580
481660
691340
901100
1110000
9480
218760
428680
638400
848620
1062380
1272820
171720
381938
592020
801220
1011440
1221200
120540
329700
539480
748780
958280
1168160
66880
276380
485840
695400
904800
1114400
13600
223840
433860
646200
857160
1067760
1277360
176240
385500
594780
804740
1014980
1225280
124500
334760
545660
755460
965680
1174800
72720
282380
492080
701700
911180
1121280
20440
230295
439860
649425
846220
1058100
1267980
167420
377440
587040
797020
1007020
1217160
116520
326520
536100
746060
956080
1166660
65200
274300
484200
694000
903960
1113398
12720
222560
431640
641740
852900
1062400
1272360
171140
381000
590040
799340
1008980
1218300
118200
327860
536520
745320
955280
1165460
65300
274440
483260
693020
902080
1111580
10420
220280
429760
648580
859440
1068920
1279420
178700
388220
597900
807820
1018020
1227300
125980
336020
545740
756080
965760
1175200
74700
286000
495060
705700
915900
1125640
24460
234300
444000
653080
862980
1072082
1281540
180480
390020
599540
809300
1018820
1230660
130620
340140
549580
759120
968920
1177760
76660
285900
495660
705040
915000
1124620
23800
232960
431700
643300
853080
1062540
1272360
172040
381300
590960
800020
1010280
1219476
118880
328440
538020
748200
958180
1168580
67820
277640
486740
696900
907020
1117380
16500
226300
435740
646520
856920
1066940
1276540
175160
384780
593980
803980
1014340
1223200
123020
332900
542420
752260
961360
1170840
70000
278320
488940
698820
909080
1119360
18340
236600
450780
661260
871300
1081660
1290700
190160
399520
609940
819640
1029218
1239140
138080
347640
557880
767200
976460
1186180
85000
295660
506300
716740
926520
1136880
36440
245840
455740
665260
875280
1085720
1295660
195300
405300
616140
826340
1037540
1247320
146740
357000
566660
777080
986840
1196460
95560
305420
515480
726260
935460
1145040
53940
268020
479300
689860
899320
1109840
9280
219320
428440
638600
849560
1058940
1269240
168280
378240
588120
797800
1007720
1216940
116420
325640
536000
745300
955240
1165040
64180
276020
486478
696620
906580
1116300
15680
225700
435800
646080
855720
1066260
1276040
175600
385960
595920
804420
1014180
1222960
122020
331740
541540
750800
960620
1132500
66180
278560
488920
698880
908440
1117920
17120
226820
437140
648400
858960
1069640
1279600
177740
387420
597500
807360
1017320
1227360
126860
336160
546440
756300
966640
1176500
75740
286200
496920
707060
916640
1127280
25955
235820
446240
657440
867280
1076800
1287360
186860
396340
606940
817520
1027420
1237080
136380
346400
555720
765380
918220
1129260
27900
237600
447600
657200
867020
1077040
1287080
185580
396940
607380
817500
1026940
1237120
136680
346600
556640
766940
977340
1187220
86940
296980
506340
715920
926680
1137120
36040
245560
454840
664500
874580
1084300
1294300
192960
403620
613160
823060
1031940
1241920
140120
350860
561180
771200
980740
1189480
88940
297980
506694
721620
932300
1142320
41300
251320
461780
671140
881300
1090620
1300418
199880
409600
619420
829280
1039340
1248960
147780
357340
566140
775760
985380
1194780
93440
303100
513440
723680
933000
1143120
42060
252260
461500
671080
881020
1090720
1300500
198720
408456
617660
827940
1038020
1249324
148640
358400
568440
777160
987960
1198140
96980
306900
506680
717740
928340
1137840
35840
246460
456720
666500
875740
1086300
1295900
195260
404780
614400
824120
1033300
1242040
140400
350040
559680
770340
979100
1188320
87801
296820
506600
716360
925680
1135360
34020
243160
452260
662160
871980
1081900
1291800
190720
400500
610640
819580
1029420
1238860
136960
347740
557300
766980
977340
1187734
88220
310300
520800
730720
940520
1150640
50200
259900
469700
679680
889960
1100120
1309840
208375
418140
628740
838660
1049780
1259420
159360
369620
579660
789000
1000200
1210820
110080
320540
531420
741280
952060
1162240
62480
271880
480800
690540
900240
1109520
8200
217300
427300
636520
845481
1056060
1266720
165800
375640
585260
795220
1005164
1215500
92840
303960
513860
723900
933900
1143960
42940
251940
461800
672500
882800
1092980
1306220
206080
416140
626520
837200
1047340
1257380
156700
367260
577340
787420
996820
1206580
105520
315060
525480
735080
944560
1154980
53615
263500
473580
682960
892860
1102500
1940
210560
420260
630620
840660
1050260
1260140
159860
368900
579420
789920
1000080
1208300
108320
319060
529240
738900
949680
1160080
58920
268140
477800
687560
897300
1107160
6260
216460
425680
635480
843980
1054020
1264220
163560
373400
583520
793140
1003400
1213540
112200
322678
533100
744040
954000
1163220
61940
270980
480180
690200
900560
1109880
8660
219120
429700
638340
848140
1057180
1267000
166380
375680
585640
794140
993580
1204100
103540
312700
523020
732920
943440
1153924
53740
263560
473780
683500
893380
1103220
1520
211040
420500
630280
839840
1049660
1259500
158600
368240
578180
788200
997800
1208580
108080
317860
528040
737940
950460
1159420
58020
266880
476740
687220
897680
1107660
6320
216880
427240
638120
848240
1057820
1267900
167300
377440
587980
796300
1007880
1217880
117240
327060
537390
748220
958780
1168380
67138
276280
486580
695640
905320
1115240
14220
224440
434500
644160
853940
1063310
1273060
172400
382740
592940
803020
1013540
1224080
122700
332740
541674
752200
962840
1172320
70900
280802
490580
699620
909300
1119020
16940
226600
436840
646040
855238
1064120
1274740
173820
384480
581280
792740
1002700
1212620
111960
322560
532340
742180
951700
1160760
59800
269380
478600
687880
896700
1106080
4460
213480
422520
631980
841680
1051400
1260420
157880
367880
577640
786760
996660
1205815
105484
315382
525160
734720
945000
1155860
54804
264220
473820
683340
892420
1101720
1310500
209340
418780
628220
837640
1047080
1257880
966180
1182260
84780
295760
506920
716760
927560
1138060
39040
250020
459900
670220
879820
1091420
1301320
200180
409700
619760
831560
1042100
1251300
151360
360480
571660
781440
992320
1202560
102420
312860
527120
737220
946800
1157440
57080
267220
476742
689200
898820
1109000
8540
217760
427580
637800
847820
1060340
1270418
177020
388300
598820
808729
1018220
1228100
127140
339180
549240
759320
968680
1179440
77700
288180
498380
708480
919760
1131420
30948
240160
450720
660300
869860
1078980
1289180
188608
399300
609300
821900
1032300
1242260
140680
349980
559720
769440
979220
1189700
88540
298720
509600
718860
930920
1140780
39140
248560
458000
667900
877320
1086820
1272380
173700
383480
594180
804260
1013480
1225180
124160
333940
543500
752680
963460
1173040
72060
281520
490800
701080
910540
1119880
19000
228560
438500
651120
860820
1070320
1279780
178620
388220
598100
807820
1017680
1227720
126700
336300
545580
756320
966000
1175840
75400
285340
496840
706700
916340
1126160
24660
235340
445320
654460
863900
1075140
1286660
186400
396020
606000
816205
1026580
1235860
134540
344180
554040
766520
976520
1186100
84760
294040
502900
712180
922260
1131460
30600
239580
448940
658300
867940
1076700
1285980
184500
394260
603560
812580
1021580
1230998
131960
343020
552820
762700
972160
1182080
81200
291100
501120
710960
920340
1129960
28520
237340
447200
655820
860400
1070660
1280180
178520
387780
597760
807960
1018120
1228040
127100
338620
548060
758040
968060
1177380
76160
285700
494880
704820
914402
1124440
24220
234020
444420
654340
863680
1073900
1283440
182160
391100
599980
809220
1019560
1229180
128080
337880
546540
756200
967854
1178420
77520
287320
496980
707961
917200
1126580
26960
236660
446900
660680
873200
1082980
1293200
192100
402120
611120
820380
1030080
1240740
139400
349280
559080
768200
977900
1188480
88920
298780
508600
718460
927760
1138980
38350
249360
459620
669320
879080
1089200
1298680
199420
408920
618980
828520
1037640
1247640
146520
355940
565620
775520
985220
1195180
94560
303800
514000
723640
934440
1144560
43280
252980
450900
662360
872880
1082320
1292140
190640
400460
611200
823500
1035340
1245360
144800
354600
565000
774120
983560
1193740
92460
301660
511260
720780
930600
1140040
38800
247880
458160
667876
877880
1087160
1297260
195960
405800
614560
824520
1033940
1243300
142840
351620
561960
771840
980860
1189820
89300
298440
507820
717100
925920
1135600
34900
253120
464720
674920
885220
1095380
1305380
203920
412460
621940
832200
1042140
1251840
151660
362100
572640
783020
992880
1201860
101320
311200
521460
730300
940240
1150260
49400
259760
468360
677440
887300
1096120
1306100
205080
415250
624780
835200
1045200
1255840
154960
364860
574000
782980
992280
1201200
101060
310560
519860
731600
941360
1151560
38740
249100
458720
667820
878900
1089540
1300220
199120
408820
618960
829440
1039520
1249280
148740
358020
568260
778060
987520
1197220
97100
306620
515740
725640
935720
1145600
44040
254000
463500
672800
881920
1091900
1301700
200380
409940
619420
828180
1037458
1246940
146160
355680
565300
774660
984060
1194500
94140
304080
514540
724400
936720
1154300
55380
265620
475080
685240
894420
1104400
4000
213220
424160
633200
843120
1053180
1262940
161420
370940
580680
791020
1000860
1210778
109660
319940
529820
739120
949000
1159040
58900
268920
478700
688240
898100
1107600
5880
215460
424260
632920
842680
1051740
1261060
160604
370120
579140
788640
998020
1207340
106640
316060
524900
733500
938000
1148760
48093
258440
468100
677440
887340
1097540
1309860
209600
419160
629300
838480
1048800
1258400
158020
367040
576300
785860
995020
1204980
104000
314047
523860
733420
942920
1152760
51620
260520
470100
680380
889520
1099580
1308840
207480
418760
629560
839320
1048840
1258480
158260
368080
577820
788760
999520
1209800
108640
319597
529640
742320
954140
1164280
64720
274760
484360
694400
905340
1115362
14940
224700
435100
644200
853660
1063380
1273122
171942
381680
591480
802940
1012640
1222620
121260
332440
545540
755120
965600
1176100
75560
285100
494920
705260
915480
1125280
24220
234900
445320
656660
866840
1077480
1287980
186680
396420
606360
815920
1025600
1236180
136220
346500
526920
738320
949720
1161140
59920
268720
479015
689300
897540
1107000
5760
215240
424320
633880
844700
1054200
1263620
162620
372280
581980
792240
1002440
1212780
111900
321720
532000
741500
951020
1160780
58880
268882
478480
688200
897400
1107284
5418
214440
424040
634260
844320
1054700
1264280
163940
374340
584680
794420
1004760
1214920
114156
326640
540140
750180
960160
1169560
68760
278920
487480
697540
906820
1117380
16540
225500
435160
644660
854180
1063620
1273540
172720
382020
590780
800220
1010280
1218820
117100
326200
535460
745320
954440
1163720
62640
272240
482120
691540
901540
1111220
9720
218520
428120
637636
848060
1057760
1267740
167300
376760
586580
795940
1004740
1215120
115602
326640
536940
747980
958480
1168120
67500
277180
486800
696260
906100
1115820
14920
225060
435480
645900
855580
1065300
1276200
175540
385580
595240
805100
1013860
1224740
123980
333860
543800
753420
962660
1172720
71680
281380
493680
702898
911620
1120800
19420
228580
438413
647534
855740
1064960
1275180
174260
384120
593200
802320
1011520
1261920
166160
377860
588300
799260
1010260
1221520
120758
331460
541400
751247
961380
1170580
69660
279720
488860
698480
908554
1118620
17780
227020
437740
646600
856360
1065380
1274340
173160
382040
591300
801300
1010420
1221120
120160
329320
539140
747760
957620
1167757
67200
276560
486204
695580
906040
1117200
16760
227000
437620
647400
856700
1014260
1225660
125960
335700
545020
754440
964820
1174040
73100
283680
493780
704620
914600
1123360
21440
231100
440700
649480
859860
1069720
1279320
178160
387860
597920
808500
1018162
1228360
127420
340620
550600
760740
970160
1179420
78780
288500
498040
708300
917880
1128040
26560
236220
445720
655380
865100
1075140
1285980
185380
395160
605280
817260
1028380
1238860
137380
346680
556180
766000
975600
1184800
83160
293060
503100
711415
921640
1130160
28040
237720
447520
657280
867140
1076860
1287180
186060
395940
605800
815240
1025660
1235040
133520
342560
552000
761510
971900
1181360
79940
289900
500500
710280
919980
1129140
27820
237940
447160
657320
867878
1078260
1288903
187780
397240
601900
813380
1023260
1233500
132840
342240
551560
762220
972120
1181640
81540
291540
501560
711660
921220
1131680
30360
240020
449920
660180
869920
1079940
1289580
188280
397640
607460
817040
1026900
1236900
135580
346320
556780
766800
976860
1186440
87560
297640
507640
717280
926720
1136124
35200
243660
454060
662980
872760
1083158
1293000
191880
405240
617160
827600
1037120
1246140
145580
355780
564836
774560
984920
1194380
94300
304340
513900
723760
933300
1143180
42080
251020
460400
669240
878480
1088240
1297840
196740
406320
615840
825840
1035740
1244880
143400
354180
563760
773380
982800
1193120
92260
301480
510620
720880
930020
1140000
39100
249900
460220
670180
879920
1090440
1300180
189720
400700
610980
820640
1029994
1240348
139040
349060
559660
770140
980960
1190660
90916
300700
510802
720400
930180
1139460
39140
248420
458700
669020
879700
1089820
1299200
198620
408680
619100
829300
1039310
1249980
149840
361000
571960
782080
992560
1202360
100800
310480
520260
729600
939042
1149520
48400
258300
469000
678720
888500
1098100
1300120
201300
411860
621540
832060
1043520
1253640
152860
363320
573240
783380
993760
1203680
102680
312100
521420
731700
941440
1152320
52300
262680
472720
682380
891860
1101193
80
209556
419420
629740
839760
1049680
1258900
157880
367020
576000
786826
997160
1207340
106260
316100
526160
736740
946580
1156540
54880
264820
474800
684320
894680
1088960
1299640
199580
408320
618160
827380
1036380
1245920
145220
354600
564800
775060
986280
1196680
96540
306420
516460
727040
936380
1145820
44820
254820
464820
674800
884580
1095000
1304540
203580
412920
622460
831760
1040600
1251060
150520
359680
569820
779360
989460
1199400
99200
308560
518360
728500
938720
1147640
46840
256140
465920
675660
890420
1102220
2000
211400
420620
630800
840260
1049200
1258700
157360
366620
575840
785580
995440
1205100
103720
313420
522980
732780
942480
1152400
50740
1044120
1261636
164980
376920
588860
799460
1009620
1220280
121980
331640
540880
750420
960640
1172120
72300
282080
492960
701940
913080
1122920
22300
232780
442300
675160
888400
1098860
1309140
208720
418400
632180
842380
1052300
1261820
161420
371620
582212
793660
1003860
1213560
112740
322420
531980
741560
950520
1163240
63340
273640
483620
693800
903980
1113520
12440
222455
434580
644580
854180
1063420
1273280
172480
382960
592260
801900
1011640
1222980
122800
332100
541800
751300
960700
1170720
69520
278740
478260
689860
902180
1112500
12320
221920
432260
641780
851640
1061440
1270062
169140
378440
588140
797640
1008700
1218060
117360
326620
536900
747720
957080
1166860
65380
274800
484820
693800
903500
1113360
15520
225400
435260
644400
853660
1063760
1273260
171720
380640
589920
799160
1009380
1219220
118020
328000
537520
749900
959680
1169310
68480
264120
475300
684900
894440
1103540
2620
212500
422140
631620
841360
1051720
1261540
160720
370360
582540
791640
1001280
1210620
109660
319300
529020
738680
947820
1157420
55900
264800
474560
684280
894320
1102960
1520
210460
419700
628600
840240
1049920
1260340
159442
369180
579560
788440
998320
1207600
106560
315980
525860
735380
945720
1155940
66920
278720
488905
698680
908080
1118197
16840
229340
438600
648807
859000
1068280
1278400
176660
386160
595180
804740
1013880
1223980
123120
331520
541660
750540
960080
1170580
69420
277540
487480
697558
906720
1115400
14340
223420
435320
645020
854520
1064700
1274640
173580
382840
591620
801060
1010540
1220320
119180
328880
538440
747440
956460
1161480
61640
272120
480760
689760
899000
1107800
7580
217540
427400
636900
846000
1059020
1269220
170020
380580
590280
799160
1008840
1218760
117800
328040
538460
748000
956820
1166845
66127
275140
484820
694460
903700
1113300
13040
222920
432455
642320
852240
1061780
1271960
170840
379520
588758
797300
1006960
1219308
118160
327760
538040
747120
964020
1175960
75920
286160
495960
704940
913920
1123080
22020
230680
440160
649660
859040
1069040
1278060
176961
386820
596680
806660
1015940
1225140
124180
334320
544080
754400
964460
1175380
73580
283140
492620
702340
914760
1124700
23860
233520
442760
652020
860520
1069940
1278940
177220
385940
595580
804300
1013380
1222360
120320
330740
540060
747500
958900
1168940
69100
279020
489300
700020
910300
1120500
20180
231980
442820
653400
863900
1074300
1284660
184120
394460
605100
814280
1024020
1233940
132500
344920
554680
763680
972880
1181340
79960
290040
500260
710540
920320
1129980
29127
238140
448180
658100
867560
1076980
1286040
186020
396100
607060
818180
1027840
1238340
137980
346658
554960
767080
976220
1186700
86100
295940
505900
716100
925700
1135400
34180
244780
454660
665580
875440
1085680
1296300
194980
404300
614220
826780
1036260
1246020
145040
354460
564180
773734
983980
1193360
92060
302600
512140
722820
932260
1142000
41340
251060
459840
669158
878598
1088280
1297680
196340
405920
615900
825218
1035640
1245420
144400
338480
550940
760120
970180
1180660
79820
289420
499420
709340
919520
1130060
29420
238720
448300
657700
868060
1078300
1288420
187060
396449
605100
814920
1026200
1236940
135500
345400
554880
764120
973280
1183520
82482
291940
501320
710880
920340
1130800
30600
240060
449840
658500
868420
1078500
1287800
186740
396260
606420
816000
1026280
1236040
138120
349620
559580
769200
978720
1188620
87780
297380
507300
717020
926440
1135300
33680
243180
452440
661980
871560
1081000
1290280
189160
398360
606860
816180
1024500
1234320
133800
343560
554040
763180
972620
1182460
84520
294960
504480
714440
924400
1134860
33360
243700
452500
663000
873320
1083440
1293860
193220
402780
614040
824260
1034320
1234800
135200
345400
555200
765780
976700
1187680
87200
296540
506660
716700
926840
1136860
35620
245440
455900
664800
874480
1083620
1293620
192920
402920
613120
822960
1032700
1243520
143560
351880
561720
771240
980260
1189540
87820
298000
506940
717080
926481
1135960
34580
243660
453180
663180
873260
1083098
1292360
191520
401720
613540
823880
1036820
1248360
147980
358060
569060
780020
990200
1200420
99860
309640
519360
729080
938920
1149240
48620
258660
468640
678760
889140
1098660
1308740
208220
418300
628180
837900
1048780
1258660
156900
366360
576600
787740
997100
1206460
105780
314940
523440
732800
941960
1151160
50120
259300
468080
677700
887540
1097020
1306780
205800
415380
625495
822360
1032440
1241680
140880
351180
560240
769880
979880
1190160
89000
297660
507120
716482
925720
1135820
35160
244840
454880
664000
873960
1083560
1293600
192600
404060
614300
823740
1032540
1241700
141400
351880
560900
770020
979260
1189380
87860
298095
507340
717200
926600
1135920
34440
243920
453460
663340
873080
1083049
1292280
190680
400520
624020
836160
1046560
1256720
155640
365220
574800
783920
993420
1202920
102380
312400
522460
732060
941000
1151060
50560
260680
470960
680680
890420
1099660
1309940
209720
418940
629460
839520
1049160
1258940
157780
366900
577220
788080
997880
1207960
107900
317840
527460
737120
947260
1157040
54860
264160
474220
683940
893820
1103700
2800
211600
408280
618460
828500
1038120
1247760
146880
356900
569060
778640
988660
1197960
96460
306360
516280
726440
935500
1146040
45180
254880
465040
674760
885320
1095640
1305800
205440
415400
625520
835220
1045440
1255240
154240
363960
573500
782580
991540
1199940
98500
308900
518800
728180
937260
1145820
44580
253100
463560
673500
883740
1093420
1302788
206960
419900
629420
840100
1049920
1259840
158980
368460
578580
788540
998280
1208455
107780
317300
527940
738220
947600
1157880
56580
265940
475760
685000
894300
1104360
3160
212680
422500
632540
842740
1051860
1261680
160860
370615
581040
790620
999920
1209160
108600
318780
528560
738120
948120
1157080
57340
267020
476500
686760
896680
1106560
1305480
206120
417820
628300
838020
1047380
1257220
157140
367220
578100
788340
999000
1208740
107840
317560
527960
739040
949200
1158120
57520
267000
477200
686880
897060
1106480
5060
213880
422800
632660
842860
1052960
1262300
161860
370360
580080
790160
999720
1209100
107660
317340
526320
735720
945460
1155500
55700
265440
475360
684500
894160
1142380
46260
257480
468100
678480
888080
1098420
1309000
208500
417920
627880
837760
1047280
1256560
155420
365040
575040
784400
994240
1203440
103160
313260
522280
732240
942500
1151920
50920
261800
471680
681580
891240
1101360
1310500
209120
418520
628375
838740
1049020
1259220
158780
368680
578240
787320
996360
1206220
104340
313300
523080
732400
892080
1102780
1440
210660
420320
630060
840038
1050160
1259460
160180
370180
580080
790000
1000040
1209720
108500
318580
527900
737300
946840
1155940
55780
265760
475980
685480
894740
1105080
4060
214240
423560
632720
841940
1051680
1261420
161364
370900
580020
789840
1000160
1208840
107680
317480
526740
736800
945600
1155980
54980
265500
476460
694200
905480
1116200
14900
224900
434820
644080
854300
1064000
1273880
173720
383200
593340
803480
1012720
1222620
120920
330420
540360
749960
961020
1171380
70480
280120
489340
698560
908900
1118700
16640
226300
436300
646920
857520
1068580
1278580
177220
387540
597360
808120
1017580
1227400
126300
335140
544680
753880
963680
1174280
73280
281920
480340
692260
903600
1114160
13600
223700
433620
643460
853400
1063480
1274020
173260
383120
593860
804140
1014300
1223980
123260
333320
543140
752780
963940
1174600
73780
283320
493980
705020
915820
1128460
27800
237560
447020
656020
865220
1074740
1283380
182580
393540
603320
813600
1023880
1234280
133020
342520
552340
761920
971400
1180940
80360
280720
492200
702460
912440
1123160
22220
231260
441940
652020
861800
1071840
1282040
181160
391320
601580
812600
1022580
1231780
131280
340600
550360
760300
970758
1180280
79780
289900
500140
709840
919900
1129400
28720
239200
449180
659160
869520
1079280
1288180
187440
396440
606600
816980
1028240
1239160
138640
348220
558700
768660
978380
1187444
65320
276840
487100
696580
907060
1116860
15640
225558
435880
645220
855040
1064600
1274320
172740
382360
591780
801318
1010920
1220900
119720
329080
538740
747660
956480
1166560
64700
274720
484720
694220
903420
1112380
11180
220380
430720
639020
848660
1057580
1266720
165060
374960
585140
795460
1005254
1214880
936180
1172520
78460
290360
501820
712360
922140
1132080
34518
244980
454840
664860
875520
1087300
1296860
196360
406820
616580
828880
1039200
1249220
148820
358420
569120
779040
988324
1198260
97420
306940
522220
733700
942740
1152800
50980
261160
471260
683460
894400
1103760
2820
212540
421820
631820
841580
1053580
1263180
162040
371860
581320
790882
970100
1181380
81400
292820
502540
712060
921940
1131920
30700
240400
450260
659660
869020
1081380
1292100
191740
401080
611000
820480
1031380
1241680
141200
350600
560460
773160
983420
1193140
91860
300658
509840
719200
929340
1138720
38540
247940
457900
667540
878860
1089060
1299120
199420
408840
618200
828120
1037760
1247760
146840
356440
566520
755360
967940
1179840
78980
289000
499140
709140
918680
1128540
27960
236900
445880
655520
865180
1074360
1284460
182920
394060
605900
815700
1024540
1234480
133320
343540
553780
764420
974100
1183620
82040
291280
500160
709880
918100
1127220
26500
237400
449240
658640
867640
1077440
1286980
185160
394520
603100
812140
1021600
1230880
129320
339360
556840
768680
978620
1189300
88580
299400
508700
720260
929940
1139240
37980
246960
456440
666320
875860
1085820
1295400
194060
403680
612400
821220
1031560
1241815
140280
349380
559320
768440
979260
1189960
90580
300700
510740
720500
929780
1139300
38860
248640
457860
668000
878400
1090260
1299920
199360
409100
618720
828420
1037700
1246960
145720
342460
553845
763200
972600
1182580
81638
293280
503635
713220
922620
1131420
30420
239160
448780
657580
866040
1074840
1285280
183960
393660
603480
813260
1023100
1232340
131660
340900
549660
757980
967360
1176840
75820
285720
495420
706060
917800
1128720
28600
238400
448400
657076
867320
1076540
1286680
185020
394660
605540
815220
1023960
1233780
145420
356900
566840
776820
986840
1197240
96860
306760
516300
725560
935060
1144689
43120
252260
460860
669560
879020
1090800
1299610
199620
409120
618040
827682
1036900
1246200
145100
354580
564620
774480
983960
1193640
92020
301700
511080
721080
929940
1139100
37500
246720
456660
666120
875260
1084580
1294100
192820
401900
611180
821360
1030580
1240680
140340
351320
560760
772160
982820
1192740
91640
300920
510140
718600
926820
1136860
36740
246520
455380
665700
874920
1084660
1294500
192940
402760
612280
822040
1031520
1241220
139540
349740
559160
769160
978900
1188840
87720
297400
506940
717220
927220
1136840
35654
244200
454300
663920
873240
1082700
1292840
194240
403720
613620
822880
1042740
1254420
153960
363720
573420
783320
993080
1203780
102600
312560
522800
732560
941680
1150720
50100
260160
469680
679840
889240
1098920
1308620
208460
417580
627160
837700
1048004
1257800
156820
366700
576620
786940
997020
1206840
105900
315680
524655
734820
944080
1153440
52500
263100
472640
685020
894920
1104960
3420
213880
424140
634060
828260
1040140
1250640
150780
360420
570080
779560
989960
1199340
98020
306757
516578
725780
934740
1143480
43280
252700
462320
671820
881400
1091180
1301000
201160
410780
620040
829540
1039900
1249980
149920
359660
569760
779680
988980
1199120
98110
307640
517480
726720
936480
1146280
45400
254575
463720
673160
884580
1094938
1304220
203300
414000
631480
843900
1054840
1265560
164260
373520
583780
794060
1003540
1213640
113060
323340
533280
743040
953080
1163300
62920
273140
483020
692340
901740
1111500
10720
220680
429900
639640
849260
1057620
1267880
166900
376840
587020
796880
1007540
1217920
116360
325700
535960
744880
953960
1164640
65220
275480
485160
695100
905240
1114900
14880
224860
416380
627120
836600
1046460
1258040
158520
368340
578180
787840
996980
1206460
105480
315020
523960
734406
943720
1153860
52660
262270
472960
682760
892000
1101280
1310640
209460
418300
628020
837180
1046580
1256020
155180
365760
575320
784660
994000
1204140
102820
312320
522200
731420
940660
1150580
50080
260240
470680
680120
890080
1099500
1308860
220640
431980
641780
851280
1061080
1270840
170295
380220
590380
800780
1010520
1220120
119460
329260
538420
748260
958020
1168180
68100
278860
491280
700820
910980
1120000
18060
227500
436600
646198
855920
1065100
1274660
173600
383860
593400
802780
1011380
1220560
119640
329580
539660
749300
959140
1169100
67760
277260
486780
697460
907060
1116160
3200
214960
425020
635700
845000
1055340
1265600
165040
374580
585280
795080
1005180
1214920
114720
324700
534660
745360
955140
1165320
63700
272740
482400
692240
901620
1110640
8920
218080
427520
636760
846660
1057220
1266580
166400
376120
585580
795202
1005180
1214640
114160
324247
534080
744080
953460
1163000
62700
274280
482980
692120
901260
1113620
14060
223524
433420
642920
851980
1060500
1269820
169020
378640
588413
798100
1007680
1217720
116380
326120
535140
744720
953960
1163680
62820
273140
482560
692125
901500
1111600
11138
220600
429680
639500
848980
1058520
1268074
166633
376460
586720
796060
1005640
1215260
114740
324640
534160
744260
954360
1163740
61980
271020
479780
688900
901280
1111640
11180
220774
429600
639484
850120
1059980
1271320
169680
379340
589780
798900
1008700
1219200
119600
330400
541500
750860
960220
1169960
68840
279420
489240
697980
907340
1117540
17280
226700
438620
647320
857360
1066840
1276360
175420
385060
594960
805640
1015180
1224800
122880
333160
541840
751620
961320
1170980
68980
279000
487500
707400
918580
1128960
27120
236780
446420
655900
865100
1074200
1283760
182980
392520
602500
812520
1022520
1232100
131280
341360
550940
761280
971140
1180380
79920
289960
500535
709080
918960
1127920
27340
236580
447240
656520
866460
1076100
1286440
184680
394320
603840
813200
1022840
1232160
130900
340860
551020
761220
970360
1179960
78800
288440
488160
699213
909500
1118840
17100
227280
435940
645280
854320
1063760
1273380
171960
382160
592000
801557
1010040
1219400
117540
326600
535600
745360
955580
1165200
63640
276000
485420
694400
903940
1113360
12340
222940
431940
640940
850700
1059860
1269180
167900
376980
586620
796580
1006720
1216520
115440
325320
534400
743260
952960
1161898
60200
290340
501940
711560
920820
1130460
28760
238680
448320
658320
869300
1079000
1288660
188040
397560
607920
817700
1027660
1237300
136740
345880
555400
764600
974620
1184780
83140
292480
501440
711020
920060
1129780
28242
238240
447260
656160
865880
1076240
1286720
185860
394720
604220
813220
1022800
1232060
131360
341380
552060
760960
971300
1181640
73100
284600
493520
703000
912640
1122320
21820
231680
440760
650500
860800
1071200
1280500
178780
388400
598640
808198
1016840
1226820
124420
334360
543240
752700
961720
1171380
70080
279860
489660
699950
909320
1118580
19940
229520
439042
648720
858800
1068020
1278320
176740
386660
596278
805560
1015700
1225560
124800
334998
545687
755700
965460
1188980
90120
299760
509580
718760
927460
1137080
36420
245620
455460
665780
876460
1086320
1295640
195600
405640
614680
824920
1034580
1244520
143580
353640
563000
773500
983360
1192300
91780
302280
512380
721720
932020
1141880
41720
251400
461100
671120
881960
1092220
1301900
200820
410980
620240
830020
1040060
1250280
149660
359500
568840
778640
1014960
1228960
130357
341480
551340
761640
972060
1182700
83080
293880
504140
713780
923920
1134513
32740
243080
453620
663640
873300
1083400
1294080
193300
402880
611740
822300
1032800
1241740
140700
351420
562920
773640
983200
1194460
93160
303020
512220
722180
931060
1140440
39480
249460
458980
669920
880000
1089260
1298660
197840
408076
618400
776920
990520
1201480
100640
310520
521000
730722
941316
1151540
51000
260040
469920
679700
888495
1098120
1307860
206240
417000
627180
837400
1046620
1256640
155960
366480
576840
787200
996700
1206360
106460
315620
525500
735560
945720
1155540
55400
265820
476160
686300
896900
1106540
5800
214640
424800
635520
845880
1055880
1265840
165720
375600
561540
773640
984000
1193960
93561
303640
513620
723680
934220
1145100
44640
255620
466520
677620
887480
1097520
1307860
207520
417620
627360
836120
1047120
1257160
156460
366300
575860
785813
995840
1205380
104240
315500
525560
735760
944840
1154780
53980
263800
473040
681480
891020
1101780
1600
211560
421720
631500
841080
1050840
1261120
161300
365340
577540
787780
998480
1209620
109020
320540
531120
741360
950540
1160620
59378
269540
480920
691020
901180
1110100
845815
1066280
1279400
181660
392820
604560
814860
1025780
1237200
138860
350040
560180
771040
985060
1196020
96220
305740
516040
728480
938320
1147840
46200
254980
463840
675780
884760
1093820
1302500
150460
361340
576600
786960
996940
1206860
105280
314460
523680
735420
944440
1153240
50740
260000
468980
677860
886740
1098620
1308260
206960
416740
626598
835900
1045500
1255420
154480
366980
576600
787240
996540
1206600
105200
314960
524680
734096
943360
1155760
54340
264220
474360
684020
894160
1103900
3680
213740
423660
633800
845360
1054780
1261520
161500
373120
583220
794020
1003840
1212840
111380
320440
529820
742380
952280
1161960
62060
271260
481200
690560
901238
1111040
9340
218600
429320
638980
848060
1059160
1269900
169800
379280
589480
798640
1008620
1217922
116780
326642
537740
746860
955740
1164860
63480
272820
484120
694080
903920
1113940
13980
223900
434380
643340
852640
1042760
1253378
151580
360180
568900
778400
987760
1197080
95480
306600
516180
725560
934700
1144040
42240
251200
459700
668000
878600
1088640
1297900
196100
406212
615460
824680
1034140
1243620
140840
351120
563440
774320
985420
1195820
93960
303240
512880
722120
930900
1139940
38360
246900
456220
665640
874660
1083282
1292600
191080
400596
610180
838280
1049820
1260140
161540
370840
580200
789260
999240
1208700
108020
317640
527320
737540
947220
1157560
56320
264320
473540
681400
891500
1100940
1310240
209040
418300
627420
836300
1045060
1254680
155740
366580
576440
785700
995380
1205420
104540
314480
524160
733260
943180
1152360
50840
260960
470300
679200
889140
1097660
1307080
204640
413780
638040
849080
1058560
1267920
166540
376440
585320
794480
1006360
1216800
115180
324340
534720
744640
954160
1163520
61600
271360
480698
689580
899360
1109080
8700
218402
428260
638200
846360
1055600
1264920
163940
373400
582260
792240
1002940
1211740
111640
321520
531160
740020
949520
1161240
60220
269420
479320
688642
898860
1108000
6900
217160
421840
632840
842160
1051660
1261780
160100
369920
579600
788680
998837
1208020
106520
316820
526020
734980
944420
1153620
51900
261360
470720
680400
890060
1099940
1309280
207800
418160
628720
839880
1050400
1260640
160060
369700
579180
788260
998020
1207340
106860
316380
525922
735720
944500
1153340
51700
261680
471380
681140
890620
1101120
1310680
221636
433040
643440
854280
1063860
1273240
172300
382340
592260
801500
1011200
1221020
119700
329460
539660
749660
959400
1169600
70020
279960
489776
701200
911158
1120380
19620
229740
439380
649720
860360
1069800
1279900
179140
389600
598520
808400
1018364
1227640
126080
336100
546620
756360
965820
1175473
74900
285000
494200
703420
911960
1120860
4780
215420
425540
635420
846260
1056200
1266200
165720
375640
585420
794980
1004920
1214420
113361
323020
534720
744320
954360
1164400
63480
272300
481840
691380
901300
1111120
11120
221360
432060
642540
851453
1060720
1270500
169160
379160
588620
798880
1008240
1217820
116820
326580
536200
744900
954580
1164260
62560
272420
482080
691480
901500
1116400
17500
226900
436100
645560
855660
1065820
1275180
174960
384920
594480
803600
1012780
1222300
121097
330940
541060
750660
962500
1172340
72320
282680
492040
701440
910480
1120360
18560
227780
438764
648840
858482
1068980
1279540
178800
389320
598740
808740
1018978
1230020
128920
339120
548460
757720
967540
1176380
76440
285120
494620
703680
900840
1111840
10920
220280
429760
639480
849360
1059735
1269000
167660
377560
587160
797220
1006780
1216140
115560
325820
535980
746100
955940
1165880
65000
274760
484760
695020
905400
1115680
17200
227920
437340
647120
856140
1066440
1275560
173940
383160
592780
803660
1013060
1222520
121980
330900
541786
751580
960560
1170340
69640
280020
490320
701200
912911
1123364
23160
232540
441640
650620
859800
1069220
1277720
176640
386680
596780
806820
1017080
1225740
124720
333800
543480
753300
962600
1173000
71240
280520
490280
699600
909100
1118962
17200
226340
436080
646520
856300
1066060
1276020
174770
383760
593700
802840
1012280
1222100
121060
331060
543100
753000
962420
1171000
69700
279600
484120
695140
905440
1115380
14060
223700
432480
641320
850220
1058560
1267140
165320
374680
584420
794960
1004700
1214420
113300
323680
533460
743840
953517
1163240
62060
271880
481520
691340
901420
1111320
9740
219640
429100
639180
849520
1059100
1268780
167760
377400
586980
796840
1006640
1215820
114095
324420
533860
743220
953020
1163420
60962
286480
499040
709340
919720
1129660
28906
238140
447540
657140
866960
1075480
1284640
183340
392900
601700
810840
1021080
1231100
132480
342647
551960
761240
971080
1179980
78600
288220
498220
707600
916480
1125760
24380
232860
442620
651400
861900
1071580
1282020
181120
390580
599980
809540
1019800
1229200
127720
337520
547140
756440
966197
1176640
69380
280480
490040
701100
910520
1119560
17920
227420
437440
647140
857122
1066960
1276540
174700
384380
593740
802340
1011380
1220580
119300
328240
537800
747140
956720
1166780
64460
272920
482220
692420
902640
1112600
11780
220600
430540
639980
849260
1059920
1270060
170360
380780
589580
799042
1008220
1217280
116120
325940
535100
745420
955917
1183800
84880
294860
507240
716760
925880
1136560
36962
1113780
191520
412598
627000
840000
1050800
1261700
540360
756320
968606
1179420
79120
289280
500900
1116800
29922
245560
457620
669240
880260
1091120
1300980
201020
411440
622440
832120
1041420
1251920
152240
362480
572940
783200
993580
1204140
103380
314000
523540
765280
977580
1187500
86680
296740
507300
717300
926780
1137080
35540
244740
454240
663540
872400
1082440
1292180
190680
399860
608670
817920
1026840
1235740
135740
345140
553980
762320
971920
1181700
80680
289340
499220
709880
919160
1128220
26580
236180
446360
655760
865600
1075140
1284220
183460
393040
602940
812060
1020800
1230280
128400
337540
741400
960600
1183060
83280
293040
503220
712440
921180
1131380
30620
241200
450320
660100
869560
1078800
1288060
186840
396420
605340
814420
1022820
1232160
131240
340460
549780
759240
968280
1178780
77240
286800
496840
705760
915520
1125340
24020
233840
442660
651806
861680
1070740
1279800
178760
387360
597100
807240
1016540
1226140
124920
359600
571000
781300
991600
1201480
100260
310460
520840
731340
941560
1151980
51020
260200
469140
679420
889380
1098680
1310060
208240
418400
628805
837040
1045020
1253980
152400
362760
571800
781400
990660
1200280
99400
308880
518340
728180
937640
1147040
46080
255700
464640
673720
883180
1093300
1301860
200660
410175
620260
829460
1038920
1247897
139240
350260
560400
769420
978580
1187680
86200
296600
505620
718629
928140
1138920
38140
247240
456880
666580
875500
1085080
1294380
192720
401420
611380
821580
1031440
1241020
139780
349160
559140
768020
977640
1187440
86680
297020
506620
715780
925120
1135140
34440
243840
454420
663680
873640
1083400
1293440
192760
403740
613260
823720
1033520
1246240
146980
356780
566760
775840
985362
1194820
94360
303740
514060
724280
935000
1144760
43880
254660
464280
673860
884060
1094860
1304280
203140
412400
622960
832140
1040960
1250180
148880
358960
567620
776860
986460
1195880
95020
304140
514920
725220
934140
1144160
43260
252960
462280
672520
882180
1091740
1301820
199880
409700
618620
829220
1026760
1238340
139120
348180
558260
767160
975940
1185980
85160
294400
503660
713140
922580
1132840
31980
241660
452200
662500
873040
1083040
1292838
193380
404340
614960
824580
1034520
1244240
144440
353920
566320
775600
985000
1195020
93560
302760
512260
721740
932320
1142220
40620
250460
459920
669280
879140
1088220
1297460
196920
407120
617440
837400
1050440
1261240
160940
372220
581480
791320
1000640
1210640
110000
319860
530000
739860
950680
1161320
60440
271280
481800
691220
901440
1110040
9300
219300
428560
638000
847260
1056220
1266260
165340
374840
584700
794720
1004620
1215360
115040
325280
535600
744940
955120
1163920
62780
271900
481460
691200
900400
1110620
9200
218498
427922
610240
821400
1032240
1242100
141140
351200
560340
769800
979320
1189440
88940
297900
508280
717840
927120
1135800
34580
244300
454920
664120
874720
1084120
1294260
192840
402540
612240
822340
1031700
1241520
141000
351580
560780
770560
980240
1189460
88480
297640
507580
717260
927220
1136140
35420
245240
454640
588660
807180
1021718
1232660
134780
346380
556860
766920
980880
1190680
89660
299600
509200
721960
932360
1141760
40940
250420
463100
673480
883320
1093160
1302400
204560
414760
624940
835440
1045640
1254800
160000
371240
581060
789980
999240
1209077
107880
320100
529400
738560
948920
1158080
57340
267040
476840
688280
897780
1108200
7820
195320
406180
615580
825400
1035700
1247140
146440
356660
568040
777940
988260
1198420
97460
307720
517040
729580
1071300
1288006
189860
400420
610660
820900
1029960
1239980
138820
347960
560220
769340
979500
1189140
87480
296360
506146
716100
930260
1145880
46500
257060
465860
677680
887720
1097880
1307680
205500
438533
652660
864620
1074780
89000
305400
516520
726860
936015
1148760
101700
316680
528340
739120
949900
1160280
60680
270200
480220
690220
900320
1121220
25060
236640
446680
658820
869900
1080460
1290280
189540
399640
609840
820320
1151740
55700
267120
477940
687960
899040
1109620
9400
219540
570900
787240
998060
1208120
107020
316400
527020
738020
947860
1100760
2200
212300
430520
646100
857060
1067600
1277580
176420
386180
596580
807260
1019740
1230700
131020
464800
679500
890720
1100180
180
210500
420900
630420
839180
1048560
1259180
205140
420880
632880
843640
1053420
1263020
161840
371780
585060
794800
1005280
1239620
143478
354100
563280
773466
983420
1193320
92420
302720
512220
721720
1074620
1287320
187573
398540
609580
819200
1029980
1240400
139480
349340
580120
795400
1008560
1218020
118300
328000
537520
747220
957120
1167320
67060
281800
495640
706380
917260
1127058
26580
237300
448100
658180
984340
1200980
101100
310520
519620
730160
939480
1149282
48378
259300
470740
680940
891780
1198880
104280
315600
526780
674840
885360
1095580
1305240
204760
415720
625620
835520
1075140
1290040
190340
401320
610800
820140
1029040
1238080
137285
347220
557120
778040
992300
1203120
102880
311920
520100
731740
941800
1151100
49600
259000
468480
678320
887340
1095980
1305160
203320
413340
623000
832941
1042300
1250980
149720
358160
567640
776780
985860
1196560
95200
304700
465940
677320
887100
1096620
1305820
204940
414020
623960
833700
1044738
1255140
154600
367480
577440
789100
998820
1265500
172080
383700
593980
805316
1014260
1224100
123600
333682
543220
753080
962060
1171420
69740
278980
613320
830500
1041680
1252300
151740
362415
571500
781558
992020
1202120
100640
313940
528460
739360
950080
1159940
58900
266580
478440
688780
1001040
1216860
119400
330180
540980
750640
961080
1170300
69560
278760
488220
697760
1018660
1234460
136380
346220
556440
767100
976960
1187420
87602
298340
507780
718080
933358
1149600
50740
261880
471980
682460
892380
1102580
1920
210800
420260
633820
847480
1058562
1269000
168440
377780
586760
795660
1005180
1215940
256020
469100
679600
892400
1103180
1640
210760
420160
629460
838340
1084136
1299700
201060
411640
622420
832360
1042740
1253420
152120
363060
573020
782680
997200
1211120
111434
322360
532340
740960
949940
1159700
59480
269280
479040
695360
910440
1121721
22340
232440
442840
652360
861880
1071740
85200
300680
512180
723120
933120
1150900
51397
261620
470880
681640
890740
1100780
93350
309080
520860
730820
940820
1150880
51000
261360
471070
681000
890820
1122940
27800
239060
450480
660740
870900
1080400
1290640
189820
399100
609160
819660
1146580
50980
261820
471840
682100
892080
1101820
400
210120
419840
681100
896140
1106960
6220
215740
424760
634940
844680
941580
1152220
51540
370400
585020
796400
1006680
1217240
116100
326200
536120
746320
956540
1165920
74120
288118
499420
712420
923400
1132800
32480
242680
452480
661940
873180
1087920
1302920
202960
413920
624140
833620
1044060
1254220
153040
469935
685360
897060
1107922
6720
217080
427020
637440
847300
1056980
1266080
164260
372940
704680
923204
1135340
35320
245820
455360
664320
873620
1083200
1293420
192900
403118
737420
950140
1160900
61460
272180
482500
692058
902200
1112140
12140
221720
436460
652020
863520
1072800
1283380
182240
392720
602840
811660
1020840
1230800
130340
342900
553640
763220
972240
1182320
81420
291040
501080
711620
922680
1132800
31240
240620
449800
682120
892600
1101940
820
210642
420400
629660
838720
1049080
1258480
157320
367280
577320
787580
997660
1207000
106020
315620
524820
734400
944340
1154038
52880
262420
472322
681600
891560
1215200
125520
337440
547940
757320
966735
1176820
76540
286400
495700
705480
915360
1124080
22620
231420
440920
649980
859540
1069360
1278660
177400
331040
541980
752980
963560
1173400
72700
282380
491400
700380
909340
1119200
18220
230340
440240
649320
859100
1069320
1278520
177900
387160
596860
805700
1014940
1224960
124600
334060
544740
754760
964380
1173420
72060
281820
491480
701560
911540
1121440
20920
231140
440340
651060
861500
1071429
1281800
180800
390480
600160
809760
1019420
1229400
172280
385800
597580
807958
1018460
1227420
126800
336800
546580
755380
964720
1175100
74420
285600
494640
703740
913680
1123800
23060
232420
442600
652440
862680
1071640
1282020
181680
392160
602260
812140
1147720
50000
260300
469700
679820
890440
1100480
80
210620
421920
631820
852600
1067560
1278740
178660
389320
600820
810460
1020340
1217020
117140
326660
536220
864760
1079500
1291220
191540
402180
611660
821320
1030760
1240320
139260
462712
683720
895000
1104280
4080
213398
422340
631440
841209
1051060
1259900
159140
476200
692140
902640
1113220
12700
223460
433520
643520
853860
1063540
1273680
171840
503320
716880
927020
1136680
35900
245180
454340
663900
872160
1009520
1219740
215000
431720
642640
853380
1063240
1273520
172180
381120
590780
800140
1010260
28041
242118
453100
663360
874140
1084900
1295780
194500
404280
614820
825280
1066338
1282300
182660
392660
602540
812820
1023360
1233280
132720
342680
552620
762480
973160
1182780
81360
289680
499720
708340
917740
1130100
28461
237880
446560
655596
810438
1022100
1233520
131800
341920
551460
761480
972020
1182082
81040
290160
499360
708720
917420
1126800
25600
235340
444140
653764
863420
1073360
1282455
181958
391940
601340
810600
1020260
1229760
129260
338520
547600
757820
965900
1174820
74000
283406
493200
702640
911760
1120980
20540
229780
439060
648260
857180
1066980
1276600
174840
384196
594460
804680
1013720
1224180
123000
332860
542800
752220
962680
1173040
72800
282640
492220
701820
912260
1122160
21360
231520
441000
650360
859740
1067980
1277620
176760
386600
595895
805140
1015200
1225220
123800
333800
543120
752700
962460
1171800
70600
280480
490780
699920
909721
1118620
17680
227500
438160
647280
857040
1067100
1276480
176700
387040
598980
811360
1021380
1231800
130680
340440
549920
759180
969540
1179300
78860
288820
498500
707820
917500
1126680
25480
234500
443520
653380
861920
1070940
1280340
178360
388380
597700
807000
1016740
1228340
132100
343860
552960
762800
971660
1181680
81180
291060
501680
711600
921140
1131080
29340
239700
449120
658900
867560
1077360
1286760
178140
388900
599040
809480
1019100
1228900
128640
337920
548300
757560
967380
1177100
75940
285120
495020
705320
915300
1124900
24860
233760
443560
652560
862240
1071100
1281360
180560
390800
600520
809540
1019800
1229780
129220
338580
548820
758500
968160
1178240
76580
286080
495060
704680
914160
1123900
22940
231620
442340
652060
861494
1070640
1289920
189880
399720
609080
818540
1028200
1238000
136740
346620
555320
765200
974740
1184880
84120
294000
503560
712040
921840
1131600
30740
239460
451880
660920
870700
1080060
1289240
188562
398080
608320
817640
1027440
1235840
133920
343220
551800
760660
969340
1178600
77020
285820
494940
704830
914140
1123740
22580
231980
441400
651180
861160
1074040
1283600
183160
392920
602840
812140
1021720
1231780
130460
339620
549320
759540
969500
1179480
79200
288080
496780
706320
915540
1125340
24750
234340
443160
653780
862920
1072857
1282500
181060
390820
600760
810120
1019680
1228860
128020
338320
547580
757220
967820
1177900
76000
285260
495340
704420
913980
1123682
22520
232900
442260
652020
866440
1076820
1287220
186320
396040
603980
812890
1022900
1232640
132520
341680
551180
760580
970080
1178400
76940
286600
496200
705360
914340
1123600
22600
232100
441682
650760
859620
1068960
1277720
176280
385320
594800
804640
1014180
1223700
121900
332320
541500
751040
961140
684900
901420
1115520
16460
228700
439560
661800
872480
1084800
1294760
193980
403820
613540
825860
1035280
1245820
144860
354240
565460
774900
984340
1193800
92660
303960
513780
723280
932980
1142400
41880
255320
466220
675460
885460
1094900
1304220
203340
415960
626420
836900
1047380
1257400
156040
365340
576020
788080
998200
1208520
107400
317340
526620
736440
945720
1156780
58900
269240
462620
675600
885040
1094660
1303898
202340
411560
620760
832820
1042560
1252560
152220
362280
572500
782882
992900
1202758
102380
312040
523560
733060
943100
1152220
50520
259920
469280
679620
890060
1099940
1309120
208580
418340
630004
839730
1049440
1259660
158720
368480
578960
789320
998600
1208360
107920
317680
527300
736840
949340
1158580
57060
244620
455340
665260
876040
1086580
1296780
195240
404000
614200
823600
1033980
1244177
143220
355320
565280
774180
983340
1192380
91140
300300
509140
718840
927320
1137500
36920
245920
456540
665800
875460
1085260
1295140
196600
405703
616220
825880
1036080
1246040
144860
354040
564060
773640
983460
1192800
91040
300260
510400
720300
930280
1139720
36460
246940
459780
669640
879820
1089440
1299300
197700
406960
616520
826320
1035620
1244640
142940
352280
560800
770080
979380
1188600
88460
298440
507820
717060
926360
1138200
37560
248020
457460
696598
913060
1124960
24814
234260
443820
653380
863460
1072500
1282220
181520
391340
601420
811300
1021620
1231180
130440
466060
678540
888620
1116420
18320
230020
440220
649640
859720
1068660
1278280
176600
481620
696980
907820
1117860
16280
226460
435400
645380
855660
1065720
1274940
174300
512120
726780
937600
1148080
47440
257440
467460
677940
888180
1100820
760
237760
454093
666120
877300
1087260
1296260
196340
406240
617520
827340
1154360
63580
275380
486060
696500
925253
1136980
36680
246800
456880
665660
875640
1205820
109980
321540
532800
743220
953900
1163960
63940
275480
485300
695060
904700
1113820
138220
356860
569100
779620
989780
1199080
98860
309340
519080
728240
1046520
1262320
162840
372980
582500
791680
1002260
1212640
112020
321780
531360
740962
950213
1268400
173840
384560
594660
741318
953040
1163920
62940
275040
485640
694960
904380
1133480
39420
250300
460360
670080
880180
1089980
1299820
199000
408680
617700
827620
1158500
61380
272600
482780
692280
902540
1112720
12380
223280
432940
643180
852860
1062340
1271540
170980
381180
591220
801580
1011600
1221240
120960
331280
541180
751440
961540
1173780
73760
283720
510640
722320
932640
1143000
42860
252620
461940
671960
882200
1092300
1302140
200780
410880
620340
829480
1040120
50360
265760
478920
689440
898598
1108500
7400
216440
426340
636040
845880
1073360
1289143
190080
400640
610600
820860
1030998
1240760
141000
350380
560400
769958
984800
1200162
101260
312840
524840
734880
944322
1154200
52780
279680
491440
817600
1033600
1245280
144740
356320
566200
776540
986640
1195900
95525
410840
625960
837400
1048480
1257460
158500
367740
577800
788720
997920
1207920
106500
316678
621840
837820
1048880
1259280
158680
369020
578640
788940
998200
1208600
106980
316520
657200
872720
1083520
1293160
192356
402380
612940
822580
1032340
1244880
101340
312600
523200
733740
944560
1154200
53940
264162
475200
684980
894680
1104660
3500
225880
441860
652642
862940
1073360
1284060
183580
394840
604780
814160
1024500
97700
315820
528300
739120
949800
1160020
58100
267580
478040
688240
935478
1151120
52340
262420
472000
682640
892920
1102480
1620
212200
420880
631360
841040
1050140
1204920
105245
314720
524500
734340
943820
1153660
53640
262900
474560
685340
894700
1104460
3720
213020
422300
631880
842120
1052160
1262000
160880
369700
579800
789080
998844
1208438
107300
317440
526820
736840
946000
1156820
55300
264280
473660
683060
892160
1101720
1020
210360
419780
629840
840200
1050180
1260360
159640
369620
579320
789040
996100
1207700
107500
317180
526780
736520
946180
1155760
54660
264554
473540
683160
893540
1103460
2200
211060
420260
629220
838340
1047860
1257860
157020
366220
576120
785520
998820
1208320
107695
316500
526080
735920
944990
1154840
54200
264120
473340
683100
892940
1103060
1740
210940
420940
631120
840860
1050440
1260540
160100
370120
580500
788460
1000120
1210380
109260
318920
529140
739100
948840
1158640
57840
266520
475340
683960
893318
1102620
1560
211020
420760
630960
840440
1050840
1260760
160120
369780
579740
790010
1000140
11180
227480
439660
650000
860020
1070440
1281380
180600
390100
599093
808360
1018640
1229060
128100
337960
547320
756900
966780
1176700
75940
285760
495460
722580
935860
1145800
44820
254540
464580
674761
883920
1093880
1303580
202900
412640
621740
830640
1040540
1249820
149320
359640
569140
778860
988020
1197240
96220
305420
515400
725120
935440
1145200
43974
255380
465340
674280
884020
1093040
1302060
200380
409300
618940
829300
1038880
1248200
146940
357180
566820
777400
986680
1195900
94600
305180
537540
747600
957980
1167160
65700
275260
484820
695240
904440
1113740
12780
222160
432100
640760
850960
1060000
1269780
168780
377900
586900
797380
1006180
1215740
114060
323260
532960
742160
951360
1160460
59020
268640
478660
689260
899120
1111620
12180
221820
432320
641800
851560
1061780
1272040
170380
380620
590460
801460
1011000
1221760
140080
353200
562840
772540
982380
1191780
90402
299660
509660
719720
929320
1139340
38820
249080
459360
669000
877500
1087400
1297680
197080
406440
615960
825980
1035780
1245640
144120
353700
563340
773040
983300
1192520
91820
302680
512240
721940
931800
1141060
39760
249160
457420
666960
876660
1086900
1296640
195440
404800
613640
823160
1032660
1304640
207940
419780
629605
839820
1050300
1260260
159560
370020
580140
791100
1001900
1212400
111700
322700
532640
742520
952120
1162580
60780
270840
480080
689940
899860
1110020
9060
219000
427880
636500
846260
1058360
1268340
167660
377380
588700
798460
1008360
1217980
117160
325760
535140
746000
956420
1167480
66520
276200
486760
696580
906900
1070300
1282040
181480
391300
601820
812480
1021880
1231420
129700
339300
548640
758500
968300
1177960
77440
286620
496380
705860
915500
1125560
24360
234580
443920
654500
864420
1073920
1284260
184120
394480
604080
815400
1026620
1237000
136700
346560
557300
766860
977580
1186840
86400
296700
507040
716540
927560
1137420
36940
247500
457880
667580
853860
1064280
1275040
175340
385380
595220
805400
1015840
1225660
125380
334860
544320
753780
963440
1173480
72060
282400
492320
702200
911960
1122000
22340
232020
442260
652900
862120
1071960
1282740
181720
393160
602720
812220
1022320
1232060
131400
341640
551100
764240
974180
1183380
82520
292900
502860
712600
922580
1132420
32000
242440
452440
651980
863540
1074840
1285140
184000
393760
603940
813620
1024300
1233842
132760
342620
552740
763380
973920
1184140
82620
291900
502140
711880
921282
1131600
31480
240840
450280
661040
871382
1082000
1291380
191260
400940
610580
820640
1030500
1240020
138601
348480
558760
768620
978180
1188020
88120
298040
507540
717489
927880
1138540
37620
247580
437240
648540
859100
1069400
1279040
177240
386780
596694
807090
1017900
1227460
126780
336500
546680
757340
967140
1177100
76460
285960
495280
705420
915820
1125980
25140
235602
444860
654820
864620
1074520
1284242
184460
394420
604000
814520
1024420
1234620
134329
344540
555120
764740
974620
1184840
84188
293960
502780
712804
923060
1132580
31000
229360
439760
649760
859500
1068800
1278620
177720
389240
599380
809080
1019200
1229460
128280
337900
548300
758440
968220
1178420
78240
287775
497780
707460
916840
1126900
26560
236340
446480
657160
867500
1077440
1287180
186660
396120
605680
815640
1026040
1236800
136500
347240
556600
767620
977680
1186400
85480
295600
504560
714600
924300
1133760
20940
231360
441000
650620
859560
1068600
1278560
176860
386440
596300
805700
1015780
1225606
125240
335640
545480
754460
964300
1174180
72540
282740
492356
702340
911820
1121940
20980
230600
440500
651238
860440
1071040
1281020
180620
390740
600400
810924
1020140
1230242
129440
339180
549160
758620
968040
1178200
77860
287860
497200
707480
917640
1123820
22920
233660
443180
653200
862980
1071980
1282220
181120
391200
601280
811640
1021500
1231580
130482
341320
551020
761100
971100
1181500
80840
290400
500080
709640
920420
619780
835880
1049400
1261460
162640
372800
583300
793921
1005480
1215556
114520
324040
534210
745860
956520
1167440
65800
274860
486900
696900
915180
1125120
24740
235880
446080
656480
866820
1076440
1285860
189140
399480
610360
819380
1029000
1238700
137876
349860
560560
770180
980000
1189860
87940
297740
507280
719440
928720
1138980
37640
247260
456860
667300
876780
1086460
1298040
196160
406620
616460
826060
1036240
1246520
145680
355360
565500
777200
986520
1196480
94720
304560
514120
717060
928720
1139480
38780
248720
460640
670160
880060
1089160
1298560
198500
408700
619340
828260
1037600
1248260
147240
357400
569260
778280
987880
1198120
98060
307440
517140
726860
935920
1145720
44300
254120
462540
671480
883280
1093520
1302960
201560
410280
619220
830000
1039800
1250500
149000
358620
568200
778040
987480
1197260
96080
307400
499760
710660
919920
1129020
28162
238642
447820
657980
868620
1079560
1289620
189060
398540
608560
818660
1028940
1238900
139780
349440
558962
769100
979604
1190740
89680
299660
509200
719660
929100
1138100
37280
246680
455960
665820
875600
1085320
1295440
195140
407200
617875
828240
1038440
1248060
145780
354500
563340
773080
981680
1190760
90000
290316
501480
711180
921280
1131620
31780
240840
450040
659922
868800
1080420
1290678
189400
399160
608240
818300
1028380
1238240
136900
345900
555380
765440
975148
1185060
83840
293042
501900
711740
920700
1129320
27640
236820
446640
656620
866800
1075440
1286800
185460
395260
604540
813760
1023740
1232858
131300
340660
550720
760600
970440
1179780
83700
295080
505600
714860
923400
1132940
31300
241202
450920
660580
869640
1079300
1289560
188520
399060
610720
820400
1029460
1238460
137360
347320
556620
765820
975600
1185540
84280
293420
504440
714780
924240
1134080
33000
242220
451940
661480
871640
1081260
1291040
189680
399260
610080
820060
1029560
1239120
138960
348020
557420
769560
979378
1184800
84660
294020
503120
712660
921520
1129620
29240
238500
447814
657280
865620
1074720
1283760
182560
391440
600960
809360
1018840
1228260
126680
335700
545860
754960
964860
1175470
74060
283580
492940
703798
913040
1121800
20720
229920
441460
651140
860660
1069940
1279220
178040
387960
596820
806020
1014960
1224120
122280
331480
541020
750562
972520
1184020
83340
293120
502140
711720
920920
1130240
29280
238540
447760
657540
866900
1076820
1286500
185000
394380
603340
812400
1021878
1230640
129620
339320
548980
758640
967660
1178860
78080
287940
497530
707640
918040
1127396
26400
235240
444746
653120
862560
1071320
1282120
180220
389220
598840
808060
1019120
1229420
128540
338360
547900
767220
977960
1188140
86640
296260
506340
715380
924800
1134320
32940
243480
453080
663180
873040
1082500
1292220
192260
401380
611640
822140
1031380
1242400
142080
354120
564060
773340
982740
1192400
90700
299880
509220
719180
928480
1137300
36960
245940
454520
664020
874140
1083980
1293960
192940
402700
612460
822980
1032420
1242800
142364
352480
559640
770080
979460
1189760
88040
298320
508680
718220
928680
1138860
38100
248220
458740
668300
877700
1087360
1297420
196240
406620
615640
825540
1034860
1245540
144600
355220
567600
778120
988460
1198420
97540
306260
515700
724900
935080
1144460
43960
254260
463360
673300
883240
1094640
1304960
203920
413240
622640
832160
1042220
1252460
152540
361020
572200
782300
991660
1201100
99600
308360
517740
726320
936300
1146320
44900
254420
464020
673490
883240
1092760
1302400
201220
410320
619400
828680
1038360
1247046
146700
357460
567600
776640
985660
1195480
95124
303940
513460
722740
935320
1144660
44100
253720
463060
673020
882800
1092340
1302800
201580
410740
620129
829700
1039840
1249620
143340
353680
562980
772280
982320
1191380
89820
299440
509260
719140
929060
1138500
37540
246640
455560
664480
873860
1083400
1292560
191700
401720
610840
820600
1030260
1240080
138180
347660
557120
767160
977393
1186740
85080
294980
504800
713640
923340
1133040
31620
241460
451540
660820
871160
1081360
1290600
189920
399740
609580
819540
1029718
1246040
149540
360780
570720
781340
991520
1201180
100120
309282
519100
728660
939220
1148920
47360
257300
467500
676840
886200
1096780
1306900
207100
416900
626940
836420
1046400
1255800
154760
364620
574780
784220
994100
1203980
103560
312960
522360
731920
940960
1150100
48420
258320
468052
678100
886720
1095100
1305240
203796
413289
623100
833260
1037760
1248380
147560
356940
566118
775100
984220
1193480
92260
302520
511480
721460
930840
1140240
39240
249000
458620
667880
877360
1086440
1296040
194799
404140
613580
823760
1033180
1244740
143300
353100
562380
771920
981820
1191300
90480
300324
510000
719800
930040
1139140
37620
246520
455580
665100
874642
1084069
1293260
192240
402540
612180
828860
1039420
1248440
147318
356220
565660
775300
983877
1192962
91500
301540
510780
719760
928960
1138180
36620
246080
455100
664860
874500
1083740
1292360
190620
399200
607980
817180
1027303
1236600
135620
344800
555080
764240
973860
1183340
81900
291880
500820
710578
920110
1130080
28700
238740
448176
657180
867440
1076720
1286420
184860
394820
615040
825300
1035040
1244274
143200
352900
562360
771960
981660
1190560
91980
301140
511680
721800
931169
1141220
39920
249620
459920
670040
879720
1089020
1298484
196900
405480
614780
824660
1034680
1244920
143580
352600
561940
771500
981260
1190800
90080
299300
509160
719880
929740
1138980
37860
247440
456600
666260
875700
1085760
1294960
193480
413320
623220
833460
1043560
1253620
151680
362020
571820
781560
991000
1200000
99740
309260
519860
729200
938940
1148360
47160
256820
466660
675940
885820
1095522
1306000
204160
414140
623640
832560
1042440
1252500
151360
361200
572020
782820
991980
1201480
99740
309440
518860
728160
937440
1146600
45040
254620
465316
674880
884700
1093780
1304140
205080
415520
625800
835280
1045080
1257080
156700
366320
577169
786820
997340
1207060
106780
315920
525840
735740
945780
1156480
55800
265920
476040
686620
896360
1106620
5100
215160
425440
635460
844840
1055320
1265380
164640
373160
583000
792014
1002280
1211880
111000
320920
530300
740380
950380
1160200
59400
269238
479300
689640
899480
1108540
6880
219180
430200
639620
849100
1059920
1269880
169081
378620
588860
799540
1008720
1218440
118080
328100
538220
747880
957560
1167434
67480
276920
485880
695440
905140
1114160
13380
224140
434700
644820
854700
1064680
1274300
174060
383440
593520
803680
1013080
1222360
121080
331000
539800
749600
959360
1169980
69400
280200
490660
700400
909940
1133980
36880
247700
458520
669580
879320
1089800
1299920
198960
409360
619200
829420
1040980
1251060
150040
359940
569720
779180
989040
1200080
99260
308680
517640
727480
937660
1147760
46760
256060
465500
675940
884980
1095120
1304640
203660
413340
623375
833560
1043760
1253680
152920
361700
571260
780740
990140
1199620
98840
308340
518320
727920
892240
1103360
2640
213720
424180
633280
842640
1052160
1261540
160460
370260
581080
791480
1002080
1211980
110540
320040
528460
738160
947340
1156480
55600
265220
473400
683520
892920
1102360
1460
211060
420300
629980
838760
1049240
1259160
157900
368300
577700
788040
997180
1206760
106620
315740
525400
735840
945140
1154000
53075
262880
471740
683540
895340
1104780
3280
213260
422620
631860
841680
1051520
1261300
160460
370720
580900
791300
1000160
1211140
110560
319540
528620
738060
947520
1157320
56320
266100
475820
685140
895420
1105040
4100
213600
423080
636180
845380
1055340
1265300
164960
375260
584580
794720
1005260
1215640
115420
325300
534020
744060
953780
1163280
62340
272400
475100
685820
896060
1107140
6920
217680
427958
638276
848340
1057420
1267180
165660
375740
585800
794740
1004680
1214860
113580
324080
534180
744540
954600
1165360
64900
273640
483740
693000
903340
1113060
12280
221560
430180
639740
849460
1059140
1269940
168380
376680
586140
795820
1005340
1214160
112440
321880
531540
740980
950020
1160100
58920
267220
478320
687940
896700
1105580
3720
212860
422840
632720
842040
1051120
1260640
159540
369300
579220
788420
997120
1206900
105340
315120
524160
733840
943580
1152920
51100
260757
469340
677660
887260
1096440
1306220
205100
414540
624140
833400
1042380
1251420
150440
359500
569160
779000
989960
1199580
98860
309460
518560
728040
417709
638660
851820
1063640
1274920
176560
387200
596900
806920
1017700
1227240
125520
334940
546400
755820
964740
1174840
73240
285160
497020
705320
915400
1125078
24060
234860
444200
653460
862720
1072480
1282213
185300
395260
605480
815600
1025360
1235880
135920
347300
556840
766120
975960
1186420
86120
296140
505920
718100
928300
1154060
53800
263860
472820
682480
893500
1102680
5120
215520
426360
637060
846940
1056700
1266040
165820
375580
584840
796858
1007080
1216660
115220
324560
534340
744320
954480
1165380
64620
274240
486680
696580
906200
1115500
14700
224060
433960
642940
853160
1062800
1272540
172260
383940
594200
803660
1014600
1223480
123080
332920
542040
751400
963820
1175020
74118
284640
494040
707380
917215
1127220
26020
235380
445140
655180
865440
1074840
1284640
184015
393620
603080
812220
1021960
1231420
132540
343400
552760
763120
973160
1183033
81500
291000
501200
710760
920620
1130680
29680
239620
449340
659300
869300
1080120
1292380
192160
401940
612060
821560
1030820
1240000
138540
347060
556140
745660
956540
1167160
66480
276140
484900
694120
903780
1113760
13200
225260
435380
644917
854840
1063917
1274620
174260
383920
593520
802480
1011960
1221900
120260
329140
538860
748340
958260
1168058
67800
277240
486880
696040
904558
1116020
14900
224600
433780
643700
853360
1062160
1271260
170440
379800
589200
799160
1008500
1218980
117220
326420
538680
750220
960240
1170060
70560
280580
490680
700720
910560
1122940
22440
232760
443380
653520
862940
1071980
1281880
180220
389700
600380
810360
1019960
1229620
127020
336060
545880
756020
965720
1175320
74000
283460
492960
703020
912900
1123300
22040
231000
440180
651720
861000
1070940
1280820
179040
389640
598860
807560
1016120
1226320
124640
330460
542380
752520
961400
1170540
68960
278580
489940
699340
908220
1117380
15220
224320
433420
643840
853800
1063640
1273660
172800
382160
591920
803340
1013840
1222920
121700
331600
540160
749900
959620
1168920
67720
277460
486440
695580
904980
1114420
13060
222420
432300
641900
850540
1060260
1269878
168460
377720
587360
796480
1005580
1215260
124620
335042
545320
755620
964620
1173480
72700
282240
493980
704080
913460
1122774
21680
231300
440500
650020
858820
1068200
1278020
176860
386660
596740
806860
1016540
1225880
124600
335300
544880
754580
964040
1173880
73260
282440
491960
701380
911480
1120200
19720
230026
439600
649640
859660
1069860
1279160
178100
387920
598100
807480
1019400
1228440
129000
339800
550300
759720
969960
1179800
78340
288320
497340
706440
916060
1125400
24220
233080
442380
652400
862760
1073200
1283180
182220
391720
601060
810520
1020460
1229800
128560
338680
547200
757280
966860
1176600
75240
283960
492940
702500
911720
1121200
19580
228420
437680
646000
855040
1063540
1272840
174260
383780
594020
803760
1019020
1230700
129620
339318
548780
758660
968140
1177660
76280
286680
497420
707020
916300
1126600
25780
234940
444360
653200
863160
1072160
1281960
180280
388900
598940
807860
1017100
1226653
124500
333820
543280
752460
962520
1172360
71780
281700
490760
700900
910500
1119940
18980
228440
438160
647500
857760
1067680
1277000
175120
383880
595540
810160
1021000
1231470
130540
340320
550500
760440
969940
1179400
78840
288020
498098
707700
916940
1126100
24980
233760
443000
651560
862162
1072440
1282940
181580
391420
601040
810860
1021000
1230440
128580
339078
548700
758680
967680
1176340
74162
283260
492720
702060
911540
1121240
20520
230420
440340
650060
860000
1069480
1278840
178200
387340
609200
820140
1030460
1240220
138580
348300
559240
767960
980000
1190120
88700
298040
507680
716604
926800
1136640
35580
244918
454680
664920
875100
1084880
1294760
193460
403320
612140
821720
1030680
1239500
138700
348100
558500
767580
977740
1187280
86060
295320
504300
713820
923120
1132360
31640
241100
451080
660360
869320
1078900
1288380
186440
390220
603540
813380
1022340
1231558
129940
339680
549120
758020
967540
1177560
76320
286920
496440
705820
916160
1126300
25780
234600
444200
653680
864380
1074120
1284020
185180
394920
603880
813580
1022420
1231640
129520
338440
547980
757660
967420
1177080
76160
285420
495080
704840
914400
1123380
22138
231840
440940
651260
860940
1071720
1281260
184840
395700
605780
814960
1024000
1233860
132300
342460
551180
761180
970460
1180600
78640
287460
496520
706340
914940
1124280
22300
231660
440900
649980
859460
1069340
1278640
177660
387080
596560
805360
1015300
1224820
123400
332720
542220
752660
962500
1172240
71200
279860
489420
698900
907520
1116900
16620
225480
435260
644320
853980
1065780
1287760
187640
397440
606482
815840
1025380
1234040
132780
342200
551960
762200
972140
1181300
81080
291260
499920
709800
919800
1128640
27320
236060
444780
653640
863220
1071840
1280560
179480
389860
598420
807240
1017020
1227200
126000
335560
544360
754240
963840
1173460
72200
282780
491940
701560
911600
1120880
19140
228720
438040
647280
856600
1078960
1290200
189480
399480
609600
818940
1028920
1238380
137560
346920
557320
766200
975960
1185060
84280
294200
503160
712800
922800
1132340
31400
240480
450020
658720
867960
1078040
1288120
187120
395740
604900
814920
1025480
1234620
135960
345180
555320
764940
974720
1184620
84220
293600
502560
712280
921620
1131860
30900
239820
448960
658200
871740
1083000
1293200
193160
402040
611720
821960
1031360
1241300
140260
350740
561040
771400
979975
1189120
88440
298200
507160
716600
926860
1136500
35600
246320
456240
666360
875560
1084678
1294480
193700
402880
612100
822460
1031420
1239978
138060
347400
556940
766260
975580
1184740
83620
292580
500300
709700
918740
1128020
26760
236480
445280
663000
873150
1082040
1291080
190780
400120
610040
818400
1028600
1238660
137120
346580
555740
765260
975500
1185760
83900
293300
502720
713100
922640
1131208
30200
240220
450660
660260
870400
1080020
1291700
190740
399540
609442
819420
1028960
1237820
135880
344100
553440
763400
972660
1181620
80420
289280
498540
707640
916160
1125820
23940
232880
454735
665020
875380
1085260
1295000
193660
403080
612920
822560
1031080
1241340
140200
350420
559020
768420
978140
1187940
86480
296180
505400
715200
924380
1134140
33160
242720
452860
662240
871878
1081220
1290740
190420
399940
609980
820260
1029935
1240160
139100
349140
559080
768640
978080
1187620
87660
296980
506160
715360
924700
1135200
33780
256240
468560
678720
889240
1098900
1308980
207760
416920
626280
836960
1047100
1256260
156400
366524
576080
786080
995800
1205200
103320
313580
522620
732860
942560
1151420
49540
259680
469320
678320
887880
1097760
1307100
205920
415860
625320
836660
1046320
1255980
154740
364580
573580
783420
992960
1202260
100500
310991
520800
730180
938640
1148900
41300
252340
462300
671400
881060
1090960
1300640
199440
408600
618540
827980
1037760
1248000
146600
356520
565500
775278
983700
1192360
90780
299484
508940
718320
927600
1137400
36820
246500
455820
665700
874160
1084900
1294680
193740
403260
613020
822680
1032700
1242340
141280
350020
560680
769940
980460
1190140
88270
297740
506280
714500
924240
1143920
44060
254160
463500
673340
883220
1092260
1301660
199602
408930
618700
827860
1038120
1248420
148440
357780
567400
778040
987840
1197280
96860
306700
516680
725920
935360
1144840
44020
253520
463140
672880
883200
1091720
1301440
200920
412060
621780
832440
1041760
1252360
151780
361340
570940
780340
989820
1199540
98640
307100
517380
727120
971500
1185720
86080
296840
507280
719256
929680
1139080
38820
248820
458380
668040
878460
1089300
1298840
198780
407980
617800
828300
1038800
1249760
149700
359200
569260
778480
988740
1198460
97320
306280
516620
725780
935480
1146000
46200
255700
465640
675958
885920
1096220
1305680
204300
413940
623520
832440
1041160
1250660
149160
358740
568440
730138
940600
1150220
49260
258040
467780
677940
887320
1097720
1308300
207520
417240
627780
837160
1046980
1256300
154820
363840
573120
782780
992480
1202600
102180
311760
522040
731780
941620
1151580
51020
260200
470020
679700
889040
1098920
1309780
209360
419440
629700
839360
1048320
1257940
156440
366000
575540
784460
994400
1204760
103100
312244
523060
735320
945920
1156340
55820
265440
475440
683640
893020
1103500
2580
213300
422940
632080
841440
1052100
1262540
161280
370960
580700
248340
465460
679100
890720
1103140
3400
213100
423020
634040
843600
1052960
1262520
159720
370680
579820
789000
998540
1207740
107420
317280
526660
735980
944780
1155760
54020
285960
499940
710500
919720
1133700
34340
242980
452840
662600
871900
1080880
1292660
191240
400160
609809
818400
1028140
1237280
136300
347780
557620
766680
976440
1186080
84620
294520
504300
713740
925100
1135080
34280
243880
453300
662880
872095
1081640
1291580
190600
402040
611740
820760
1030480
1239580
138760
347262
556540
766400
976360
1185240
104680
316380
526360
736860
946580
1156220
55620
265500
476480
685860
896540
1106300
6005
218260
427940
638300
847420
1056920
1266980
166100
375340
585220
794220
1003100
1212320
111440
321400
533020
741380
950760
1160160
59400
269560
478720
688240
896480
1105844
4640
213900
423120
632660
841920
1052100
1263120
161100
370802
579520
788520
998140
1222100
123300
333920
543940
754220
964060
1173100
72060
281520
490720
699820
909080
1120520
18780
228880
439140
649320
858560
1068340
1277300
175644
385060
595100
804360
1014360
1224320
123960
333040
542060
750980
960680
1170100
71700
280537
489980
699140
907640
1116280
14160
223080
431260
640580
849920
1058160
1267500
166020
375150
583100
792060
1006140
1218080
117760
326960
536640
748220
957560
1166820
66260
275740
485560
694980
903520
1112940
11080
219700
428580
637340
846340
1055400
1264720
164660
372800
582200
791980
1001340
1210840
109200
318460
527480
736838
948560
1158920
58360
267200
475640
684660
893620
1102560
540
209820
418220
627780
837040
1046500
1255620
153700
363180
572380
795620
1007100
1217520
115735
325260
534120
743080
953160
1162220
60640
272900
482634
692220
901280
1109900
9140
217940
426940
635600
844940
1054340
1264540
163220
373780
583780
793880
1003480
1213660
111840
320400
528560
736440
944780
1153361
52140
262360
471460
681640
890460
1099280
1308500
206402
417880
627540
836800
1046420
1255560
153220
361660
583440
794640
1004340
1213820
113180
322400
532800
742360
951720
1160240
59160
268780
477380
687106
896840
1105380
4540
214280
424060
633020
843200
1052280
1261480
159480
368780
577520
787280
997100
1206380
107180
316760
526760
737680
947127
1156080
54814
263500
473400
682360
892220
1101140
400
210280
420420
630120
839260
1048700
1257520
156058
380700
590780
801420
1011160
1221840
121020
329960
538420
747600
956900
1166340
65740
275680
485380
694680
905120
1114200
12900
222720
432962
643120
854680
1064800
1275020
173520
383380
592140
801100
1011600
1221000
120200
329300
538960
748600
958620
1168220
66760
276100
485340
695440
904620
1114036
12500
221120
430640
639440
848500
1057060
1265980
177220
390120
599960
809800
1019760
1229580
128597
337620
547380
756389
965620
1175076
74500
284600
493460
702980
911558
1120760
21940
231202
440540
650080
859060
1068800
1277660
177160
386860
595900
805000
1014340
1224440
123320
332760
542660
752600
962560
1172080
71380
280400
489720
699580
909460
1118580
18540
228620
438960
648325
857520
1067314
1280860
180700
390120
599620
808320
1017558
1227900
127360
336920
546820
755120
964438
1174360
74060
284580
494120
703120
912400
1122260
20920
232460
441800
651800
860860
1070300
1279240
178740
387960
597460
806660
1017100
1226520
125660
335340
544260
753780
964300
1174560
73260
282860
492940
703000
912720
1122640
21880
231600
441740
650940
860900
1073760
1285180
184600
394800
604600
814300
1023720
1232920
130940
340500
550480
759900
969220
1178140
76889
286040
494880
704200
913600
1122540
21300
231080
440260
649360
858900
1068080
1277380
176100
385180
597000
808100
1017040
1226000
125640
334240
544480
754840
964180
1173960
73220
282560
492420
701780
912240
1122280
21300
231380
441700
651394
876440
1088600
1298700
198000
408400
618220
827200
1037160
1246742
145480
355060
564580
774420
983480
1193060
92140
302366
511433
720920
930860
1141120
39120
248440
457880
668002
877900
1087940
1298260
198600
407880
617940
826700
1035840
1245300
144780
354300
564040
773160
982420
1191780
90440
300260
510460
719820
928680
1140880
39860
249420
458800
659900
871800
1081444
1291200
190480
401080
610260
819620
1030282
1239000
138280
347940
556900
766360
976560
1185800
84820
294260
503460
712260
921280
1130740
29957
238800
448020
656140
865300
1074780
1284240
182940
392360
601958
811700
1020200
1229560
127560
336000
544840
754100
963300
1173500
71400
280220
489560
698720
908300
1117200
15740
224800
448200
659140
869140
1078380
1287840
186040
395700
603940
813220
1023580
1232440
130400
339360
548980
757567
966253
1175440
74380
283380
491980
701800
913640
1123540
21740
231120
439960
648460
856940
1066500
1275300
173480
382420
591460
800420
1010060
1219860
118840
328240
538020
747140
957240
1165800
64860
273680
482540
692000
900278
1109220
7360
232440
445560
654760
863420
1072540
1282340
181340
390000
598840
807040
1015440
1224680
122940
331720
541240
749780
959040
1167380
66340
276320
485800
695100
905260
1114460
13160
223440
432120
641880
851480
1060300
1269480
168160
377640
587580
797020
1007220
1216480
115320
324720
534460
744200
953940
1162460
60340
269180
479164
688580
897940
1106760
24460
235340
444380
654840
864080
1075620
1286100
185240
394920
604820
814980
1024640
1234000
132720
341120
549820
759480
968840
1177860
75320
283320
492240
701400
910780
1120060
18160
227280
437080
646380
854520
1062820
1272160
170540
379683
589060
797620
1006580
1216520
116100
325360
534760
744480
953160
1161940
60534
269540
478500
688040
897940
1127720
28200
238400
448940
658300
867080
1075460
1285420
184420
393580
603220
813620
1023240
1232140
130860
340280
549660
759420
968604
1177920
76500
284700
493820
703740
914020
1123140
21520
230900
440680
649900
858840
1068080
1276840
175340
385300
594720
804080
1013400
1223260
122460
331760
541120
749600
959180
1168340
67604
276826
486420
695780
926160
1137800
37880
247440
457180
667280
876460
1085440
1295470
193800
402900
611640
820780
1029900
1238320
135940
344300
553060
762060
971960
1180720
79660
288880
498200
707580
916900
1126520
26080
234620
444560
654180
864140
1072640
1281640
181020
390480
600720
809900
1019380
1229080
127900
336740
546460
755700
965700
1175240
73560
282660
491680
719720
930900
1140440
39602
248920
457840
667260
875220
1084655
1293600
192740
402180
611120
819840
1029180
1238780
137120
346400
554940
764320
973520
1183080
82800
292600
502080
711680
922002
1131360
30440
240580
449940
658996
868580
1077740
1286002
184300
394060
603600
812100
1021700
1231420
130000
339700
548940
758040
967780
1178060
76660
285240
515520
726520
935860
1145520
44280
254356
463980
675980
884840
1093800
1302620
201340
410280
618960
827796
1036720
1245260
143700
352900
561716
771140
979560
1188060
86980
296760
505880
715540
925020
1134440
32740
241900
451660
661160
870520
1079700
1289300
187800
396640
605000
813440
1022980
1232260
130900
340180
550060
759640
969180
1177960
75900
306980
518140
727260
936660
1146360
44800
254180
463920
672020
880820
1089500
1298240
196420
406322
616220
825420
1034840
1244960
143620
353980
564040
773640
983080
1192200
91400
300620
510500
720180
928820
1138380
36820
246860
455600
666400
876040
1086200
1296420
195340
404540
614520
824060
1033540
1242880
142520
352480
562420
773260
982340
1191360
105440
317240
527540
736380
945180
1154380
53060
262380
471780
681100
890960
1100560
1309620
208340
417680
626840
836540
1046100
1255760
154240
364420
574680
784740
994400
1204960
104100
316040
526340
736120
945260
1153840
52880
262880
473220
682840
891400
1100900
1310560
209100
419360
628580
837680
1047740
1257540
156160
365660
575420
784960
994240
1218320
119940
330360
540780
750320
960280
1169780
68840
277700
487520
696460
905920
1116998
15640
225820
435060
644960
854200
1063800
1273140
172440
382780
591300
801280
1011260
1221100
120120
329260
538860
748080
957620
1167600
65700
274920
483420
692540
902240
1111900
12060
221820
431820
641460
850900
1060640
1269100
167660
376500
585175
794700
1002040
1212836
112560
322220
531020
741000
950460
1160840
59380
269080
477980
686480
896380
1105240
4420
213600
422820
631240
839760
1048700
1258280
157500
366380
576060
785120
994040
1202520
101680
311460
521860
730860
939740
1148780
46300
254636
463560
672880
882420
1091380
1300160
198520
407740
616660
295160
511160
724700
1003120
1218400
118260
328640
539040
750740
960900
1171420
70680
280400
491920
701320
910500
1119700
18340
230860
440500
649660
859320
1069460
1281260
179600
388760
597860
807100
1017078
1230780
130520
340300
550880
761220
971287
1181933
82900
292500
502900
712940
922280
1131946
30740
240160
451180
661260
871100
1081220
1291480
190100
399220
589200
800860
1012540
1223100
122560
332380
541994
751260
961160
1171335
70620
279960
491900
702020
912660
1122340
21080
230480
440660
650640
860040
1069660
1279260
180480
390840
599640
809020
1018000
1228260
126780
336280
546120
756140
964996
1174200
72700
285100
494840
703780
913100
1121280
20900
230240
439380
649080
859140
1068840
1278120
177280
380800
593580
803500
1013680
1223900
122160
332040
541680
751300
961620
1170780
69700
279820
490160
699560
908580
1118360
19520
228180
437400
646600
856200
1065640
1275220
173760
382480
591720
801240
1010360
1219620
119000
328100
537680
747080
956880
1169300
68160
277220
486560
696060
906280
1115860
14340
222940
432800
642120
851720
1060480
1269420
172389
382560
591760
802600
1013220
1223320
124180
334560
544180
753640
963140
1173340
72080
281140
490800
700820
909920
1119360
18080
227820
437420
647340
857240
1067620
1278020
177460
387160
596760
809020
1019980
1230080
128998
338020
547820
756980
966880
1175740
74480
284460
494660
703580
913680
1122880
22060
232140
441460
651800
861460
1071060
1275960
175980
385680
595200
805060
1016620
1225980
123880
333260
543720
752780
961040
1169680
68860
278180
486800
696300
905620
1114840
13700
223340
433321
642440
851820
1061700
1271140
169640
379640
588562
798360
1007900
1216500
115620
327140
536920
746780
956720
1167020
65940
274700
484440
693558
902700
1111080
10000
219300
428920
637740
847240
1067420
1277720
176480
385680
594040
804300
1013760
1223420
122020
331644
541700
750820
960100
1169340
67740
276860
488580
698420
908180
1118120
16720
224980
434740
644100
853960
1062940
1273480
172140
381720
591160
799740
1008760
1218160
117180
326480
535840
745100
954420
1163640
61980
271560
480880
691120
899980
1109440
8620
217480
426980
636360
861800
1073174
1282700
183480
393540
603360
812640
1022110
1231120
129660
340060
549120
758460
968700
1177980
77080
286440
495580
704380
913620
1122480
21120
230700
440740
649760
859880
1069480
1278680
177120
386540
596805
807620
1017360
1226740
125400
335340
544730
754960
964360
1173200
71480
281160
491480
701360
914140
1123100
22240
232180
441900
662598
874040
1084000
1293780
192855
402860
612460
821900
1031980
1241320
139860
348420
557000
766760
976540
1186360
85460
295700
505940
715200
925020
1134960
34680
243460
452120
661420
870260
1078940
1288160
186340
395400
604820
814560
1024380
1233400
132920
342920
552340
762240
971580
1180900
81640
291580
501480
711100
920940
1130840
30160
239580
443080
652460
862620
1071960
1281500
181320
391100
600520
810400
1019520
1229600
127920
336882
545720
754760
964360
1173720
72220
281360
491240
701700
910960
1120600
19780
229520
438260
647500
857216
1065880
1275040
173300
382020
591420
801060
1011100
1220500
120300
329940
539800
749780
959360
1168980
67740
278860
489240
698880
908580
1117560
16740
240350
451600
661380
871020
1080200
1290805
190780
400700
610980
820820
1030140
1240980
139700
349940
559720
769460
979140
1189460
89120
298320
508000
717500
926860
1136760
35580
244940
454860
664820
874220
1083720
1292920
192240
401560
611320
821720
1031020
1240900
139260
348220
557580
766740
975920
1186440
85780
295380
504880
714420
923960
1133720
31740
243680
453600
665140
874320
1083380
1292460
191005
399420
609240
818044
1026840
1236280
134760
343200
552860
762120
972000
1181580
80380
289600
498760
708440
917660
1127280
25600
234640
444440
654900
864941
1075580
1284660
183100
392120
601580
811160
1020340
1229140
127200
335800
545140
754700
963480
1172680
70880
279620
488200
697700
908060
1131180
30900
239720
448940
657936
867600
1077740
1287100
185100
394660
604100
813340
1021880
1230720
129200
338680
548300
756940
965500
1177040
76700
285920
495160
705020
914300
1123440
22480
231780
440860
650940
860840
1070960
1281120
179120
389740
598780
807640
1016680
1225840
124620
333640
542080
751660
961000
1170320
68900
277899
487040
696580
923460
1134820
33740
243540
453400
664120
873920
1083620
1292660
190920
399860
609160
819140
1028480
1236980
135440
344260
553238
762760
971480
1181140
79760
289140
497920
706840
916480
1127040
25640
234300
443880
652340
861520
1070700
1281220
180300
389480
598780
808400
1017560
1227420
126600
335400
545060
753600
964800
1174540
73520
283260
493340
716840
928380
1137620
36220
245840
455320
664900
873660
1082780
1292060
190940
400600
610400
820380
1029980
1239380
137980
346460
555560
764700
974340
1183500
82960
291320
501300
710620
919860
1130002
28740
237896
447240
657200
866020
1074940
1284180
182900
393140
602460
812600
1021700
1230680
129900
338740
548060
757740
966900
1174940
73100
282540
505950
716820
926360
1136080
34280
243100
452800
661000
870900
1080020
1289540
188480
398360
607640
817560
1027280
1237180
136400
346100
555780
765460
975340
1184580
83460
292500
500800
709780
919060
1130160
28840
237600
446700
655660
864800
1074280
1282540
181100
390180
599020
808600
1016800
1226160
124540
333540
543560
752680
961720
1170860
68820
300220
512420
722620
931700
1140960
39060
248180
457600
667820
876560
1085580
1294300
193660
403160
612660
821600
1030760
1240920
139156
348016
557820
766962
976220
1185720
85680
295300
504580
714220
923300
1133280
32120
241720
451440
661040
870640
1079940
1288840
186400
396420
606900
816020
1024740
1234840
133015
342000
551500
760540
970280
1178540
91913
303380
512484
722330
932820
1142700
40900
249880
459180
668040
876920
1085640
1294560
192100
400940
608740
818520
1028140
1236800
135000
343500
552000
761540
972220
1181540
79320
287540
496438
705400
915180
1123920
22320
231200
440200
650380
859460
1068440
1277480
176140
385500
594740
803460
1012720
1221980
120960
330820
540560
749260
958300
1188460
89820
299800
509120
718180
927200
1136300
34040
242800
452020
661160
869760
1078700
1287960
186000
395140
604840
813360
1022020
1232098
130460
339480
549100
758820
968500
1178980
77060
286480
496040
706020
914760
1124160
23420
232580
442124
650840
861900
1070900
1280300
179080
388580
597400
805860
1014940
1224080
122780
332000
541800
751118
983360
1195080
94200
303817
514220
724340
933760
1142720
40820
249920
459560
668780
877522
1087960
1297220
196040
405620
615520
825260
1034500
1243800
142800
352600
561840
772200
981300
1191400
90680
300460
510720
722440
932060
1142000
40160
250100
460040
670500
879960
1089220
1298840
197640
406960
616540
826680
1036980
1246500
146000
355680
564660
795880
1007613
1217600
117380
327240
537160
746740
956380
1165300
64260
273520
483180
692900
902180
1111640
10820
220340
429520
638760
848280
1057440
1266980
166482
376700
586420
796480
1006580
1215760
114300
323478
533940
743480
953940
1163500
62600
272440
481400
691120
901320
1110540
9160
218560
427900
637060
845580
1055285
1264880
163540
372420
580500
792580
1002840
1212860
112000
320965
530360
739840
949900
1159520
58500
268460
478400
687900
897320
1107940
7320
217660
426740
635740
846440
1055040
1264162
162880
372180
581380
791760
1000680
1209960
108600
317480
525920
735140
944480
1154460
54080
264000
473580
682840
892675
1101960
1310700
209060
418300
627060
835860
1045500
1254500
153080
372560
583240
793400
1003100
1213600
112118
321820
531840
741220
949600
1159400
58780
268680
478900
688500
897460
1107000
5920
215525
425900
636260
846020
1055400
1265040
163484
373600
583240
792940
1002540
1211580
110358
319580
528800
738680
949140
1158200
56340
265420
474760
683680
892800
1102840
1320
210080
419740
628700
837960
1047260
1256840
165380
376820
586980
796420
1005860
1216120
115000
323760
533260
742700
952560
1162300
60720
269960
478780
687820
897500
1107400
7300
216780
426180
635240
844600
1054358
1263720
162940
372420
581800
790660
1000900
1209960
108880
318640
528000
737440
946580
1156660
55100
265000
474440
683620
893000
1102400
900
210660
420120
629040
838680
1048080
1269980
169280
378860
588780
798220
1007340
1216520
115000
324840
533440
743620
953080
1161820
60820
269380
478700
154540
371520
584200
795420
1005900
1214820
114300
324160
534460
743600
953360
1162620
61580
273260
483140
692920
901640
1111100
11560
221160
430020
639800
848520
1059240
1268860
166860
376340
585560
795520
1028960
1242840
142800
352120
561820
770600
980600
1191940
90200
300080
511660
720820
930440
1140620
38800
249500
460020
669200
879700
1088980
1299740
198900
408220
618380
830280
1040140
1250300
149100
358500
568133
778180
987660
1196700
96320
307040
516380
726940
936920
1145600
43940
252360
461360
670860
879900
1089740
1301200
199740
409460
618180
845720
1060720
1272920
171940
381160
590700
799680
1009280
1219020
120720
330360
539700
749400
959460
1169560
68460
277060
486040
695000
904060
1113360
12480
221700
434480
644520
854800
1063560
1273280
170880
379280
586980
796620
1005860
1215860
113460
322840
532840
742660
954040
1166540
66440
275960
485760
694580
903760
1113360
12200
222380
431460
681840
895140
1106650
6920
217240
427220
636240
846640
1057900
1267900
167020
376560
586640
796000
1005740
1215240
113880
324120
534000
743920
953380
1162580
61360
270320
479500
689460
899318
1109300
10460
219880
429360
637640
847040
1055360
1264800
163220
372520
581820
791300
1001020
1210660
110140
319160
529040
739120
948580
1158400
56760
266320
450200
663840
874320
1084320
1293840
193820
403500
613000
821560
1029960
1239640
138500
347520
556720
766020
975300
1185480
84020
292800
502400
711160
921300
1130120
28620
238260
447040
655980
867740
1076800
1286500
185940
395200
603980
813380
1023080
1233980
132680
342660
552840
763120
972140
1181760
79760
289240
499100
709240
918180
1128820
28260
233000
444360
653900
864440
1074880
1284660
185660
395660
605600
814780
1024880
1234300
133140
342840
553360
762940
972460
1181740
81620
291120
500800
710560
920020
1129960
28560
237520
446920
656040
865240
1074460
1283740
182300
392160
601060
810160
1019900
1229840
128460
339400
550020
760160
970100
1179420
77800
286760
496220
705560
914700
1124180
24280
234700
444160
653680
863020
1072220
1281940
181060
391122
601240
812360
1021840
1230860
129900
339240
548980
758400
968120
1177260
76400
286200
495040
704660
914180
1123640
24180
234340
443860
653340
862380
1072075
1282480
181060
390840
600400
809140
1018320
1228380
127300
336440
546580
756220
965880
1175240
73720
282780
492140
701780
910700
1126002
26020
236040
445260
654100
863700
1073060
1281870
181080
390020
599500
808480
1018420
1227940
126400
336380
546120
757580
967620
1176916
75880
284722
493920
702960
912940
1122380
21840
231360
441160
651239
861040
1071420
1281480
180360
390440
600100
809720
1019900
1229620
129420
339160
548920
758640
968460
1179100
77660
287200
497100
705780
918140
1129300
28360
237620
447580
656960
866560
1076580
1286200
184780
395280
605320
814020
1023560
1235095
134220
344040
553900
763180
972260
1181920
80820
290440
500440
710020
919520
1129560
27920
237780
447530
657620
866780
1076200
1286000
184820
394300
604960
815760
1025680
1235476
134760
344240
554200
764360
973520
1183540
81800
291180
500800
711760
923040
1133120
32580
242340
451900
661480
870780
1080880
1290140
188900
397860
607140
816180
1024840
1233580
135440
345680
554900
763960
972820
1182540
81940
291360
501100
709900
919565
1128700
27800
237380
447460
656020
865700
1075460
1285080
184040
392360
603340
813500
1022500
1232060
130820
340722
550400
759840
970500
1179980
78380
287300
686680
903320
1114575
13560
224300
434260
644640
854400
1064200
1273980
173040
382920
593220
803580
1013800
1223540
122720
332440
541767
750964
961120
1170080
68720
277560
487000
698400
908560
1118260
16597
226340
435860
645580
855276
1064480
1275040
173940
382780
591280
800340
1009900
1219600
118200
328480
537780
746980
956037
1165460
64440
288760
500700
711700
921380
1130740
29740
239820
449080
658940
868720
1078160
1287320
186400
396080
606220
815260
1024820
1234540
133580
342400
552120
762360
972120
1181280
79940
289800
500040
710360
919613
1128880
27860
237480
446380
656060
866280
1075840
1285620
185125
394800
604120
813640
1023140
1235100
134140
343700
553360
763220
972940
1182640
96080
307380
517060
726880
936500
1145740
44620
254480
464320
674020
883900
1093580
1304002
203840
414060
623900
833440
1042940
1251700
150240
360360
570180
780120
990060
1199660
99158
308600
518140
728180
937180
1145820
45700
255180
464220
672576
882060
1091960
1301660
199900
408914
617480
826960
1035180
1244900
143120
351840
560860
770160
979238
1189900
92500
303400
513060
722300
931380
1141080
39460
249040
457980
666900
876520
1085320
1295520
194020
402580
612180
821400
1031940
1241320
139600
348000
556820
765900
974900
1183972
82320
291500
501240
710100
920180
1128720
27200
236880
446040
654340
863960
1074000
1282500
181680
391380
601880
811640
1020980
1230720
130060
339440
548180
756640
978840
1190040
89900
299160
509120
718300
927800
1137500
36820
246680
455600
665180
874733
1084402
1294100
193740
403560
613140
822520
1031860
1241140
140060
349220
558940
768180
977440
1186420
86200
296031
505180
714520
924118
1132740
31520
241020
450600
659640
869480
1078940
1289220
188200
398000
607480
817420
1026720
1236160
135300
344300
552860
773760
985260
1197780
97762
308060
517780
727080
936640
1146800
45540
255180
465340
674500
884320
1094000
1304400
204480
414480
623320
832500
1042520
1252300
150260
359640
569260
778580
988212
1196398
94640
304360
514380
723620
933320
1142900
42240
251960
462280
671520
880940
1090980
1300900
199040
409240
618820
828620
1038920
1249460
149200
359180
566480
776040
985380
1195780
94300
303920
513520
723620
932840
1142060
41140
250800
459640
668780
878900
1088580
1297980
195820
404773
614080
823500
1033040
1242560
141400
349960
559237
767805
976680
1185440
84300
293160
502120
711620
921540
1130320
29340
239660
450000
659000
868480
1079000
1289300
187980
397380
605920
814120
1026118
1237160
136480
359560
570520
780040
989880
1199420
98700
308320
517380
726800
936840
1146120
44700
253940
463420
673040
882740
1091180
1300820
199440
408560
618060
826680
1036460
1246140
145160
354460
564120
773600
982360
1191000
89920
299080
508460
719400
928900
1138580
37780
248060
457880
667560
877509
1087140
1296800
196140
406600
616240
825940
1034940
1245500
152940
364420
574220
784440
995420
1205040
104260
313880
524080
733360
943380
1153980
53718
264060
474260
683680
892860
1102760
1720
211560
421600
631920
841660
1051820
1261360
160800
370640
580080
789320
999480
1208600
107878
317420
527900
737800
947700
1157600
56420
266660
475200
683980
893460
1103400
2940
213480
423060
633500
843480
1052940
1254020
155220
366140
576100
787440
997100
1207440
105558
315700
525620
736260
946380
1157120
56780
266820
476620
686220
896380
1106820
6440
216000
425660
635940
845160
1054260
1263660
163120
373700
584300
793770
1003360
1213820
112840
322820
533040
742740
953760
1162960
61220
270380
480540
689740
899660
1109140
7500
217840
428400
638420
847980
1057200
1269040
168600
378800
588860
798240
1007540
1217240
116080
326480
535960
746140
955780
1165580
63920
273460
482780
692620
903200
1113400
12940
222980
432640
643060
852820
1062720
1273740
173120
382681
592160
801640
1011320
1220900
120240
329460
539140
749060
958900
1168580
67820
278120
487500
697300
906780
1116560
15360
225920
435020
644360
841260
1052800
1262800
161760
371360
581360
791636
1001360
1211360
110160
320080
529900
740000
950255
1159700
58580
268300
478260
687680
897580
1107300
6480
216840
428760
639480
849560
1059320
1268700
167600
377200
588000
797877
1008400
1218820
117760
327260
536860
746400
956260
1167700
66120
276040
485240
694660
904800
1114580
13720
223440
431900
632720
843478
1053460
1262400
160820
370500
580340
789400
998760
1208760
106622
316920
525860
736234
945280
1155640
54680
265080
474420
683000
892767
1103320
3240
212840
422140
632060
841680
1053060
1263340
162120
372260
582840
792660
1001900
1212620
111700
321520
531500
741200
949900
1159040
57780
267800
476880
686320
895960
1105500
4900
214080
424180
635200
844900
1054380
1264320
162920
371760
581220
791180
1001500
1211700
111660
320940
530140
738660
948660
1158060
57100
266813
475940
685120
894358
1104540
3080
213280
422300
631580
841040
1050002
1258740
157800
366420
576440
785580
994600
1203140
102220
310980
520640
729900
447880
664980
877800
1089520
1302040
215460
427520
637360
849840
1060280
1269700
169900
380700
592140
802640
1012520
1223000
121720
334760
546110
755680
965200
1174580
75460
284940
494200
703180
912680
1122540
25840
235080
445320
655223
865400
1074780
1284860
185500
395200
605220
814540
1023640
1232700
130760
340400
553140
763300
972840
1181900
80280
289700
499200
709300
918660
1130760
9580
221360
432200
642820
853600
1063020
1273480
172680
382340
594560
803920
1013720
1222640
121460
331100
541200
750420
960440
1169740
68760
280118
489600
699100
908320
1118000
17160
226420
436320
645673
855820
1065400
1274820
174820
386480
596320
806280
1016240
1225600
124421
333880
543760
753442
962680
1172680
71900
281600
490700
702800
913058
1112260
13040
222560
432460
641900
851660
1061080
1271060
169880
379120
588500
798640
1009497
1219920
120820
330240
539760
749200
959320
1169680
67780
277820
487560
697320
906560
1115540
14040
223560
433220
642920
852280
1062780
1274280
172940
382946
592440
802380
1012120
1222200
120320
329580
539080
747920
957260
1167100
65960
275460
484600
693540
908320
1119500
19000
230400
439680
648300
856980
1065560
1275760
174460
383580
592692
801320
1010440
1219840
117980
327820
537020
746240
955380
1164400
63060
272480
482060
691758
903320
1112800
11520
220500
429780
638860
848160
1057920
1268560
167520
376660
585520
793850
1004200
1213318
111820
321940
531600
740200
949960
1158802
58420
267480
476880
704360
917020
1129440
28820
238220
447900
657360
867880
1077120
1286500
186340
395760
605360
815180
1024700
1233560
132482
341660
551540
761620
971438
1180240
78660
288060
498580
707980
917500
1126620
25740
235460
447240
656640
866540
1075800
1285380
184940
393920
604160
813820
1023920
1233020
132860
342280
552320
762640
972560
1182360
81560
290720
534420
748880
961100
1172520
71680
282920
492900
703158
912820
1121700
20800
229320
439560
650780
861380
1070740
1279940
178740
387900
597360
806920
1016300
1225660
124140
332600
543720
752580
962580
1171380
70080
280380
490420
700080
909620
1118520
17800
227440
437020
647220
855580
1065080
1274440
173020
382800
592840
802140
1012000
1220600
118340
284680
495980
706460
915920
1125280
23940
233249
442560
651280
861000
1070240
1280060
178260
386680
594840
803900
1013260
1221760
120620
329980
538760
747560
956180
1165080
63400
272709
481960
691080
900140
1109500
8560
218100
427700
637500
847300
1056840
1266120
164020
373580
582460
792320
1003760
1212640
110180
319900
529400
739080
948980
1159020
72095
282620
492720
701260
911000
1120300
18660
227960
437400
647000
856940
1066920
1275760
174680
383800
593640
802980
1013400
1223220
121980
331480
541080
750780
959700
1169240
67360
276600
486280
695420
905700
1116160
15420
224920
433929
643860
853680
1062940
1272860
173960
383900
593524
803280
1012740
1222860
120960
330880
539900
748720
959055
1181780
81880
291220
501660
711660
921140
1130360
29660
240240
449287
659140
868480
1077400
1286620
184680
393980
603440
812837
1023560
1232940
130960
340460
549680
759680
968500
1178740
77340
286600
496800
706400
915760
1125320
24700
234660
444180
653680
863078
1072880
1281940
180840
391960
602160
811660
1021440
1230640
129660
339520
548580
757060
974160
1185340
84080
294160
503375
713760
923840
1132940
31580
242180
451420
661702
871400
1081640
1291240
189840
399460
608360
818040
1027400
1237740
136000
346660
556220
766140
974560
1183360
82140
291220
500320
709020
918420
1127300
25920
235620
445140
655040
864900
1074200
1283300
182880
392620
601280
810420
1019140
1228340
127300
336860
545940
767860
978980
1188340
87143
295220
503980
713640
922740
1132180
30720
240280
449080
657560
867780
1076560
1285720
184420
394140
603860
813100
1022980
1232141
131300
340460
549500
759400
968480
1177640
76260
285220
493300
702700
911720
1120520
19360
228620
437620
647340
856700
1066200
1275340
174080
383120
591900
801300
1010280
1219500
118698
327340
555720
767440
976820
1186240
84680
293940
503140
712680
921600
1130860
29580
238980
448920
657640
867880
1077860
1291140
190680
401460
611340
820460
1029160
1238320
137200
346800
556080
765780
975520
1185980
84980
294480
504700
715040
924340
1134740
33500
243160
453220
662040
871740
1081780
1291260
190180
400080
609160
818520
1028340
1237800
136940
353580
563820
773540
982920
1191500
89840
298440
507960
717160
926460
1136340
35220
244500
453940
663280
872900
1082500
1291920
190140
400440
609360
818760
1027160
1236420
134960
344680
553600
762500
971680
1181600
80760
290220
499620
708640
918280
1127660
26020
234900
444900
654120
863500
1074880
1284520
182740
391980
600984
810600
1020800
1230060
143700
355040
564940
774300
982680
1191780
90520
299140
508580
716680
926400
1136640
35600
245160
454320
663157
871920
1081500
1290940
189360
399040
608660
818180
1028180
1237500
136420
345560
554580
764120
973520
1183280
81700
291200
500760
708700
918120
1127920
26980
236140
445300
654880
864780
1075300
1284400
183220
392300
601740
811200
1021040
1248340
148640
358760
567920
776600
985798
1195060
93380
303380
513340
721980
931300
1140900
39540
248920
458200
667280
875580
1084980
1294300
193360
402860
612760
822160
1030580
1242140
141460
350840
559720
768900
978280
1187320
85440
294700
504480
713500
922460
1131940
30600
239980
450280
659980
868540
1078120
1287780
186060
395280
605840
815160
1041320
1254420
154180
363600
572920
782120
991260
1201180
99760
309000
518760
728020
937120
1146600
45620
255460
464800
675060
884200
1092660
1302860
201660
410340
620340
829720
1038300
1246740
145920
355520
565602
775840
985300
1194420
92440
300980
509400
719060
927580
1137360
35880
245245
453840
663180
872642
1081860
1291780
190520
399380
608740
835760
1046560
1255980
154360
363660
573440
783380
992960
1202540
101720
310940
520900
730320
941160
1150860
49160
257820
467240
676540
885360
1096700
1305840
204700
413660
622480
831440
1040820
1250780
149880
358180
567120
776320
985600
1194940
93060
301460
510380
720460
929860
1138800
37840
246440
455080
662860
872420
1081040
1290640
188800
396060
626800
838760
1049120
1258940
157940
367860
576960
786300
995400
1204620
102960
312280
521558
730360
939840
1148860
47600
256060
465480
675140
884080
1093300
1302240
200680
409660
619460
828780
1038820
1248680
147420
357320
567340
776600
985680
1195020
93874
302880
511960
721620
931400
1140360
39820
249040
458280
667720
877000
1086118
1295045
194260
421540
633080
842800
1052520
1263180
161720
372280
582460
791820
1000360
1210340
109200
318980
528660
738300
947520
1156540
55434
264380
473820
682720
891700
1101440
1310340
208640
417900
627260
838820
1047560
1256580
155100
363880
573040
781660
990820
1200160
97580
306440
515580
724640
934360
1143560
42300
252520
462260
671980
881638
1092100
1301080
214940
426400
637220
846540
1055400
1264640
162420
371900
580980
791060
999860
1209320
107960
316498
525900
734900
943560
1152460
50780
260220
469640
679200
888940
1098740
1308420
206820
416960
626740
836960
1046695
1256140
155240
365700
575860
785060
995160
1204074
103140
312960
521318
730780
940220
1149620
48700
258780
468333
677760
887100
1096800
14720
227060
438080
648460
858000
1068140
1278960
178100
387860
597880
808620
1019060
1229522
128080
337740
547340
756820
967160
1176260
75040
284820
494140
704260
913460
1123080
21200
230200
439840
648420
857120
1066300
1275500
174560
384840
594300
804140
1013800
1224100
122920
332640
542260
751580
961380
1172160
70820
280720
492662
702240
912198
1107460
7860
218120
428780
637775
847500
1057120
1266980
165640
375580
585800
795060
1005380
1215580
113800
323560
533360
743280
953040
1163100
62020
271700
481000
690820
900380
1109180
7960
216600
425280
634820
844100
1054200
1263840
162880
373860
583318
793020
1003060
1213020
111300
320660
530660
740740
951000
1160500
59360
268680
478118
687360
902620
1113280
13040
223200
433180
642960
853000
1063120
1273020
172500
382060
591760
802320
1011980
1222260
121060
331460
540480
749500
960020
1169370
69220
277980
487320
696880
906160
1115660
14660
223880
434040
644480
854220
1063638
1273280
171640
380960
590260
798920
1008280
1217560
116660
325940
535240
744720
953920
1162500
60980
271020
480400
695340
906620
1116160
15240
224880
434360
644580
854380
1063260
1273280
171520
381000
53560
269780
483540
694200
905820
1115820
14620
223520
434920
644840
854580
1063940
1273200
174120
383980
593660
803000
1011960
1223700
122840
332220
541700
751420
962180
1171980
70380
280320
489460
698100
912420
1122820
21400
230960
462760
675260
885380
1096900
1307100
205960
415980
626320
835920
1046200
1255260
155700
365600
575260
784960
994700
1203640
102000
311420
521840
733360
943140
1154060
53300
262760
471460
680900
889740
1099860
1309480
209960
420380
630200
839600
1049140
1259100
157760
366360
575440
785120
994037
1206260
105160
314800
524600
734200
944700
1154220
52320
276340
488080
698580
908220
1117280
18200
227754
437900
647420
857480
1066400
1276180
174620
384400
594480
804420
1014420
1223740
122520
333720
543480
753609
962580
1171600
69693
278840
488560
697600
906200
1115720
13640
222940
431840
640540
850040
1061040
1270860
169980
379400
589280
798820
1008660
1217100
115720
324640
533400
742380
952400
1162900
72840
283260
493420
702520
913680
1122810
21020
230780
439740
649260
858940
1069080
1278860
177650
387740
596460
805860
1015080
1224320
122060
330920
540240
749460
958780
1170140
69080
278640
487282
697080
906120
1115000
13120
221498
431000
640740
850260
1059540
1269540
167804
377220
586840
796960
1006200
1215220
113440
322750
534340
743540
953500
1176180
76100
285480
494765
704220
913580
1124120
22580
231640
441520
650760
860040
1069760
1280100
179980
389300
598960
809260
1018400
1228020
126500
336000
545240
756380
965740
1174160
73080
282780
491420
700900
910460
1119164
17820
227300
436480
645420
854100
1063140
1272080
171200
379800
589820
798960
1008260
1218120
117240
327800
537141
746820
976820
1187840
89840
300420
510180
719740
929780
1138880
38200
247720
456680
665610
874840
1084140
1293560
192060
400920
610820
820700
1030220
1239580
138240
348140
557720
766780
975980
1184960
84740
293920
504076
712520
921020
1130340
29080
240720
451160
660520
869220
1079460
1289440
187380
398140
607540
816940
1025280
1234980
133400
343282
551640
761300
972000
1182220
81540
291440
502140
711760
921600
1130560
28540
237280
445920
655720
864980
1074560
1284180
182960
392680
602660
811420
1020700
1232420
131280
341580
550660
760560
969560
1179340
78480
288080
497157
706720
915900
1125300
23960
233500
442420
651700
860000
1068727
1278420
176380
385260
594000
803380
1013288
1222300
120920
329800
553420
765004
975760
1185080
84740
293480
502700
711880
921240
1130900
29980
239640
449380
661860
871500
1080740
1290380
189100
398440
608320
818520
1028040
1238180
137060
346640
556240
766100
975380
1185140
83680
293340
502940
712980
922920
1132760
31260
241140
451220
660860
870080
1079760
1289680
187660
397320
606780
816660
1026440
1235880
134440
378420
591840
803580
1014120
1224460
123420
332080
542020
751820
961560
1173320
72400
281660
490940
700780
910300
1119720
17500
227220
436480
645380
855520
1064640
1274020
172620
383080
593100
802740
1012020
1220200
119660
330060
539780
749760
958340
1167558
66740
276460
485600
694560
904760
1113500
12060
222638
431980
640980
850860
1060360
1270240
138980
350540
560780
770177
979820
1189500
88020
297340
506140
716460
925279
1134360
35820
245480
455580
665400
874560
1084560
1293800
192280
401500
611220
821160
1031240
1240640
140780
350480
560340
768940
978100
1188720
87780
297200
507120
716440
926220
1136140
34920
244480
453860
663157
872640
1082500
1291800
190940
399800
609400
818960
1028620
1241558
141340
351100
560140
769500
979860
1189080
87200
297140
505500
714920
924000
1133600
32760
242480
452480
661400
870800
1081020
1290655
188780
399762
610620
820380
1029940
1239160
137940
347520
556980
765360
974700
1183720
82380
291680
500700
709300
918660
1128000
27280
236700
445400
655000
863800
1073460
1282400
180940
390500
599580
808020
1031860
1242900
142700
352500
562400
771820
981680
1191460
90100
299680
509165
718540
929120
1138960
37860
247320
456320
666160
876120
1085140
1293900
192660
401524
611040
820260
1030160
1238860
137760
347700
556620
766780
976300
1185700
84120
292940
501860
710540
922320
1132600
31120
240220
449120
658080
867260
1076580
1286020
184780
393740
603380
825620
1035320
1245140
143120
352160
561960
770980
980540
1189080
86837
296200
506880
716060
925540
1134400
33240
242800
451520
661280
870280
1080280
1289820
188860
398060
607680
816280
1025380
1234080
132840
341560
550620
759520
968660
1178400
76440
285180
493800
702900
912060
1121020
19560
229040
438100
648200
856720
1066720
1275420
173680
383420
614140
824140
1033920
1242520
141100
349520
558700
767620
977560
1187640
86320
295740
504940
716000
925060
1133798
32120
241680
450800
660280
869320
1078240
1287340
185300
394300
602540
811760
1021400
1230520
129440
338420
548260
758500
967360
1175960
73940
283240
491480
700660
909560
1118260
17860
226640
435940
645100
854320
1063500
1273320
171740
403640
614460
823760
1033060
1241560
139680
350060
559940
769720
978360
1188140
87200
296700
506440
716340
925620
1134560
33800
242580
451140
660300
869940
1078260
1287280
185720
395220
603420
812960
1021878
1231800
130940
341100
550080
759920
969280
1178320
77140
287140
496820
706920
916460
1125660
23960
234740
444660
653695
865220
1075140
1284460
200660
411520
620880
830340
1040658
1249700
149200
358760
568220
778080
988233
1198040
97000
306560
516520
725880
935080
1144920
44020
252840
461980
670920
880280
1089860
1299500
198080
407800
617100
825960
1035000
1243720
142620
351680
560460
769980
979680
1189960
88920
298120
507240
716580
926120
1135940
34780
244240
453860
664300
873900
1083620
1306260
205740
415080
625820
835340
1044560
1254149
152580
361820
571380
781180
990180
1199840
98680
308240
517040
726740
935764
1144400
42518
251200
460260
669560
879020
1088620
1297920
196760
406920
616540
826320
1035140
1244740
135210
352601
562020
770120
979682
1188280
86660
295643
504760
716420
926460
1135120
34060
243820
453240
662100
871280
1100940
1980
211740
421840
631200
840600
1050420
1260360
159080
367960
577580
788120
997000
1206440
104640
313880
523000
731920
941420
1151300
50220
259840
469000
678740
888240
1097900
1308000
206580
415540
625600
835360
1045060
1254560
153600
362280
571200
780060
989400
1198720
97080
305800
514560
724420
933820
1143460
42220
251600
461360
671478
897220
1109660
9340
219280
429600
639620
848780
1057900
1268460
167180
377780
587100
796960
1007040
1216880
116320
325740
535520
745300
954520
1163880
63540
272850
482420
692380
900640
1109602
8664
218260
427680
637620
847240
1056640
1265740
164560
374320
583160
793140
1002820
1212180
111960
321480
531100
740120
949640
1158120
56340
266960
477800
699380
910340
1119720
19360
229840
439080
648260
857660
1066840
1275560
175180
384180
593720
802680
1012380
1221080
119840
329320
538800
746980
956620
1166000
64220
274140
484200
693540
901320
1110400
8560
217880
427960
637000
846020
1055400
1265260
164120
374440
583600
793320
1003940
1214620
113180
323200
533480
742560
951720
1161160
60400
268720
484018
694120
903600
1113360
11600
221580
431280
640480
850220
1059640
1269060
168340
377480
587762
797100
1006740
1216360
115360
325260
534380
743640
953362
1161520
61060
270500
480280
690340
899180
1107680
6080
214900
425160
635680
845300
1055360
1265160
164640
375120
585540
795600
1005240
1215420
114820
325080
534402
743280
952600
1162350
60300
277900
489240
699580
909160
1118830
17120
227500
437560
647480
858360
1068980
1279300
178980
388400
597380
806900
1016840
1227000
127360
337380
547500
757580
967040
1176680
75580
285520
495060
705354
915000
1124960
23960
233220
443340
652700
862060
1070720
1279540
177820
386800
596480
804020
1014220
1223780
122480
332060
541520
750200
959400
1168180
71240
281978
492000
701560
911100
1120580
18800
228140
438420
647720
857120
1067200
1276940
175280
384520
593520
802540
1012050
1221600
120240
329780
538740
747340
956560
1166220
64960
274520
483560
693040
901700
1111380
10160
219340
429396
638820
848980
1059280
1268660
167380
376620
586400
795160
1004260
1212580
110940
320580
530378
739420
948500
1170540
70380
279100
487860
696540
905400
1114880
13880
223058
432340
641260
850460
1060020
1269240
166520
376120
585880
795400
1004560
1213440
112423
321900
531640
741020
949958
1159480
57800
267020
476380
685800
894920
1103440
1240
209940
419460
93840
310300
523680
734324
945840
1155260
55440
265960
477260
687220
897120
1127420
28000
239700
449620
659480
869600
1079060
1290600
188700
399060
607820
818300
1029920
1239960
138560
347100
555860
766020
980280
1190600
89760
299840
509180
718700
927980
1139340
38440
248100
457900
667180
875940
1085280
1294200
194860
404360
613442
822860
1032760
1241780
140720
350020
559260
770980
980540
1190280
89440
299200
509620
740200
951520
1161180
59560
270880
481140
690740
900240
1109500
8000
217600
427360
637280
847320
1057000
1269200
169020
378180
588800
798660
1008460
1217640
117040
325940
535680
745200
954580
1164840
66060
276220
485900
695000
904500
1113680
12600
222820
432100
641720
851540
1060780
1270400
168900
380180
589340
798660
1007980
1217840
117000
325920
549400
758800
967760
1178280
76940
286960
496220
706500
916120
1128380
26840
235960
445120
654620
864320
1072720
1282520
180920
390780
599760
808660
1017935
1227900
127180
336680
546740
756460
968760
1178900
78060
288340
498780
708260
918600
1128580
27780
237460
445860
655640
865520
1076560
1287080
186680
396340
605760
814700
1023620
1235620
134560
358260
569780
780320
990320
1200420
99520
309460
519804
728580
937580
1147340
46260
256060
465540
675440
886087
1095880
1305200
204621
414320
625720
834920
1044900
1255000
154760
364600
574720
784356
993840
1203540
101980
311820
521720
731320
941760
1150840
50060
259440
469320
678160
887300
1097380
1307900
206340
415620
624700
836080
1045260
1254600
141040
352180
561540
771940
982220
1191780
91980
301840
511600
720660
930820
1140660
38560
247760
457080
666500
875780
1085360
1295740
194320
403840
612900
822040
1030900
1240518
141240
349900
559140
768520
977780
1187040
85820
295960
505220
713960
922540
1131800
30580
240220
449320
658480
868140
1078020
1287540
186500
396760
605720
815400
1024460
1244900
146160
355880
565700
773920
983280
1191720
90460
301020
509900
719780
928876
1138160
36620
246240
455080
664960
874480
1083791
1293460
191960
401380
611340
820700
1029920
1238640
137800
345780
554760
763480
972880
1182620
80960
289240
498520
707480
916980
1126800
25040
234520
444260
653740
863120
1072400
1284160
184100
394960
605260
814540
1037700
1249140
148740
358340
568500
778080
986980
1196140
94640
303620
512480
721940
931220
1140740
40200
249120
458740
666660
875540
1085960
1295020
193400
401740
610760
820120
1028940
1238740
138280
347780
556700
766214
975900
1185880
84640
293540
503112
714780
924680
1134280
33260
242480
451980
661280
871380
1079940
1289280
187840
397320
606320
829120
1040060
1250160
149180
359360
569060
778680
988020
1198060
96200
305840
514540
723760
933160
1142640
41460
251400
460020
669000
878620
1086880
1295720
193960
403620
612760
821620
1031740
1241220
140576
349680
559340
769620
980480
1191560
90180
300220
509860
719620
929360
1139820
39080
248420
457760
667440
876520
1085900
1295260
194180
403820
622800
833800
1043220
1253620
152800
362440
571400
780520
989780
1199540
97620
306840
516140
725960
935716
1145780
44840
253840
463900
672960
881800
1091160
1300240
199160
408640
618175
827500
1037360
1246038
144198
353260
563300
772760
982840
1192160
92280
301260
510540
719980
929556
1139560
38320
247780
457460
666700
876400
1086280
1295740
193980
416460
627280
837720
1048020
1257540
156780
365980
575460
785260
994160
1204140
102617
312320
521860
731680
941440
1150860
49620
259860
468580
678200
887540
1096800
1306700
205100
414080
623720
832320
1041860
1251300
150300
360420
570080
779420
988880
1198000
96800
306120
516260
725180
934620
1144440
43620
253320
464820
675120
883540
1092720
1301580
242000
455660
667120
877180
1087120
1296840
195960
404800
614340
824740
1035340
1244660
143880
353140
562100
771860
981400
1191440
90220
298820
509460
719700
929320
1139400
38240
248920
458460
667920
877540
1087560
1296800
195680
405160
615260
824916
1034640
1244000
141880
350840
560980
769520
979500
1188260
87280
296340
505360
715420
924820
1133340
11500
221640
431120
640400
849660
1060580
1270100
168220
377320
586300
796600
1007420
1217700
116300
326700
535318
744120
953580
1163240
62436
272060
481740
690980
900280
1109480
9080
218200
426920
636360
845380
1054220
1263740
162620
372020
581380
790440
1000280
1209040
107540
317620
526260
735860
945400
1155060
54440
263760
473135
682180
890980
1106140
6820
216520
425920
635940
845260
1054380
1263220
162020
371940
581980
791940
1001600
1210640
109640
319020
527860
737860
946680
1156380
55480
263800
472420
681740
891260
1101400
1310660
210100
418580
628080
836740
1045880
1254333
153040
362260
572340
783580
994200
1204020
102560
312340
521780
731400
939820
1150900
50100
259260
468740
678780
898900
1110200
9260
219180
429700
639800
848260
1057760
1267120
165240
374180
584281
793880
1003298
1213809
112700
321540
531100
740340
948980
1158220
57420
266540
475480
684780
894740
1104440
3140
212160
421280
630880
840700
1050380
1259460
157380
367140
575100
785740
994470
1203420
102200
310920
519880
730020
938800
1148320
46560
256080
465520
688520
899081
1108940
7120
216455
425340
634560
843540
1052800
1261800
160760
370180
578880
788800
997540
1207640
106500
315840
525160
735120
946020
1155620
53620
262840
472080
680460
889980
1099420
1308160
206660
416160
625320
835000
1044660
1254620
152940
361640
571220
780560
989200
1197620
95800
305220
515420
724820
934780
1144120
42480
251740
480660
691660
901640
1112240
10760
219940
429320
638860
848180
1057040
1266540
164677
375000
583790
793320
1003140
1213020
112660
322600
531620
740940
950160
1160180
58900
267780
477300
685560
894860
1104500
2640
211320
420413
629620
838860
1048100
1256540
155300
364840
574160
783100
992660
1201840
100480
310260
519700
729220
938802
1148520
46800
274060
484600
694300
903380
1112520
10100
218360
427620
636660
846642
1056100
1265580
163460
372680
582140
793560
1004361
1214620
113080
322140
531680
741640
951420
1161280
59340
269040
478740
688380
897940
1107600
7140
215920
426300
636420
846180
1055940
1266140
164720
373500
583240
793380
1002360
1211060
110340
319440
527880
736700
945920
1153980
67340
277740
486760
696080
906440
1115980
14880
224060
433400
642420
851800
1061440
1271980
171440
381200
591000
800120
1009380
1219000
118360
328000
536402
745860
955200
1166006
64700
275100
484960
693700
902860
1112640
10700
219600
428900
638760
848700
1058280
1268560
167680
377360
586200
794380
1004240
1213760
112300
322000
531120
740756
950940
1169460
70220
281100
490660
700260
910060
1119920
19000
229160
439660
649360
859880
1069200
1279360
178220
387860
596260
805120
1014215
1223760
123020
332340
543540
753340
963180
1173040
71900
282220
492020
700900
909620
1118698
17380
226960
436300
645340
854240
1063300
1271880
170320
380060
589540
799740
1009400
1218660
117660
327236
536700
745780
971480
1182800
82620
292719
502320
711560
921160
1130540
29960
238900
449200
658440
868600
1077880
1287400
187300
397300
606860
815900
1025540
1234680
134100
342880
552740
762380
971680
1182017
80440
290300
500680
710740
921000
1130780
31140
241380
451420
661800
872060
1081200
1289100
188300
397580
607840
817140
1026380
1235180
134380
343960
553800
771660
983800
1195202
94460
304020
513620
722840
932220
1141520
41380
251100
460880
670540
880500
1090140
1300520
199340
408500
618800
827340
1036840
1246260
144380
353520
563120
772860
982160
1191680
90820
299440
508600
717880
927380
1136740
35840
245740
455320
664900
873940
1083560
1292860
194320
404220
614100
824040
1034000
1243760
142060
351660
555440
767180
977300
1187140
85680
294780
504260
714300
924360
1133760
31960
241400
450500
659200
868940
1079100
1287620
186360
395080
603520
812680
1022400
1231960
130660
340400
550320
759400
968680
1178760
77960
287360
496600
706000
915100
1125240
24140
233720
443940
653480
863660
1073077
1282480
182580
392560
601960
811740
1021360
1231100
130180
348620
559564
769560
979500
1189460
88220
298100
507240
716360
926300
1135060
34480
243840
453100
662100
872482
1081680
1291200
190560
400020
609300
819080
1028460
1238660
138260
347800
558000
768180
977500
1186360
85204
294860
503440
712040
921180
1130620
31020
240780
450480
659740
868770
1078160
1286780
186180
395040
604560
814400
1023660
1232200
142220
353080
562580
771060
980680
1189820
89220
298120
507320
188340
403560
617280
829320
1040220
1250980
150840
359960
571440
780920
991200
1201100
99840
312080
522280
731980
941500
1151820
52340
262020
471300
680640
889920
1100800
1310460
209560
419380
627940
837820
1052160
1263000
162140
370940
579480
788320
997480
1229220
130640
340740
551560
761200
969800
1178600
78020
289880
500040
709300
918180
1127840
26800
235700
445780
655580
867940
1077380
1286380
184960
393160
602040
811620
1021040
1230560
128800
340920
552440
762520
971580
1180680
79020
287780
497580
706920
916880
1126000
27380
237560
446620
657660
866500
1075260
1284540
183440
393280
602358
812140
1035600
1246760
149320
358454
567420
777680
987300
1196540
95300
305100
514200
723700
932980
1142820
41840
250980
461920
671360
880740
1090820
1299684
198180
407040
616120
825260
1034360
1243280
142500
351980
561700
770880
979740
1191040
89560
299380
508280
718900
928700
1137840
37300
246322
455940
665240
875520
1084780
1293740
193540
403720
613600
829020
1043720
1252820
151660
359320
569080
777520
986040
1194820
94160
303480
512200
721600
931380
1140500
38380
247740
456820
667100
877500
1087500
1299560
199100
409260
618740
828120
1037820
1247238
145280
355480
564960
775320
983980
1194680
93720
303260
512900
722140
931480
1141020
39880
249260
459300
671000
881180
1090740
1299820
198780
408500
624620
834500
1044280
1253500
152600
361900
572060
781060
991154
1201000
100440
309958
518880
728500
937660
1147040
46240
254840
463800
673238
884660
1095420
1304900
203560
412800
622260
831600
1040540
1249920
149120
357640
567040
776580
985260
1194480
94280
303380
512380
721360
930120
1139140
36800
245720
454260
663060
871680
1080973
1290740
191740
416840
628660
839040
1048400
1257620
156360
365600
574940
783820
993000
1201600
100320
310720
519380
728900
937900
1146720
44840
254560
464100
673320
882520
1091040
1300340
199020
408380
617160
826580
1035120
1244642
143960
355080
564200
773500
982800
1191720
90280
298518
507740
717140
926280
1136060
34020
243080
451320
660100
869000
1077320
1286060
207440
418140
628320
838218
1048720
1258080
157140
366680
576020
785200
994820
1203880
102900
311660
521860
731237
940580
1150620
51720
262040
472198
681400
890460
1099740
1310160
208800
