ro_data
147480
396840
613660
824780
1035260
1244960
143600
365660
579580
789400
998480
1207360
107300
315920
525840
734160
942340
1153280
51100
259640
468220
676800
885860
1097807
1305860
204380
413420
622160
830640
1049620
1260060
158220
365900
574400
782860
991540
1206340
104360
312060
521240
729240
937640
1146340
43240
253820
461325
670100
878140
1086120
1294657
191720
398780
606960
816880
1025400
1233520
145780
354280
562140
771540
979180
1187058
84980
295380
502980
710820
919280
1127040
25820
234575
442920
651300
859620
1068560
2920
211880
420198
628220
836360
1044480
1252720
151240
360160
569078
777180
985520
1197340
95800
304760
513220
721958
930320
1138480
36700
245180
453580
661800
870340
1078740
1286800
186110
394538
603440
811540
1020200
1254040
153840
362420
571540
779180
986900
1194820
91920
299320
506140
713840
924802
1132895
31120
239800
447940
656480
864289
1071980
1279609
176960
384120
592600
800790
1009540
1218180
115720
324540
532420
743920
952300
1161080
59000
267740
476000
685120
893820
1102500
920
209840
418320
626320
834540
1043020
1251200
148880
357400
564740
772840
984060
1219300
117860
326840
536100
743520
951940
1160960
58660
267540
475240
683460
891700
1100360
1308200
205100
414100
622640
831040
1039060
1247680
145280
353640
564560
772660
980640
1189180
86900
295700
504100
712960
920920
1128900
26540
234920
443960
652440
860840
1069220
1277780
174740
383840
591900
800520
1008320
1216280
113140
320900
530820
739820
869840
1080020
1288700
186020
394900
602480
811700
1020980
1230516
128840
337020
545800
753200
961700
1170140
68240
277300
485880
694000
902600
1111540
9160
217980
426800
635060
842860
1050840
1261720
158580
366760
575500
783520
992640
1201140
98200
306420
514680
721940
929460
1138080
34820
242220
450860
658920
867640
1076374
1284140
182500
391020
599660
829040
1037920
1246880
144260
352280
560140
769460
978000
1187240
86920
295660
503520
711440
919880
1127680
25100
232420
439760
647980
855780
1064260
1272240
170360
378720
586560
794200
1002480
1210180
107860
315400
523140
730180
938180
1145780
43740
251480
459600
667920
875780
1083420
1290740
188740
396400
604360
812198
1036540
1245420
143460
351680
468940
678900
887760
1096040
1303760
201760
410340
618700
826380
1034940
1243380
141380
349520
558640
766800
975160
1183680
81080
289180
497020
705020
912640
1120880
17520
226760
435946
644480
852080
1059960
1268620
166420
374880
583560
791640
999620
1208960
109500
318040
526360
734280
941840
1149520
46580
255200
462500
670562
878740
1086980
1295329
192554
425420
635420
845120
1052280
1260560
158680
366760
575320
784520
993540
1202220
99520
308060
516640
725260
933900
1141149
37885
246280
453800
662700
872160
1080520
1288400
185700
393780
602140
810160
1017680
1225660
123000
331300
541780
749060
957300
1165460
62340
270980
479380
686961
894760
1103020
220
208860
416360
624780
833180
1041140
1248760
68340
277780
486880
694920
902920
1111700
9100
217220
425180
633000
840900
1048600
1257400
155660
364084
572360
781320
990900
1198360
95340
303400
511900
719220
927320
1135700
32880
240000
448120
656740
864720
1072400
1280100
177240
385880
593720
804200
1013060
1221160
118760
326640
535560
744200
952460
1160300
58140
266200
473840
681800
889980
1097460
18080
227000
434820
643000
851520
1060300
1269100
166820
374480
582780
789840
997840
1206640
104020
312380
520260
728560
937220
1145200
42760
251120
458960
667120
874760
1083160
1291040
188820
396260
605120
812960
1021320
1230500
127481
335440
543060
751020
959520
1167640
64520
273000
480880
689160
896620
1107840
4120
212180
420240
628580
835500
976960
1185780
82364
290380
499240
707160
915400
1123760
21680
229460
436880
644940
852600
1060320
1269060
166600
374760
583300
792260
1000300
1207920
105820
314060
522380
731340
940000
1148860
47420
255300
464520
672980
881480
1090700
1299946
197820
406900
615100
824460
1032980
1240580
138280
346620
554140
762000
970120
1179200
77240
285360
493340
701200
933900
1143100
40150
247796
456140
665180
873040
1081120
1290340
203940
413020
621520
829360
1037400
1244960
142060
350340
557660
765600
973480
1182640
79820
287800
496420
704280
912040
1119860
16620
224760
433100
640540
848020
1055700
1263640
160980
369180
577060
785640
993433
1201500
99460
307580
515680
724440
932800
1141260
38460
246240
454524
577700
788162
996920
1204720
102400
310900
519589
728480
936400
1144900
42420
251020
459200
666740
875000
1083840
1292140
189380
397600
605080
812800
1020420
1228420
126480
334020
543960
752100
960380
1168740
66360
274980
482660
690920
901620
1110700
8540
216360
424480
633100
840880
1049480
1257900
154980
362720
571080
778600
986280
1195020
92760
300380
589300
800000
1008400
1216200
113880
321280
529440
737890
945820
1153780
52280
260640
469180
677360
884960
1092920
1300900
198860
408160
616480
823760
1031500
1239760
137120
344700
552620
761200
970120
1177920
75800
284120
491960
700940
909400
1117000
14880
222920
431700
639340
848280
1055580
1264080
161660
369920
578540
787460
994600
1202560
99920
332960
542440
750900
960340
1168580
66180
274600
482580
690420
899040
1107280
4140
212260
420340
628120
836780
1045500
1256680
153860
362460
570920
778720
987500
1194860
91500
299680
507220
715300
923900
1132720
29880
237760
446140
654516
863480
1071260
1280000
177400
386440
595680
803720
1012180
1221180
119100
326740
534880
742940
951600
1160280
1286620
186300
394575
602480
811660
1021220
1229380
126520
334860
542800
751493
960118
1168200
67160
275960
483960
691980
900480
1109260
6100
214820
423260
632180
840380
1048580
1256400
153480
361260
569160
777760
987000
1194740
92680
300380
508640
716500
924540
1133820
32440
240620
448720
657580
866120
1073760
1282360
180580
388580
595980
803040
1011500
1240780
138500
346480
554340
762560
969520
1177880
74960
283520
491800
699020
921480
1131200
29220
237380
445740
653960
861700
1069620
1277980
175060
383540
591920
799840
1007520
1216100
113840
322440
530720
739320
947920
1155480
51280
258800
467560
675340
883700
1091840
1299780
196820
403960
611940
820000
1028320
1236260
134280
342480
550680
759080
889420
1098920
1306740
204220
412540
620580
828760
1037100
1244800
142580
350720
559940
767820
976360
1183980
82340
291320
500180
708160
916920
1124820
21880
229460
438000
646480
855180
1062820
1270880
167320
375300
583080
791380
999500
1207880
105700
312900
520880
729620
938140
1146460
43320
250960
459620
667660
876460
1084820
1293200
190780
398300
606040
838500
1047960
1256200
153520
361000
569260
777700
985980
1194500
92360
299540
508000
715400
924060
1131880
29000
238920
448180
656700
864820
1072580
1280860
178570
386630
595380
803960
1012240
1220700
118480
328060
536580
745380
955237
1165280
64400
272960
481140
689100
897282
1105860
2720
211060
419120
626680
834340
1042860
1251380
148240
355820
490680
700760
908320
1116520
14000
221820
429300
637720
845060
1053360
1261840
159100
367280
574580
782600
990180
1199020
96880
305380
513740
721180
928980
1137320
34838
243020
452300
659660
868000
1077060
1285520
183020
391540
599580
807780
1016560
1224320
122060
328900
536860
744820
952860
1159860
57860
265260
473500
681820
890140
1097640
1306080
204140
437740
646600
854380
1062700
1271140
169160
376620
584980
793240
1001080
1208720
106100
314480
522720
730680
939020
1147060
44400
252600
460320
668480
876860
1084460
1292240
189320
396740
604480
812440
1019820
1227460
124820
333100
541800
749700
956480
1179760
77960
286520
494200
701400
910640
1118300
16220
223940
432840
640240
848000
1056920
1265600
93940
304360
512980
720980
928660
1136800
34480
242600
451280
659020
867220
1076060
1283920
181200
389940
598060
806780
1015260
1223400
122320
330320
539520
748200
956720
1164830
62000
269220
477220
685520
893360
1100640
1308700
205740
413880
622840
831200
1039700
1248840
146540
353920
561900
771007
978300
1187080
84183
292960
501360
709560
917880
1125020
45445
254180
462560
670960
878760
1085860
1294242
191460
399820
608620
816680
1024540
1232340
129560
337980
546420
754740
962340
1170060
67426
275200
483380
691800
899320
1107760
5160
212640
420420
628562
837140
1044900
1252280
149480
357060
566160
774540
982760
1191080
88180
296060
504700
713100
921540
1129320
26300
234840
441780
649720
857940
1006340
1216340
284660
503480
716640
925980
1139200
37940
247020
456180
665800
875120
1084060
1291920
190660
401020
609480
817580
1026300
1235020
134920
343900
553080
761000
969540
1180480
78240
286292
494420
702800
911540
1126560
25120
233560
441200
650200
858720
1066480
1276600
174520
382880
591340
801540
1011500
1220560
117740
326820
535100
742920
951760
1158886
56780
264980
473740
681760
892620
1101200
1309940
207120
415200
622540
830780
1039520
1247240
144940
354860
563660
771940
980480
1188580
86820
295340
502720
710400
918360
1117869
25980
234240
441860
649960
857300
1065820
1273760
172020
380160
588100
795560
1003520
1211880
111220
319080
527460
763980
974320
1182400
79960
288800
496600
705140
912820
1120700
18340
226220
436580
644620
852900
1060760
1269540
166480
375200
582440
790860
999320
1207140
104160
311640
519160
727000
934860
1144980
41920
248820
456802
664300
872280
1079100
1287340
185560
393380
601360
809340
1017820
1225560
122520
330180
538220
746120
956420
1164180
61320
269860
405884
615680
823940
1031405
1238920
137020
344980
553660
762120
970458
1178960
76240
284020
492080
699720
908120
1118380
16160
223740
431880
640260
848200
1056900
1265340
163000
371820
579040
786200
994245
1202880
100140
307560
516100
725080
933042
1141880
39740
247360
458580
666680
874693
1082360
1290900
188260
396040
604360
813900
1022460
1230840
129360
360920
569680
778800
987640
1196040
93500
302100
510320
718240
926340
1134720
31960
239780
447760
657620
866040
1073500
1281460
180040
387040
594500
802960
1010820
1218720
116040
324440
531100
738978
946000
1153940
51500
259180
467180
675860
884580
1093220
1301640
199480
407640
615900
824160
1031280
1242280
139600
347500
555120
763600
971440
1179760
6260
219220
428020
635920
843760
1052260
1261020
157920
365820
573676
781860
990100
1198020
95680
303460
511210
718940
927200
1135220
33160
241240
449000
656920
864740
1072680
1283200
180620
388402
596100
803280
1011120
1219600
116940
325560
533660
741560
948800
1156960
54120
261360
468800
676340
884340
1091800
1299760
196320
404240
611760
819960
1028780
1258780
157740
366400
573840
781580
988960
1196650
93400
301100
508360
715380
925540
1134740
32800
241600
449080
657340
865400
1072580
1280480
177800
385300
592780
800160
1007600
1215200
112560
320300
528600
736180
944200
1151780
49260
256900
464740
673140
880220
1088500
1296240
194360
402960
611160
818580
1025680
1233940
130880
338120
545860
752940
917400
1127000
24520
234580
443040
650900
859120
1067440
1275500
173100
381640
589240
797420
1006060
1213920
110800
318820
526700
735360
943000
1150740
48426
256426
463840
670960
878720
1087038
1294350
191362
399560
607640
816660
1025180
1232780
129900
337940
545740
753980
961040
1169700
66760
274400
482040
690040
898380
1107500
4080
211880
420120
630440
859740
1069260
1277260
173480
380940
589020
795740
1003940
1211320
108620
316600
524460
731980
940020
1147700
45000
251980
459180
666820
874720
1082160
1289700
186120
394700
602820
810920
1018820
1226800
123220
330960
538040
746740
955400
1163840
61520
269680
477420
685420
893340
1101680
1309420
206980
414780
623440
831980
1040320
1247780
144780
353240
520400
731940
940460
1149580
47500
255400
462620
670440
878640
1085800
1292860
189920
397460
605840
814720
1022920
1229940
127380
334580
543040
750760
958260
1166120
63620
270920
478620
687320
896040
1104040
1060
208680
417320
625460
834560
1043220
1252460
149940
357920
566200
773660
982100
1190180
87160
294580
502780
711440
918540
1127520
25516
232900
462560
672140
880020
1088180
1295580
192920
401780
609240
816860
1026520
1235380
132500
340380
547800
755440
962960
1170620
67640
275780
484120
692020
899380
1107760
6320
214520
422080
630640
838800
1046400
1254880
152320
359740
567580
775080
983180
1191327
88560
297100
504438
711880
918900
1126803
23860
231660
440360
647800
855500
1062740
1269680
122980
332760
541960
749780
957400
1165940
63320
271140
478880
687180
895120
1102660
1310580
207720
415600
623460
831320
1039320
1247620
144560
352500
560280
767240
975420
1183780
83080
292040
500580
708520
916900
1124780
22780
231560
439340
647480
855660
1063200
1270700
168380
377060
585540
793804
1001820
1210200
108480
316540
524920
733100
940700
1148830
69260
277680
486840
694720
902480
1110160
6760
214300
421940
629780
837520
1045320
1252800
150440
358240
566320
773840
982120
1190060
87300
294940
503400
711360
919420
1127900
25400
233380
440700
648780
856140
1064040
1272840
170120
377820
585880
794000
1001940
1210360
107880
315960
523540
733080
942020
1150340
47840
256160
463960
672020
880000
1034980
1244460
143140
350720
558760
766800
974680
1182040
78460
286240
495040
703640
911640
1119980
17340
225280
432980
641440
850260
1057880
1266780
164320
373215
582100
790820
999020
1207340
104520
313260
521420
728920
937560
1145560
43158
251300
459360
668100
875460
1083620
1291780
189620
398480
607540
816420
1024840
1233540
131460
339220
547158
755780
987860
1196920
94560
302240
509680
718500
925920
1134140
32080
240480
447760
655600
863320
1071180
1278920
175820
384200
592520
800120
1008460
1216780
114400
322420
529540
737220
945060
1153580
50800
258340
466240
673300
880600
1089557
1298020
195080
402940
611360
818520
1025720
1233600
130440
338300
546120
754100
962380
1170060
67080
274420
482500
637800
848080
1057100
1265680
163820
373323
580840
789520
998080
1205400
102600
310700
518680
726560
934160
1142440
40360
248600
456480
664680
872640
1080320
1288940
187160
396400
604240
812420
1020220
1228980
127080
334260
541940
749520
957740
1165633
62780
271300
479260
688140
896500
1104060
1020
208040
416960
624940
833200
1041060
1249140
145680
353360
641660
852800
1061300
1269700
166680
374800
582060
789140
996200
1204080
100400
309340
517980
726280
934200
1142160
40140
247760
455558
663240
871380
1079280
1287300
184800
392580
600740
811620
1020200
1228280
126220
333920
542060
749960
958600
1165980
62440
269700
478160
686580
894480
1102280
40
208060
415420
623620
832240
1039880
1248080
144700
376440
587080
794460
1002240
1209800
106760
315340
523860
732140
939660
1147920
44820
253100
460860
669620
878140
1087020
1295180
191880
399220
607860
816160
1024420
1233300
130780
337920
545240
754380
961620
1168820
65780
273400
481364
688980
897660
1104780
1720
209340
417260
625680
833980
1042320
1251040
147500
355720
563780
772560
980060
1188040
37400
246438
454460
663060
871620
1080760
1289620
187220
395900
603860
812120
1020880
1229440
126640
335000
543540
752200
960500
1168620
65920
274840
483240
690940
898540
1106620
3380
212020
419880
627900
836260
1045362
1253320
150620
361360
569200
776200
984100
1191900
88400
296480
504580
712780
920000
1128540
25660
233280
441020
649300
858520
1066080
1297340
195560
404120
612540
820440
1028720
1237340
133920
342560
549404
757780
964882
1172580
70220
277560
485540
694100
902060
1109660
6920
214260
421880
630280
838120
1046720
1254480
152020
360340
568700
776100
985180
1192240
90280
298320
506800
714540
922920
1130120
26660
233980
441000
648300
856340
1064020
1271120
167800
375081
581900
789100
951920
1161100
59160
266780
475140
683060
891220
1099560
1307580
205740
414200
623520
831840
1039000
1246100
143000
350900
558800
767700
975900
1183540
81000
289660
496980
705340
913540
1121880
18360
226320
434080
642300
850506
1058660
1266380
164220
372380
580880
788580
996800
1204760
101660
308980
517000
724700
932860
1141100
39400
247140
455720
663900
893480
1105120
2880
210280
418320
626500
835080
1043240
1251420
148340
356400
564260
772400
980820
1189060
86640
294060
501660
709460
917460
1124890
21980
230440
438840
646760
854640
1062740
1270380
167620
374540
582300
790020
997440
1204740
102600
310880
518460
726340
934322
1142400
39820
247760
455460
662980
871280
1079760
1287700
184880
392040
552620
761900
970240
1178000
74560
282820
490680
699080
906780
1115320
12800
220400
428380
636020
844300
1051920
1260278
157580
366180
574020
782280
990480
1198680
95500
303700
511260
719660
927820
1134960
32100
240260
447920
655560
863080
1071340
1279320
176118
383560
591600
799780
1007740
1215960
113180
320920
528860
737000
944700
1152480
50240
258180
485860
694960
902760
1110640
7360
215540
423980
632000
840460
1048700
1256460
154300
362480
571078
779260
987220
1194620
7160
227120
441160
651920
862960
1072220
1258800
157960
368320
577000
785260
993920
1202160
101380
310498
519000
726000
933680
1144200
41960
249480
457120
664780
874840
1083130
1290220
186760
395300
603575
816020
1024220
1232440
129640
337780
546400
755120
965640
1173620
71080
278380
486760
694420
902960
1110680
10701
316540
528920
740060
949460
1158240
54840
263220
471640
681800
890541
1068940
1278820
177120
385100
592380
799620
1007780
1215600
114200
322120
530580
738583
946340
1153800
51180
259636
467620
675680
884606
1095260
1303960
201340
409460
618360
826980
1035620
1243880
142080
350160
557960
766020
974560
1184940
82200
291040
499680
708800
916700
1124580
21460
229740
437860
646140
854760
1062300
1269780
168940
377380
584460
793160
1025840
1234060
130800
339260
547524
755820
963220
1171020
68690
276118
484300
691920
902780
1111000
7820
215160
423740
631260
839120
1046980
1255320
152440
359900
567360
775940
984660
1193160
89780
297600
506040
715580
923380
1131060
28260
235813
443080
650633
858080
1066680
1274260
171240
379520
588060
795700
1003200
1211000
107840
315380
522300
671520
884180
1093160
1301160
198740
406800
614980
822820
1030700
1239360
136520
344300
551980
759560
967660
1176100
73700
280540
487880
696018
903540
1111220
9500
219580
427660
634920
842460
1050266
1258500
155600
363180
571140
779480
986800
1194200
91160
298960
505640
712560
920660
1128460
25960
233901
441640
649120
856260
1064600
1272080
169260
379920
610680
818960
1027480
1235320
133720
342160
549980
757120
963780
1172340
68904
276420
484200
691760
899100
1107180
4360
212860
421460
629420
837500
1045340
1253580
150820
359340
568180
776360
987120
1196020
93060
301447
509880
717540
925200
1132680
29980
239300
446940
654500
862000
1069920
1278020
174580
383600
591240
798860
1007200
1215780
113000
271700
481820
690320
898020
1106140
3340
211360
419640
627300
835480
1045660
1254400
151480
359600
567700
776200
983161
1191760
88260
296220
505240
713280
920960
1129140
26900
235460
443420
651720
859644
1066960
1275360
172540
381660
591100
799080
1007440
1216180
115050
323250
531940
740520
949060
1157540
55000
262040
468800
680320
888540
1096660
1304040
224700
434393
643040
851640
1060151
1269340
167400
375700
584020
791920
1000320
1208420
107020
315120
524240
732240
941000
1148640
46260
254480
462460
670080
878280
1087400
1295660
192840
400400
608500
815520
1023500
1231580
128040
336140
543500
750500
958380
1166260
66020
273720
482040
689900
898400
1106060
2600
210180
418100
624880
832560
1041020
1184740
83880
291960
499620
708000
916060
1124420
21720
229300
436860
644940
851900
1061000
1269420
166202
374357
582380
790280
998020
1205620
102520
310540
518140
726180
933240
1142000
39980
248120
456140
663520
871320
1079120
1286455
183020
392820
600580
808460
1016140
1225100
122180
330000
537500
745180
953200
1162200
59420
267140
475000
683200
891420
1120080
18140
226120
434120
642380
850886
1058400
1266358
163860
372420
581300
789820
997600
1205340
103760
312260
520120
728220
936580
1145080
41980
249900
458276
665480
873480
1081780
1289700
186020
393480
601520
809160
1017860
1225900
122780
330800
540160
747840
956660
1165000
62040
270600
479420
686820
894640
1102300
1309720
205960
413960
622140
786660
996720
1206080
103900
311960
520040
727840
936240
1145040
42560
250260
457860
665660
873620
1081840
1289860
186740
394900
603400
812000
1019820
1228040
126000
334440
542620
751440
959240
1166280
63320
272220
480440
688380
897380
1105720
3160
210860
418360
626940
834940
1043040
1251580
148900
356700
564918
775580
984040
1192060
90000
297700
505860
1282080
182500
391800
600020
808660
1016620
1224360
122340
330540
538080
746240
953820
1162100
59000
267380
475660
684060
891980
1100200
1307500
204360
411920
620400
827540
1035880
1243580
140740
348920
556200
763740
971020
1178460
75920
283460
490500
698940
906740
1114660
11640
219780
428820
635960
843620
1051140
1259060
155900
380640
590600
799480
1007680
1215520
112640
319820
527780
735800
944020
1152580
49680
257380
468700
676660
885260
1093700
1302004
198960
407335
615400
823107
1031180
1238960
135160
344080
551600
759680
967920
1176394
74800
283522
491920
700320
909000
1117220
13840
222020
430840
639200
847320
1055480
1263640
161173
368840
576440
785060
994280
1203480
101320
335280
544340
752860
961180
1169280
66460
275040
483280
691040
898962
1108220
6480
213400
421460
629280
836480
1044520
1252320
149380
357620
564920
772540
981140
1190620
88900
297200
505160
713340
921480
1130440
27740
236280
444780
652760
860740
1069060
1278100
177420
385440
593660
802400
1010760
1219460
116000
324220
531840
739680
947240
1154700
1301760
200100
408900
617420
824276
1032080
1239560
136420
343680
551440
758980
967560
1175140
73240
281480
490560
698940
906900
1115160
12340
220380
428480
637020
845120
1052684
1260340
158040
366140
574180
782340
990440
1198040
95420
302540
509560
716740
924078
1132200
28900
237413
444910
652240
860420
1069220
1276740
174540
382460
589780
798040
1006500
1234480
133260
342836
551080
759080
966560
1174196
71480
279080
487700
694960
902374
1109620
7060
215220
423960
632640
841080
1048960
1257636
157880
366680
575600
783940
992560
1200020
97280
304760
513560
721760
930000
1137860
35680
243580
451180
659120
869080
1077440
1284720
181940
390100
599200
807720
1016560
1224000
122080
330055
538180
746100
905020
1115900
14620
223700
431680
640760
849680
1057780
1265900
164020
372600
580360
788860
997240
1206100
103360
311440
520060
728860
937300
1145140
42140
250380
457920
666880
875180
1083600
1292380
189020
396760
604700
814520
1022760
1231020
128400
336880
545100
753360
961540
1169580
67100
275360
482980
691060
899980
1107340
4620
212780
420560
628120
860800
1069540
1278840
176020
383700
591460
800560
1010182
1217840
116380
324540
532680
741140
949040
1159580
56660
263260
471280
679340
887420
1095180
1303040
200100
407960
616180
824060
1031840
1239140
136320
343840
551440
759380
967100
1175580
73140
281260
489000
696706
904940
1112420
9260
216620
423960
631320
839164
1046780
1255240
151680
359060
548460
760540
970140
1178520
75660
284480
492080
699720
907780
1116300
13200
221100
428460
636280
843960
1050440
1258180
155260
363580
571680
778980
987400
1195600
93120
301280
508720
716540
923680
1131460
28380
235560
443160
651380
859057
1065760
1273080
170460
379060
585800
793600
1001320
1208340
105360
312720
520720
729040
937140
1145400
42242
269120
480900
688620
896960
1104900
1600
209240
416980
624920
832300
1040140
1248040
144980
352880
560840
768420
976360
1184040
81080
288340
497260
707840
915380
1123240
19900
227680
436280
643560
852600
1059720
1267860
165140
373360
582180
790400
998380
1205600
101880
309480
516980
724880
932420
1140560
37700
245180
453640
661158
869060
1077020
1285220
110240
320240
529521
737500
945240
1153080
50680
258520
467400
675260
882140
1091040
1299500
196220
404520
612360
819840
1028120
1235880
133500
342400
550540
758640
966460
1174000
70580
278120
484420
693000
900660
1108420
5080
212440
420260
628840
836640
1044480
1251880
148800
356360
564200
771280
979420
1186900
84160
292389
500560
707840
916100
1123900
21040
230680
439520
646380
855040
1063380
1271240
168740
377700
586000
793740
1002160
1210580
107140
315360
522600
729700
936960
1144560
41940
249600
458280
666060
873380
1081560
1289880
186840
394660
602680
810640
1018660
1226380
123360
331520
539100
747100
954960
1163240
63060
271840
480180
687580
895100
1102700
1310240
206720
414960
621900
830140
1023200
1232400
129540
337560
545020
753140
960980
1169380
66620
274840
482760
690380
898280
1106180
4400
212980
421760
629400
837540
1045720
1254320
151740
360300
568860
776640
985780
1193700
90980
299100
507500
715440
924180
1132460
30160
238040
446820
654540
863080
1071060
1279100
176220
384120
591720
800200
1007560
1215340
112400
319820
527120
734200
964100
1172740
69900
278040
485660
693560
902540
1111100
9040
217660
426260
634640
843080
1051840
1259580
157460
365040
572120
780260
988220
1195900
93720
302180
510440
718020
925600
1133060
30380
238880
446680
654340
862520
1069700
1277540
174880
383160
591020
798780
1006280
1214340
111640
320160
528280
736060
943860
1151880
48580
256640
464160
623380
832880
1041280
1249320
146640
354440
41720
256860
469180
679160
889540
1098680
1307500
204680
414740
622840
830240
1038400
1246700
147240
355600
563280
772120
981060
1190380
88120
296020
504440
712800
922800
1131140
28520
236020
445220
653360
866240
1075260
1283540
180780
388740
596380
803680
1013600
1222260
119980
327780
556940
766120
974100
1182540
82500
292060
500560
709140
916960
1125960
23720
231760
439240
649360
857520
1065100
1272860
169360
376810
584620
792060
1000060
1207580
107440
315000
523140
731560
940060
1147860
45140
252838
461400
669880
878580
1088220
1296720
193660
402140
609380
817800
1026340
1234020
131460
339649
547100
755440
963200
1173540
71300
225120
434900
643200
852000
1060740
1268980
167320
375300
583320
791620
999940
1207280
106940
315860
524400
732040
941460
1149700
47080
255320
463100
671280
879500
1087020
1294860
191800
399180
607600
817810
1025880
1233620
130760
338340
545860
753300
961340
1168680
65340
273400
481480
688700
896760
1104800
2100
209420
416540
627420
834800
1042300
1249840
169876
378560
586440
794620
1002340
1210320
107500
315420
524417
731500
938420
1145400
42660
249220
456580
664660
874480
1082840
1292240
190360
399220
607100
815420
1023000
1230700
127400
334980
543140
750280
957400
1165340
62260
269520
477840
685500
893160
1100800
1308780
207840
415380
623540
831420
1039780
1247700
146800
354520
563040
771460
980420
1135480
33780
241840
450300
658520
866400
1074080
1281460
179800
387660
595760
804120
1012480
1220660
117840
328120
536320
743940
952340
1160820
57980
266720
474680
682620
890160
1098840
1306860
204080
411040
618140
826640
1034520
1242580
140520
349360
557040
764940
973120
1180940
78634
286820
494600
702060
911460
1119580
16200
223680
432160
640520
848360
1078260
1288060
186060
393780
602160
809880
1017100
1224260
120900
328960
537240
745500
952360
1160480
58320
266220
473560
681240
888840
1096740
1304020
201680
409940
618300
826780
1036680
1245100
142060
350720
558660
766940
974980
1183620
80740
288780
496780
705780
913860
1121380
18880
227580
435260
643620
851820
1059880
1267920
165180
372820
581460
737740
947260
1155640
53480
261700
469080
676440
884340
1092440
1301460
198880
406800
617560
826260
1033880
1242180
140960
349120
557500
766000
974240
1182640
80140
287800
495740
704140
912380
1121000
18660
226500
434360
642060
849960
1058420
1266260
163340
371540
578920
786920
994740
1202900
100040
308120
515420
723280
930700
1138560
36240
244020
451500
681940
890980
1098567
1308760
206340
414300
622060
829980
1038540
1245840
143220
350100
558100
765800
974060
1182600
79880
287880
495700
703320
911800
1120020
17220
224860
432080
639680
847100
1055000
1262820
160120
368260
575740
783240
990780
1199440
97120
304240
512400
720920
928940
1136040
32920
240860
448560
656720
865220
1073420
1282400
179700
340160
550440
758280
966560
1174760
71160
279120
486980
694500
902200
1109480
6440
214920
422120
629980
837300
1044520
1252482
149060
356660
563460
771900
980500
1187040
83540
291180
498560
706280
913700
1121480
19360
226640
434160
641920
849640
1056080
1263700
161040
369100
577320
784560
992166
1199680
96600
304500
511800
718640
926260
1133260
30800
135540
347280
555640
763460
970920
1179140
76020
284540
491860
699180
906800
1114820
12140
219000
426740
634580
843120
1050880
1258800
154760
362460
569740
777840
986100
1194820
92200
299720
507620
715700
921920
1129480
26680
233920
442360
649880
857280
1065740
1273980
170820
378460
586860
795080
1002200
1209780
107100
314660
523160
731460
939180
1146540
1250860
148760
355920
563860
772140
980120
1188580
85860
294280
505620
713580
921980
1129740
26660
234640
443020
650000
856720
1064580
1271380
168060
375720
583560
792360
1000200
1207460
103180
311260
519860
728580
936540
1144140
41360
248920
456760
664180
871460
1078460
1285760
182360
390240
598360
805800
1013920
1221740
119060
326200
534180
741840
949640
1046500
1254960
153000
361180
569820
777360
985040
1192369
89820
297120
504900
713260
921887
1129340
26180
234860
442940
650840
859380
1067060
1275420
173520
380620
588198
798800
1008240
1216580
113700
321500
529020
737120
944780
1152420
49700
257760
466000
674700
882400
1090480
1298220
195160
402840
611340
819060
1027380
1234440
132560
340435
548660
757420
988720
1197660
95920
304320
511860
719640
928100
1136000
33440
241480
449280
657029
864720
1072600
1280880
177540
384600
592480
800460
1007400
1215100
111740
319500
527800
736020
944500
1153000
50140
257800
466360
673860
881000
1088880
1295460
193160
401520
608840
816820
1024240
1231360
128620
336060
544000
751140
959580
1167100
65100
273240
482880
654400
864560
1073540
1281700
179560
387080
595120
803220
1010600
1217980
115120
323520
531080
738560
945880
1153280
50140
257780
465580
673340
881700
1089880
1297980
195520
404200
612540
820780
1029360
1237200
134620
343520
550980
758860
966800
1174844
73060
281340
489000
697660
906040
1114100
10760
218620
426940
634680
842240
1050340
1257680
154500
362220
590020
798720
1007380
1216746
114840
323060
530700
739180
947400
1155120
51960
259940
467580
675380
883860
1092220
1300580
197320
405100
612960
820280
1027660
1235400
132820
340480
548540
756240
963780
1171020
67760
275320
485580
693100
901660
1109360
6420
213560
420420
629260
837740
1045020
1252300
149760
357762
566400
775340
982240
1190300
88920
259120
469200
677300
886560
1095520
1304400
201780
410100
617840
826240
1034160
1241540
139080
346940
555000
762800
971400
1179140
76493
283640
490820
698940
906720
1114300
11620
219580
427620
636140
843820
1052400
1259920
157160
364720
572000
779440
987460
1195940
93140
300840
509100
716820
924420
1132240
29527
237580
445140
652780
860880
1067960
1275760
193940
403168
610800
818340
1026320
1233180
130640
338840
546840
755520
963200
1171500
69260
276960
484860
692560
900960
1108700
6520
214760
422060
630280
838480
1047700
1255840
155900
364320
572820
780358
987940
1195300
92280
300340
507640
714720
922580
1130240
27800
235120
443680
651620
859360
1066700
1275080
172300
380020
587940
795700
1003420
1172540
71940
280120
488220
696860
904220
1112200
9160
217120
424600
632900
840860
1048940
1256960
154220
361880
569860
776880
984780
1192220
89000
296740
505540
713860
921620
1129280
27420
235580
443360
650640
859380
1066540
1275260
172960
381060
589020
798100
1006240
1214140
112000
320140
527640
735560
943840
1151240
48520
256940
464640
672280
880180
1109220
7900
216620
425200
634160
842240
1050240
1258300
156260
365100
572960
781020
989040
1197340
95220
303160
511400
719220
927040
1134960
32600
239860
448140
656000
864120
1071820
1279620
176660
386060
593880
801500
1011720
1220180
117700
325780
533360
740960
948720
1157060
54480
262480
471180
678780
886640
1095120
1303020
199900
408160
615980
1011000
1224920
124260
333580
542628
750640
958780
1167020
64280
272300
479780
687540
895640
1103660
180
209100
417460
626060
833700
1041740
1249860
146340
354420
561760
769880
977260
1184780
83180
290920
498760
706860
915020
1123920
21080
229020
436560
644320
852540
1060360
1268680
165720
373760
581680
790380
998780
1207320
104440
313140
584640
798380
1008440
1217160
114340
322080
529820
737940
946180
1154380
51700
259340
467000
674680
882440
1089300
1296620
193780
401420
609160
816360
1024760
1232520
129440
338220
546440
754900
962960
1171040
68020
275640
482740
690280
898240
1106040
3740
211300
419300
626967
834800
1042460
1250040
147520
355420
562920
770660
978240
1185560
82180
289820
523100
735000
944000
1151860
49260
256080
463840
671620
879100
1086900
1295680
193560
400500
608640
816260
1025220
1232500
129780
336900
544460
752540
960840
1169260
66560
274180
481900
689460
896860
1104180
960
208300
416380
624140
831360
1038320
1246900
144260
351400
559480
766794
974940
1183260
80180
287900
495360
702900
910300
1117160
15524
176300
386000
594100
802020
1009580
1217160
113840
322320
531020
738940
946920
1154720
53040
261540
469380
677620
885560
1093640
1300980
198196
406220
614040
821920
1029420
1237580
135360
342960
551840
759720
967500
1174520
71880
279580
487760
695260
902460
1110620
7767
215160
422640
630100
838060
1045680
1253300
150220
358840
566580
774600
983000
1190560
88400
297760
505160
712660
920000
1127260
24540
232200
440280
648580
856680
1063500
1270720
167840
376040
584440
791920
466640
681740
893840
1102120
1600
210700
418560
626520
835520
1043980
1252240
149702
357400
567000
774460
981960
1189120
86380
296260
504640
711740
920020
1128040
27860
236660
444740
653040
860200
1083980
1297360
195440
402620
610480
818340
1027200
1235020
134700
342940
550880
758360
965900
1173820
70420
278240
488740
697220
904720
1112440
10538
218100
426180
633080
841460
1051100
1259480
157320
365500
573520
782920
991560
1199360
96880
305300
515520
724040
931886
1139880
36600
244100
452600
661160
869980
1077960
1286340
186400
394800
603260
812080
1047000
1255840
152680
360900
569400
777200
986000
1193980
91640
302760
510620
718598
926700
1134800
32220
239320
447820
655920
863900
1071400
1279320
176500
384700
594260
802040
1010620
1218620
115460
323260
530520
738340
946680
1155820
52860
261100
469220
677560
885700
1093360
1303040
200580
408160
616320
824820
1033700
1241880
139600
347820
555120
692120
901520
1110060
8560
216500
424660
632060
840580
1051269
1259620
157000
365200
573260
781200
989500
1196493
92400
299740
507820
715940
924140
1132440
29220
237220
444620
652500
860340
1068140
1278620
176880
385000
592753
800620
1009760
1217000
115180
323040
530840
737980
946220
1154180
51700
261120
469660
677800
886080
1095500
1303680
201300
409360
638740
846780
1054260
1262676
159540
367360
575260
782920
990800
1199180
96680
304720
513200
720920
929300
1137167
34760
242840
450200
658220
866360
1074960
1282960
180220
387680
595400
806380
1014660
1222120
119004
325880
534340
742080
950440
1159000
55780
264140
472840
681094
889260
1096620
1303820
200660
408480
615760
823680
1031542
1239800
136840
291540
501780
709700
918460
1126320
26000
234040
442100
650900
858180
1065760
1274980
172160
380700
589860
798240
1006520
1215080
112380
320180
527940
736020
943900
1152280
49960
257660
465120
673040
880920
1089120
1296820
194560
402620
609800
816840
1025340
1234120
132120
340320
548320
756020
963240
1170760
68160
276180
483540
691700
900002
1107660
4740
234760
444140
651960
859720
1067660
1274720
170760
377509
585360
793500
1001640
1209340
105720
313540
521100
729440
937540
1145100
41880
249700
457000
664480
872860
1082260
1289940
187060
394460
601940
809940
1017280
1224640
122140
329500
536660
744720
952580
1160460
57320
265580
473140
680880
889220
1097340
1305320
202460
410440
618760
826340
1033640
1203180
102580
311580
518540
726620
934900
1143320
40260
247700
455340
662640
869920
1077860
1285960
182780
393373
601460
809580
1017020
1223600
120920
329140
536900
744380
952240
1160220
57380
265460
473140
680840
889060
1098242
1306820
205480
412820
620920
828400
1036680
1244780
141500
349600
556740
764580
972240
1179780
76500
284660
492400
700100
906940
1114300
13960
223580
431800
640093
847720
1055180
1262780
159740
367840
576320
786780
994860
1202560
100580
308120
515620
723140
930600
1138996
36260
245442
453280
661580
869100
1077400
1285040
182540
390846
598720
806800
1014954
1222140
118960
326720
534920
743080
950960
1158880
56360
263400
470640
677920
885280
1092700
1300180
196940
405480
613820
805500
1015820
1223920
120000
327320
534760
743000
949260
1156600
52640
260300
468660
676540
885920
1094040
1301880
199080
406660
614460
823240
1030980
1238860
136200
344040
552300
759980
967500
1174740
71880
279460
487000
695200
902700
1110360
7860
215720
423007
631220
838880
1047260
1255640
152420
359720
567800
776300
984300
1192247
89540
297760
505200
597202
806100
1014100
1223200
119680
327300
534740
742100
950080
1157860
54960
262860
469940
677888
885560
1092420
1300600
197920
405720
613600
820820
1030460
1239360
136000
343940
552640
760980
968600
1176480
72560
280740
489540
696880
905200
1113454
11360
219820
427540
635020
844280
1052200
1259920
156420
364460
571700
779441
987800
1195620
92020
299877
406300
615980
825420
1034200
1242940
140400
349020
557000
765440
973320
1181040
78840
286773
495080
702880
911290
1120220
17540
225280
433320
641640
849860
1058000
1266940
164500
372172
579820
788420
997300
1205540
103749
312380
519940
728540
935720
1144040
43940
251640
460060
667720
875560
1084120
1292060
188900
397160
604600
813100
1020620
1228400
125260
353340
562260
770360
977700
1186480
84380
292680
500060
707800
915220
1123280
20340
227660
435700
642740
850940
1059300
1267840
164620
373180
580580
788580
996800
1204860
102400
310600
518940
726420
933680
1141476
39300
248100
456780
664940
872120
1080380
1288320
185500
393420
602040
809957
1018560
1225740
123720
332620
539760
747360
955480
1163160
10520
220400
428940
636640
844020
1051880
1259020
156520
364740
572440
780080
990180
1198160
95080
302700
510380
717820
925420
1133620
30800
238720
446400
653620
861160
1068840
1276620
173440
380920
589140
796620
1004220
1212020
109220
317620
525140
732700
940020
1148140
45260
252280
459420
666760
873140
1080820
1287340
184260
392060
599620
807340
1015580
1112320
9640
219000
428440
636400
844640
1052860
1260580
158620
365840
575000
783160
991720
1200300
97140
305720
513740
721660
930320
1138920
35720
244400
452438
659500
867960
1075700
1284000
180640
388140
595660
802880
1009940
1217980
114900
322340
529720
737620
945080
1152180
49140
256700
464840
672660
882500
1091820
1299460
197580
405620
614161
822620
915760
1125180
22480
231280
439280
647320
855900
1064200
1273020
170880
378460
586080
795300
1003400
1211980
109580
317560
524880
733560
941602
1149738
47260
254940
463320
671200
879620
1087960
1296560
194920
402620
609920
817700
1025885
1233740
130200
338700
546180
754480
962920
1171820
69500
276500
484480
691740
899100
1106800
4580
211820
419160
626700
835100
1044840
1253040
150940
358500
566220
774277
982560
1189820
87540
294540
502240
709420
917480
1126360
23020
230580
438580
646260
854300
1062580
1271100
168260
376600
584480
792660
1000700
1209740
106280
313900
521340
729400
937680
1145580
42240
251080
461680
670520
878480
1086880
1295300
192520
400800
608040
816680
1024180
1232060
129600
337540
527940
738660
947460
1155780
53600
261620
469500
677840
885740
1093520
1300840
197500
405440
612854
821260
1028560
1235400
132760
339840
547600
755460
962660
1170540
67260
275100
483380
691760
899480
1108740
5880
213620
421820
629780
836640
1043960
1252640
150100
357920
565460
773620
981420
1190380
87740
295600
504100
712220
920040
1128080
25480
233300
460660
669380
877180
1084700
1291540
188880
395600
603060
810260
1017680
1225540
122720
331460
539280
747480
955800
1163340
59860
267620
475820
684340
892180
1099820
1308680
205760
413280
621940
829580
1038500
1246300
143300
350260
558020
764900
973200
1182060
78900
286220
494440
701880
909840
1117600
16060
225100
432560
641000
848320
1055900
1264160
130320
339600
548720
756660
964880
1172600
69400
276620
484880
693000
901320
1109800
7040
215415
423440
632240
840120
1048160
1255360
152760
361700
569780
778160
985740
1192940
90180
297360
504500
712560
920840
1129720
27080
234680
443180
651200
859180
1067360
1275140
172080
380020
587260
795260
1002800
1211100
107840
315740
522600
730680
938780
1147300
64440
273480
482140
690660
899000
1106680
3820
211460
419580
627380
836100
1043840
1250560
149641
356840
564080
771860
979900
1188060
84560
292720
500780
708360
917340
1124860
22660
230760
437680
645100
852900
1060440
1267600
163940
370880
578220
786120
994520
1202200
98320
305760
511700
719100
926160
1133540
30220
238260
446040
652840
859520
1044680
1253940
152060
359740
567340
775140
982820
1189660
86700
294200
502320
713240
920860
1129260
26520
234780
442540
649480
856780
1065060
1273540
171320
380040
588140
795300
1003880
1212560
110280
318600
525720
733740
941600
1149180
46220
254520
461920
669100
876220
1084360
1292700
189800
396900
604518
811960
1019680
1227720
124560
331956
540160
747620
955220
1164080
61580
269660
477580
685440
893440
1101400
1309680
207700
415800
624280
831240
1039538
1247740
145960
352382
560840
768800
976960
1185140
82440
290920
498800
706900
914560
1121820
19120
226620
434620
642295
849840
1057920
1266160
164360
371920
580520
789140
996940
1204700
101900
310600
518280
725840
933300
1140560
37500
245520
453380
680260
892540
1101140
1310120
208540
417340
625220
832940
1040820
1248680
146240
354060
562140
770420
978980
1186200
83280
291260
499180
707100
914640
1122960
19758
227920
435460
643100
317240
531820
744180
953080
1163320
61100
269280
477660
686540
894280
1102680
1080
208580
418640
628300
836760
1044778
1252980
151440
359640
590642
799980
1009260
1219720
115640
324020
532220
740500
948520
1160140
58480
266140
474380
682960
892060
1100620
400
208660
416600
625440
835000
1042360
1250260
148960
359500
568480
776400
984440
1192540
90200
298240
506100
713420
924598
1132900
30860
239020
447280
655878
863920
1072240
1280200
177020
387880
596380
805300
1012920
1221260
118640
246260
494340
704780
914360
1122640
22260
231120
440180
648740
857380
1065520
1274640
172820
380800
588540
796860
1004980
1212920
113220
321300
529460
737580
945980
1154360
51660
259280
467140
675560
883300
1089980
1298900
195780
405900
614560
822540
1030500
1238900
135460
343600
550700
758040
965680
1172940
69920
277380
485180
693080
901620
1111400
28200
237360
445860
654620
863078
1071920
1280120
176860
385020
592560
800360
1008040
1216160
113660
321840
529360
737920
947920
1155420
52320
259720
468340
676720
884800
1092500
1301280
197200
405240
614180
822400
1030340
1238160
135700
344540
552200
760480
967580
1176880
73520
280720
488440
696300
904680
1112740
10020
217820
426000
633620
841780
1049660
1164720
63580
273120
482100
690140
897720
1106620
3580
211920
422580
632300
841600
1050140
1259200
156940
365360
573520
781560
989556
1197300
94680
302340
510500
718600
926220
1134058
31960
240020
447740
655080
863440
1071180
1279400
177520
385980
596660
803840
1012720
1221460
118640
326260
534140
742700
950540
1157980
55720
264760
472380
680900
888840
1118780
17500
224300
432160
640840
847860
1055600
1264720
161360
369360
578120
786620
994360
1203940
101760
309360
517320
725400
933005
1139760
37500
246280
454100
662516
870540
1077920
1285300
182880
390920
598800
806760
1014080
1222220
118900
327280
534940
742540
950720
1159080
56640
264620
473540
681360
889080
1095700
1305620
203560
411440
619640
765380
975080
1184100
81020
288140
495920
703020
911240
1119580
16520
224240
432600
641260
848920
1055780
1264300
161880
368460
576600
784380
991340
1199340
96200
303820
511960
719580
927940
1136860
34940
243080
451980
658800
869340
1077660
1285960
183140
390640
599020
807020
1014000
1222260
119220
326800
534240
741680
950460
1159080
56160
264420
472400
702020
911180
1119300
15780
223720
431200
639820
848020
1055580
1263900
160560
369200
577620
785940
993780
1201820
99860
307740
516380
724540
932240
1140400
38120
248520
456300
663800
871600
1079160
1287860
185360
392940
601280
809260
1017440
1226480
123300
331080
540240
748760
956760
1164840
62600
270500
478240
686500
894140
1102560
440
209080
369240
578800
787815
996340
1204430
101420
309140
516758
724320
931760
1139960
37520
245760
453940
661600
869200
1076260
1283580
180620
389060
598740
806820
1014498
1222920
119860
327140
535620
742960
950720
1158280
54840
263060
470400
678460
886540
1093820
1300920
197480
404780
612720
820100
1027300
1234740
132140
338800
546080
753360
961000
1169034
66080
162120
371000
579500
787460
995040
1203880
101780
309440
517360
724860
932820
1140720
37080
244720
452940
660820
868720
1075540
1282940
179840
387480
597560
805180
1012780
1220237
117480
325400
533440
740400
948260
1156278
53660
262000
470020
677640
885820
1093320
1300780
198020
405940
614340
821820
1030460
1238980
136540
344000
552220
760960
968920
1176580
1281680
179880
387120
595720
803480
1010960
1219140
116740
324440
531440
739700
948240
1155600
52960
261080
468740
677320
885120
1092700
1300840
198340
405240
613260
820840
1028480
1236060
133160
341060
548640
759660
967820
1175200
72080
280440
487040
694660
903060
1111060
8278
215660
423060
630380
838800
1045960
1253920
150980
359380
566440
773460
981400
1074420
1283880
180860
388900
596360
804120
1013100
1220880
118560
326140
534240
742220
949460
1157520
55140
262440
470560
678240
886240
1094020
1301920
198960
406940
615000
823200
1031480
1239560
136860
344680
552340
760160
967460
1175320
71880
280720
488120
695960
904200
1111800
8800
217000
424560
632460
839880
1050780
1258880
156500
364120
571660
779320
884580
1093420
1301080
198280
407020
614160
821620
1029260
1237960
135620
343260
551540
759360
967680
1175760
73300
280760
488060
694960
903240
1111200
8620
216580
424300
631400
839080
1047420
1256420
153340
361600
568900
775520
983100
1191040
88420
296480
504356
711420
919380
1127860
25300
233140
441060
649520
857640
1065580
1274060
171680
379980
588020
795900
1004340
1212080
109020
316720
525360
733860
941040
1148700
46580
255100
463460
671840
880180
1087820
1296340
193700
402200
611760
819120
1027398
1235640
133340
341820
550240
757740
966200
1174360
70900
278960
486023
695100
902220
1109760
7300
215100
423240
630940
838294
1045820
1254700
151020
359080
567700
775580
982760
1190800
88120
296380
487940
698040
906760
1114700
12520
220980
428860
636780
843980
1051660
1259380
156360
364880
572920
781360
988920
1196500
93980
302180
510080
718100
926200
1135100
31860
240060
448220
656060
863360
1070760
1278660
175180
382880
591200
798780
1006680
1214220
111980
319900
528260
737260
945380
1153525
50500
259460
466880
675560
884060
1092260
1300220
197200
425460
637180
845840
1053840
1262880
159680
368400
576560
784380
992100
1199380
96840
305520
513540
721880
930060
1138160
34900
242460
450940
658340
865720
1073420
1281520
178860
385600
593160
800480
1008860
1216880
114200
322200
530120
737980
945600
1153700
51420
259800
467052
674700
883300
1091380
1300080
197300
404820
612740
820300
1028220
1236200
89620
299380
508240
716120
924120
1131740
29080
237560
444840
652500
860660
1068540
1276100
174180
382560
590020
797860
1006300
1214260
112460
319900
528700
736880
944260
1152540
49800
258340
466560
674620
882764
1089920
1297220
194560
402360
610740
819320
1026840
1234840
132780
339680
547220
755240
962280
1169820
66640
276600
485397
693560
902280
1111480
28700
237320
444680
651720
859760
1067740
1275340
172380
380480
588260
795580
1002720
1210460
107000
315303
523220
731120
938100
1145820
42820
250500
458000
665380
873100
1081047
1288480
184840
392160
600140
807820
1015500
1224060
121320
329420
537060
744920
952760
1161040
57460
265180
473140
681600
890060
1098540
1305640
203480
411240
619300
827100
1003220
1212100
109960
317720
526460
734500
942980
1150720
48340
255840
464900
672800
880660
1088160
1296240
193480
401740
609680
817740
1025880
1233780
130260
338040
545040
752420
960080
1167720
65380
273540
482180
690060
897720
1105180
1960
209238
418418
625800
833440
1040920
1248620
146420
353540
561440
770020
977840
1185600
82160
290580
498580
707020
915200
1126160
23860
231600
438800
646460
854500
1061780
1269760
166800
375180
582860
790780
998860
1206700
103260
310760
518380
726200
933960
1142160
39500
247100
454260
661680
869160
1077040
1285560
183020
390720
600002
808040
1015924
1223480
120420
327460
535600
744060
951960
1160240
58140
265980
474300
681200
888360
1096340
1304460
201580
409478
605280
815100
1024120
1232020
129700
338020
545620
753180
960920
1168380
65120
272580
480700
688540
895860
1104514
2040
210440
418400
625960
832780
1041000
1247960
144820
353020
560240
767720
976100
1184620
82040
289900
497940
704980
912140
1119700
16960
224640
433260
641760
849120
1058320
1265520
162900
371060
578940
786940
994518
1203060
100440
308740
536640
746060
954200
1162540
60200
267460
475020
682620
890340
1098260
1306480
203860
411840
619780
827400
1035140
1243800
140700
348220
558660
765800
973740
1181960
78880
286580
494340
701780
909700
1117100
14660
222720
430580
638060
845980
1053340
1260640
157100
364340
571700
779600
987820
1195740
93980
301880
509640
717260
925260
1132940
30060
206180
415220
623613
832060
1039567
1247460
145349
353440
562080
769820
977660
1184940
81600
290060
497520
705460
914200
1121240
17946
225700
433220
640500
847640
1054640
1262140
159260
366760
574320
781720
989060
1197600
95120
303238
510660
718760
926420
1134180
31400
238860
446280
653940
861260
1068580
1277320
173980
382800
590340
798120
1005700
1213320
100
209000
417640
625660
833920
1042500
1250920
148500
356438
563840
771300
978440
1187300
85040
293480
500780
708920
915760
1123740
21760
229820
437720
645560
853260
1060960
1268655
167000
374640
582540
790260
996960
1205380
102480
310880
518600
192360
406140
618780
828660
1038600
1248420
146367
354920
564860
773800
981920
1119420
19000
230580
439260
647260
855700
1063620
1273340
170520
379740
587660
796340
1006120
1214560
112220
319480
527580
735760
948480
1156960
54140
262540
471120
679160
888000
1099000
1307560
204340
412120
619900
827720
1035660
1244080
143340
351360
559880
767700
975720
1184300
81480
289740
498040
708200
916860
1124520
21340
229140
436960
644680
851840
1085158
1294360
193920
402160
609560
816540
1023775
1232460
130480
338560
546380
754620
962420
1172840
69960
277700
485020
693280
902080
1110220
7280
215320
422720
630900
838780
1046540
1256440
154060
360940
568780
776900
985080
1192580
89660
298358
505460
713640
922880
1131360
28780
239300
447615
655260
863420
1071780
1280100
177660
385560
594040
755460
968380
1176980
75240
283120
491720
699940
910680
1119380
16560
224460
432980
641380
849820
1057180
1264460
161940
370260
577880
786500
993820
1201680
98820
306180
514480
724780
932140
1139620
37000
244480
451780
659340
867100
1075120
1282940
180460
388360
596940
805480
1013880
1221980
119500
327940
535646
743640
953520
1161440
58680
266380
494140
704100
911720
1119440
17040
226040
433960
642640
850580
1058480
1266360
163940
371740
579500
787140
995420
1202820
100200
310520
518520
727040
935740
1143800
41360
249860
458860
666900
875020
1082900
1290160
187280
395440
602840
810340
1017840
1225740
123820
331440
539260
747480
955500
1163796
60780
268480
478980
687140
895040
1102500
80
208420
321680
531320
739060
946140
1153420
50220
258420
466400
674580
882180
1089700
1297820
194800
402060
610360
818060
1025280
1232618
129920
338020
546260
754280
963780
1171960
69760
276980
484960
692760
901520
1109180
6900
214680
422580
629960
838700
1046940
1255040
152560
360480
568540
776354
984720
1192898
90000
297580
505920
714540
922700
1131460
28440
256860
466180
674040
881520
1091820
1299400
196640
405040
613160
820840
1028620
1236860
134800
342960
551120
758560
966380
1174920
71960
281320
489000
696600
905660
1113040
10760
218580
426420
634320
842460
1050260
1257360
155600
362880
570720
778700
987780
1195860
92900
301140
508920
719380
927740
1135160
32040
239540
446560
654220
862920
1071440
1232840
131880
340640
548700
756900
964160
1171560
68280
276680
484260
691880
898860
1107300
4880
211940
420260
628080
835754
1043420
1251060
148320
356100
563780
770920
978600
1185740
82400
290700
497800
705080
912780
1120440
20420
228280
436360
644040
851440
1058900
1266840
164780
373400
581520
788420
996480
1203700
100780
308280
515440
723400
931200
1028400
1237260
135200
343680
551840
760140
967320
1175060
72840
281260
489160
697580
905240
1112780
9760
218160
426280
634720
842560
1050400
1258260
156080
363720
571800
780020
987840
1195980
93200
304120
512620
720960
928849
1136338
33780
241160
448560
656900
864860
1073000
1280680
177720
385740
593600
800560
1009060
1217260
114655
322620
530780
738680
970840
1181000
78280
286620
494540
702052
909660
1117660
13960
221700
429540
637520
845280
1052200
1259420
156160
364120
571980
779840
986880
1194500
91820
299480
506720
714605
922360
1130800
26900
234620
444220
653200
860680
1068360
1275540
172320
379240
586600
794180
1002160
1210320
107120
314160
521520
729380
937700
1146220
43560
251560
459140
634460
843700
1052460
1260600
158020
366080
574320
782900
991000
1199200
97060
304640
512660
720540
929140
1137098
35560
243700
451860
659200
867460
1076040
1283880
181060
388700
596000
804580
1012820
1220140
117200
325180
533100
741240
949360
1157160
54900
263760
471660
682040
890380
1098780
1306160
202560
409400
617240
824660
1032140
1239920
137280
344680
574400
783762
992400
1199880
97200
305560
512920
720200
928358
1137600
35080
243520
450940
659140
867000
1074740
1282820
179760
388560
596300
804420
1012369
1219920
117740
325460
534038
741820
949660
1157940
54900
262380
469520
676620
884800
1093020
1301980
200280
408080
615840
822940
1030180
1237740
134380
341640
548740
756080
964160
1172640
70200
234280
443860
651680
859318
1069560
1277560
174917
383260
590700
798300
1005660
1213120
110960
319260
526340
734800
943040
1150700
47900
256060
463100
671000
878720
1087140
1294260
191860
398880
606640
814240
1021860
1229300
125760
333340
541200
749568
957320
1165100
62260
270000
477060
685180
893700
1101740
1309580
207020
414880
623040
830620
1038560
1246820
143360
352080
559680
767220
975360
1183860
81200
288860
496620
703540
911520
1119040
15980
223300
431240
638500
845760
1053360
1261180
159040
367240
575600
783340
991720
1199080
96780
305660
513840
724600
931840
1139760
37420
245600
452920
660940
869000
1076740
1284980
182060
390720
598520
805960
1012520
1219660
116640
323860
531080
738960
947360
1144234
44400
252340
461340
669840
878180
1085660
1293360
190820
399320
607320
815520
1022880
1231400
129380
336080
544140
751960
960100
1167598
64340
271920
480000
688020
896300
1104020
1260
209460
417980
626140
835076
1043840
1251140
148520
356520
564380
772040
980140
1187840
84380
293060
500960
709380
916700
1124820
22520
230300
438160
645976
854300
1084260
1293500
192040
400400
607893
816540
1025560
1233260
129620
337680
545440
754840
962740
1170480
67260
275340
483200
690460
897980
1105440
3060
211780
420340
628440
835360
1043200
1251160
148820
356880
565580
773040
981460
1189420
87380
295560
503280
711460
920200
1127360
23720
231340
438700
646880
854920
1063580
1271860
169260
376180
584360
745400
955080
1163320
60680
268260
475740
684160
892060
1101380
1309282
207200
414780
623880
831420
1039600
1247280
144560
352300
559960
767540
974720
1183060
79920
287740
495480
702660
910720
1117920
14840
222440
430620
637540
845040
1052860
1260800
158060
365720
573640
781400
989540
1198300
95260
303560
511280
719080
926760
1134300
31600
239160
446800
654880
863360
1071717
1279820
178100
388060
596000
804240
1011720
1220420
118460
326740
535120
743080
950140
1158038
54880
261940
469660
677680
885620
1093200
1301180
199800
407420
614560
822680
1030520
1237720
133940
342020
549700
756980
964540
1172593
69860
277840
486620
694580
902460
1109700
6340
214140
422780
630800
838300
1046149
1254100
150840
344900
554900
763900
972160
1180060
76520
284680
492440
701224
909720
1118220
15240
223340
430800
638720
846560
1055360
1263440
161100
368620
577360
785780
994240
1201930
99320
307620
516320
724660
933180
1141300
38040
245600
452900
660960
869604
1077920
1285820
182120
390300
599540
806960
1014460
1222540
119520
327720
536100
743360
951940
1160280
57700
286560
495560
703960
911800
1120438
17540
226120
434500
642300
849740
1057560
1267420
165100
372620
581640
789420
998060
1205160
102090
309560
516960
723920
931080
1138600
35660
243600
452000
659300
868080
1075980
1284620
180520
388594
596388
802920
1010840
1218320
115340
323440
531380
738460
945700
1153600
50380
257560
464500
672400
879520
1086860
1259500
158920
367440
575060
782963
992140
1200440
97660
305600
513680
720820
929360
1138120
35300
243520
452540
660840
868980
1076640
1285160
182300
390300
598420
806380
1013760
1221160
118400
326480
534820
743500
950720
1158600
55860
263260
471020
678444
885960
1094120
1301660
198540
406740
615240
822860
1030520
1238990
136280
344420
553600
761400
969560
1200320
98560
306540
515160
723640
931480
1139202
35880
243780
451460
659500
867620
1076580
1284200
181380
389540
597000
804621
1012940
1219760
117080
324700
531814
739660
948900
1157120
54980
262520
470080
680160
888720
1097340
1305880
203140
411320
618640
825800
1032980
1240260
136460
344580
552100
758820
966020
1173340
70598
278320
486380
694020
862920
1072540
1279940
177140
385900
594180
802460
1009820
1217120
114500
322720
530720
738100
946920
1155640
53060
260560
468855
677440
884680
1092080
1299680
197120
404820
612320
819740
1027120
1235120
131980
339260
547180
755320
963860
1172020
68420
276120
484240
691740
899560
1107240
5200
212780
419860
627620
835460
1043460
1250540
147180
354960
562360
659140
867920
1076440
1284580
181700
389960
597500
804802
1013100
1220460
117660
325920
534460
743040
950940
1159220
55800
264120
471740
679620
886520
1093720
1301900
199360
406320
614020
821220
1028720
1235880
132980
341076
548140
756418
964200
1172280
69080
276460
484580
693044
901520
1109620
7420
215200
422820
630200
837880
471300
687980
901120
1111560
11240
220500
429280
637700
847700
1056700
1265100
163158
371900
581920
791220
999440
1207760
104480
313780
521880
729900
937520
1145320
44260
253180
460420
668140
876420
1084320
1297060
193920
402540
611400
818840
1027460
1235760
135220
343220
551320
759940
968720
1176720
74200
282060
491760
700320
908740
1117240
14620
242160
451660
660140
868800
1079640
1287600
185620
393580
601780
809540
1017880
1225520
122220
330740
541920
750000
958140
1166760
64200
271800
480400
688200
896100
1103700
140
209844
418420
626140
834200
1041760
1250920
148438
356560
564620
772520
980900
1188680
86695
296540
504900
712460
920580
1128860
26840
235360
444040
651820
860040
1067340
1275360
55920
265860
476020
685020
893200
1101260
1310140
207580
416060
622860
831660
1039740
1247820
144760
352540
561260
769000
977780
1188260
85940
294140
502260
710700
919120
1126680
24080
232280
440180
647780
855780
1063800
1271360
169720
377620
585600
793240
1002760
1211360
108480
316160
524420
732280
940920
1148440
45260
253400
460520
668000
876360
1083080
4040
212580
420620
627780
836160
1043920
1254160
151520
360380
567940
775780
983480
1192380
89840
297940
506760
715080
923560
1130960
29000
237300
446220
653820
861060
1068640
1276620
174120
382020
592260
800460
1008820
1216600
113140
321080
530760
738240
946180
1154120
50780
258520
466460
674740
882100
1090440
1298460
195120
402800
611140
818480
978360
1187780
85120
294060
502580
713220
922800
1130840
28160
236780
445720
655000
864320
1072920
1281120
177680
386280
593960
801260
1009120
1216660
113860
321280
530140
739120
946320
1155200
52280
259960
468220
676380
884040
1091900
1302680
200320
408240
616160
825060
1033300
1240720
137860
346120
554420
761960
970240
1178900
75780
283880
491240
698740
973440
1184180
82700
290080
499080
707260
915380
1123960
21940
230640
438840
647160
855000
1062980
1272320
171900
380660
590080
798360
1006560
1215160
112520
320009
527180
735740
943100
1150320
47240
254080
461320
669380
877400
1085580
1293340
190100
397680
605660
813480
1021840
1229880
127160
334578
542500
750620
958980
1166920
64420
272706
480400
570760
778640
989320
1197800
94400
302520
510540
718680
926500
1133978
30880
239360
447160
655380
863360
1071300
1279280
177060
384740
592520
800380
1007900
1215612
112660
320320
528060
735900
943940
1151660
49320
256820
465040
673140
882040
1089860
1298220
195900
403700
611220
819460
1027000
1235340
133420
344540
553000
761360
969360
1176700
74580
283120
491420
701160
910220
1118700
15860
223280
432080
639540
847180
1054460
1262962
160780
368860
577540
786200
995140
1203180
101100
308320
516360
724560
931660
1139940
37480
245180
453500
660800
868980
1077480
1286140
183420
390920
598340
806420
1014300
1221880
118880
325520
533712
743820
952200
1159960
56640
264480
472000
680200
887940
1096320
1305020
183700
393478
601780
810800
1019200
1227280
124880
333050
542642
750780
959280
1166980
64820
273640
482680
690342
898500
1106220
2540
209860
418820
627220
835280
1043940
1252120
150060
358080
565200
772000
979940
1187720
85020
293100
501760
709460
918200
1125880
22780
229820
437700
645460
855380
1062920
1270940
167340
375920
584120
792900
1001560
1209780
131560
340680
549200
757380
965442
1173720
70960
279480
487640
696860
906162
1114600
12320
220780
429300
638060
846160
1054280
1263020
161060
368640
576960
786280
993820
1202520
99580
307480
515680
723100
930480
1138680
36140
243940
451720
659620
868640
1076820
1284840
181260
389340
597520
804960
1012580
1220664
117480
326400
534620
742340
951020
1097720
1308000
205680
413100
621340
829160
1037480
1245540
142340
349940
557740
765480
973140
1181080
77880
286220
493400
701000
908280
1115840
12640
220180
427800
635480
842500
1050560
1256700
153000
360420
568700
776120
984709
1192800
90898
298460
505480
714397
922020
1130340
27940
236900
445200
653220
860520
1068720
1276640
174420
382720
589980
798562
1006860
1216400
114100
322280
530060
738118
946020
1153980
51320
258820
466640
674080
881780
1089440
1298760
197820
406760
615620
823380
1030836
1238300
135140
342660
549920
756820
964600
1172320
71080
279240
487260
694860
902000
1109960
7100
214820
423600
631649
840500
1048260
1255980
153340
361800
570220
778060
986758
1195280
93000
300880
508280
699720
909420
1117120
14480
223240
430920
639080
847260
1055200
1264060
160880
369000
576740
784540
992380
1200460
97560
305958
514440
722660
930600
1137960
34560
242260
449580
657320
865340
1072040
1279460
176900
386020
593480
801280
1009440
1217020
114460
322360
530680
738100
946180
1155740
52780
260320
468860
676900
884280
1092100
1299240
196940
404900
634060
842980
1050510
1258840
155960
364400
572580
779840
987760
1195220
92520
300440
507820
716078
924560
1132360
29600
237480
446560
654940
863120
1071700
1279720
177040
384720
592260
800460
1008320
1216640
113880
321460
529440
737640
946160
1153660
50880
258300
466582
674060
881900
1090180
1297780
194590
402560
610520
819122
1026380
1234660
132300
301840
512280
720860
928980
1137140
33840
242120
450040
658180
866480
1075080
1283420
180480
388600
596700
804360
1012720
1220740
118560
325700
533800
741040
950700
1161480
58778
267060
475460
682960
890540
1097580
1306020
202940
410284
619180
827680
1036700
1244560
142520
349940
558460
766280
974520
1182720
80620
289020
497100
705260
913160
1122100
19420
251080
460080
668140
876360
1084300
1292100
189680
397440
605500
813140
1021440
1230860
128740
336980
544680
753360
961680
1169520
66720
274820
483000
691020
898500
1106680
4700
211900
419220
627160
835020
1043500
1251460
147960
354880
563120
771240
978840
1186520
84360
292320
499860
708140
916580
1124880
21860
229800
437280
646160
853820
1061300
1212240
113680
322000
530560
738760
947380
1155280
52740
260160
468020
676080
883100
1091300
1298900
197020
405480
613940
823563
1032160
1239940
137700
345540
552800
760100
967320
1173780
70420
278200
486140
694600
901720
1109740
6280
214120
422240
630040
838360
1047240
1255840
154060
362960
571240
780160
987960
1195980
93000
301180
508780
715920
924160
1153180
51140
259260
468120
675940
884160
1091480
1299420
196560
404240
612126
820820
1028660
1236900
134980
342838
550600
758400
966740
1175520
73240
280380
488320
695600
902480
1110540
6680
215320
423020
630860
839300
1047200
1255440
152640
360340
568340
775660
983480
1191160
87720
295600
503100
710500
917860
1125080
22320
230860
438440
645520
816080
1026420
1234080
131880
340060
547630
756440
964540
1172220
69320
277880
485480
692860
900380
1108882
5820
213200
420660
628540
835880
1043060
1250540
147240
358080
566200
775060
982780
1190540
87940
296240
503900
711660
919480
1127100
24020
231860
440300
648089
855780
1063700
1272040
169400
376960
585540
793420
1000980
1209120
106220
313933
522209
752060
960780
1169140
65940
271720
479440
686740
894020
1101680
1309300
206140
413540
620730
828520
1035840
1243420
141400
349140
557140
764200
971820
1179660
76780
285560
493580
700880
909240
1117240
15640
223660
431420
639660
847160
1054820
1262680
159660
367180
575540
782960
990400
1197620
94760
301940
509380
717520
924320
1132360
29160
237060
415140
624740
832780
1040580
1248620
146080
354320
562660
770720
979100
1186920
84340
292460
500680
708260
916300
1123620
20020
227020
435240
643860
850820
1057460
1264820
162440
370020
577100
784280
990880
1199020
95540
303020
510460
718130
925365
1132980
29920
237480
445140
654100
862720
1072980
1281520
179100
387900
595480
803580
1011540
1218360
114880
211460
421180
630040
838280
1046740
1254694
151580
359160
566820
774755
982000
1189460
86400
294840
502180
709920
917040
1125260
22840
230680
437860
644560
852160
1059600
1268080
165480
373340
580600
787680
995540
1203500
100780
308380
515920
723980
931720
1139440
36480
244300
452940
660800
867840
1076200
1284620
182000
390580
598380
807040
1014720
1223320
17980
226300
434120
642020
850300
1058620
1267254
165100
372580
580160
788520
996820
1204880
101560
308620
516880
725860
934340
1141980
39360
248220
455840
663840
872440
1079740
1287380
184380
392460
601100
809400
1016900
1224234
121080
328640
536511
744340
951540
1158845
56340
263120
469780
678020
886160
1094320
1302400
199320
407080
615100
823520
1031773
1239920
138440
346700
554460
763420
971820
663520
878320
1090600
1300240
200060
408820
616940
826240
1036600
1244680
141600
350660
559340
769200
977540
1185160
82080
290420
499340
707580
915780
1123700
21080
231740
439560
647280
855760
1063800
1272700
174160
383180
590340
798500
1007960
1215720
113100
322420
530740
738358
933120
1143800
41760
250020
458600
668280
877200
1085200
1293740
191420
399560
606980
816140
1024800
1234900
133020
341780
550120
758240
967060
1176300
74520
283840
492720
702780
911580
1120400
17580
226080
434100
642220
849820
1058200
1267460
164920
375460
583560
791360
999420
1206940
104460
312240
520840
727720
935860
1143560
41760
250500
460240
667720
899420
1107880
5900
213340
421260
629160
837680
1045400
1253720
151600
359522
567700
777600
986180
1193980
90720
298700
507200
716060
923620
1130722
27680
236520
444920
652910
860340
1068000
1276160
175960
383880
592620
799700
1007940
1216120
113380
322160
530469
737820
946000
1154460
52040
260080
467280
675460
883660
1091140
1300640
198358
406500
533100
743200
951020
1158700
56740
265240
473260
681060
889500
1097300
1305400
202100
411000
618440
826080
1033440
1241140
140280
348720
556360
763840
971540
1179620
77040
284260
492560
700340
908800
1116500
13740
221440
429420
637200
844420
1051780
1259840
157480
366580
575180
785600
994500
1202080
99700
307320
514820
722165
929740
1137180
34520
242320
470580
679900
888180
1096392
1304620
201420
408980
616810
825040
1032840
1240980
137680
345700
551960
760260
969920
1177560
74020
281140
488280
696060
904040
1111720
8960
216480
423920
632520
840880
1048640
1256700
154180
361960
570140
778300
986402
1194240
91000
298540
505440
713936
921960
1130240
27860
238240
445600
653760
861600
1069500
1277040
134120
343520
551520
759540
968000
1175560
71860
278860
485600
693560
901520
1108260
5220
212800
421100
628860
837400
1044860
1252820
150520
358340
565597
773340
980680
1189477
86120
296840
506140
714020
922000
1129840
26380
234680
442620
650280
859060
1066820
1274460
171120
379160
586960
795160
1002980
1211160
108180
315840
522840
731080
938900
1146080
43960
252900
459920
667780
876120
1084036
1292820
190180
398920
607380
815660
1023880
1233780
131180
338980
547100
754680
962040
1170780
68160
276300
484900
692980
899240
1105940
2760
210920
418560
626100
833740
1040840
1248820
145800
353161
560080
767940
975520
1183600
80120
288100
496480
703980
911820
1119840
17020
224480
432440
640640
848620
1045980
1255560
153440
361760
572440
780920
989320
1197980
95100
302900
511340
719260
927641
1134540
32040
240480
448720
656840
865260
1074460
1283160
180840
389440
597780
807160
1015640
1225080
122280
329900
537840
746500
955200
1163840
61480
269700
477600
686080
894560
1102860
540
208420
416000
624320
832540
1040760
1247640
144560
352300
559960
768640
1042900
1254009
152840
360760
568520
776840
984560
1191980
89360
296900
505062
712660
921600
1129524
27000
235160
442620
650358
858460
1065820
1274180
170920
379120
587240
795558
1003980
1212300
109040
317540
526260
734760
942960
1151068
48320
256860
464720
673560
881540
1089860
1297420
194560
402200
609380
816520
1024040
1232520
130460
338080
546080
651600
860760
1071540
1280600
177780
385900
593860
801220
1009320
1217220
113760
321300
530000
738200
946920
1154600
51680
260000
468180
675700
883540
1092180
1301140
198560
407000
615380
823740
1032140
1240260
137060
344680
552760
760760
968740
1176720
74080
282460
491180
698600
907120
1115520
13420
221540
429080
637160
845240
1053080
1261040
157700
365680
593760
802720
1011580
1219020
116300
324400
532240
740660
948120
1155963
55720
264340
472620
679940
888080
1097160
1305180
203060
410700
619360
827280
1035140
1243460
140840
349300
558180
765300
973600
1182438
79860
287680
496280
704260
912000
1119500
16380
224400
431960
639740
847440
1055580
1264660
161720
369140
577580
786520
994560
1203680
101660
252720
462600
671280
879260
1086820
1295580
192520
400780
608900
816540
1024460
1232200
128920
336560
544800
752940
961920
1170280
68780
276560
484860
692320
900400
1108000
5020
212800
423480
631960
840920
1049620
1257798
154960
361840
570500
778420
985522
1193940
90840
298420
506180
714240
921980
1129620
26780
235340
443620
652200
860040
1068580
1276600
194140
403140
611000
819682
1027800
1234980
132360
341320
549220
756840
964940
1172660
69540
277360
484910
693740
901480
1109420
7500
215560
423700
631440
839260
1046880
1254380
152300
360800
568260
775800
984140
1192200
89420
296660
505000
713580
921400
1128940
26740
235540
443700
651340
859060
1067260
1275620
172200
380280
589140
796680
1004420
1167180
68260
276440
484440
692040
899280
1106380
2780
210200
418040
626380
834140
1041640
1248700
146680
353940
561760
768720
976300
1184520
81640
291060
499000
706480
915060
1123160
21560
229180
437080
644580
853800
1062440
1270300
167840
375380
583460
793200
1001220
1209660
106600
315280
524000
731860
940120
1147960
44900
252480
460780
669380
877900
1106140
3640
212180
420580
628420
836580
1043740
1252080
150380
358760
567160
775580
984520
1192980
91220
299640
507500
715360
923760
1131840
29460
237580
445680
653340
862000
1071100
1279000
176260
384020
591760
799160
1006800
1214980
114420
322629
531840
739920
948400
1157160
55360
263200
471360
678620
886738
1093760
1301840
198700
406160
613280
771040
980900
1189720
86920
294280
501840
709120
917160
1124840
21380
229440
437040
645160
853080
1062100
1270340
167940
374660
582400
790660
998780
1206360
104700
312960
520880
729150
936760
1144440
41980
250880
459060
667680
875420
1083820
1292020
188900
397602
605480
813960
1021880
1229540
127320
335660
543840
752000
960080
1167760
65240
273900
481980
712560
922120
1129980
27340
234980
442920
650220
856960
1065500
1273460
170840
378120
586020
793560
1001280
1209080
106760
314320
522420
730479
937840
1146500
44100
252320
459780
667500
874380
1083680
1291180
188060
396100
603860
811380
1019040
1226960
124100
331860
540360
747920
955780
1162520
59580
267100
475820
683680
891460
1098980
1306940
204160
374280
583740
791500
999320
1207360
104540
312320
520440
728080
935920
1143640
41380
250080
457960
666080
873600
1081640
1289380
186360
393360
601760
809200
1016260
1223860
120780
328260
536400
744680
953122
1161600
58760
266720
474620
682200
890000
1097740
1305840
202720
411040
618820
826780
1034960
1242640
140100
347800
555360
763620
971740
1179240
76860
285020
493680
701720
910110
1118720
15900
224369
432780
640135
848860
1057175
1265900
163720
371560
579780
787140
994735
1202920
100160
308740
516980
724900
933420
1142680
39740
247520
455480
663120
870840
1078680
1287540
184920
392820
603440
811840
1020040
1228260
125020
333160
541126
749160
957080
1165220
61460
268840
477220
685500
892840
1100740
1286980
186840
396300
605240
812820
1020340
1228560
126220
334420
542300
750080
957540
1166060
63920
271300
479960
688600
897620
1105700
2460
209960
417800
625380
832800
1039940
1247240
144380
352380
560361
768700
975420
1183620
81060
289080
497640
705560
912520
1119420
15560
223980
431780
640720
848640
1056500
1264220
161320
368520
576660
785140
993400
1221600
119140
327360
535500
743120
950780
1158840
56440
264500
472460
680600
889180
1096640
1305820
202660
410660
618260
825620
1033720
1240722
138120
345060
553400
760820
968460
1175240
72660
280660
487740
694960
902726
1109540
7360
215140
422598
630720
838500
1046040
1253880
151580
359520
567040
775160
982360
1190334
88100
296160
504040
712160
894620
1104420
5740
215180
423680
631940
841060
1049340
1257440
155140
363020
570320
778860
986560
1194260
92200
300660
509400
716960
924700
1133080
29940
238020
445460
653362
861460
1069340
1277640
174620
383420
591500
799980
1007640
1215580
113340
321240
530120
738660
946780
1155780
53240
261480
469320
677800
886080
1094340
1302140
200400
408677
616260
847400
1055540
1263640
161100
368580
577460
785320
992900
1201080
98160
306580
514220
722680
930200
1137660
35300
243960
451200
659800
867231
1074840
1282260
179760
386920
595220
803706
1011500
1219900
117140
325100
532120
742140
950460
1157840
54860
262760
471020
678720
885980
1094440
1301760
199760
406880
614960
823520
1031160
1239260
135740
343558
492300
703960
913860
1123340
20780
228820
436560
644660
853760
1060840
1267860
165200
373440
581400
789860
997940
1205480
102280
1153000
56840
269640
478320
688900
897760
1106300
3560
213100
421160
628680
837340
1046813
1256940
154520
362600
570040
778540
987380
1195080
92640
300320
508060
717900
926560
1135440
32960
262340
473360
687280
896660
1104640
1940
211060
419327
627460
839380
1048500
1256400
153640
361400
569000
777560
986685
1197280
95600
303540
511820
720520
929300
1137000
34340
242838
453160
662800
871460
1079800
1288140
185380
394260
601920
809680
1017400
1227420
125120
333440
541920
750700
958180
1166240
64040
272340
481220
689020
899520
1107980
5480
241600
451600
660960
870380
1079380
1288277
185300
393620
603080
811800
1022140
1230620
129100
337280
544880
753600
962000
1169940
67341
275160
483580
692320
900960
1110000
9460
218420
427520
636180
844820
1053240
1260887
157700
366020
573960
782200
990980
1199220
96220
305160
513860
723760
932060
1140640
38560
246800
454360
662860
870780
1078420
1211520
111320
320040
528640
737140
945660
1154680
52220
260100
470540
679040
888320
1096500
1304660
202500
410500
618900
826760
1034820
1243120
140480
347880
555400
763900
972220
1180020
77340
286160
495640
705660
914480
1122360
19320
226520
434660
642540
849800
1057340
1264880
162820
369760
577980
786180
994180
1202800
101140
309100
517000
724880
933180
1163300
63320
271880
480320
689420
897380
1105460
2680
209860
418120
626240
834740
1042560
1250620
147720
356420
564180
772840
980020
1187180
84340
292760
500740
708300
916440
1123740
20920
231060
439700
647460
856120
1064040
1272800
169660
378560
586220
794200
1001220
1209640
106960
315120
522780
730320
939000
1146820
44540
253020
460780
669140
813320
1023800
1233720
131000
339620
548120
758120
966300
1174560
72480
280880
488960
696840
903980
1112030
10240
218880
426600
635060
843540
1052640
1261500
159180
367400
575640
784740
992960
1201620
99000
306780
514520
722840
931060
1138470
36760
244800
452200
660560
870640
1078680
1287180
184860
393200
600520
808660
1016180
1224820
122140
329660
537320
769200
977480
1184320
81660
289560
498360
707000
914580
1122356
20900
229000
436760
644740
851940
1059900
1267720
165980
374520
583040
790460
998180
1206900
104280
312320
522480
730540
938540
1146620
44100
252260
460400
668620
876640
1084840
1293460
191580
400420
608040
816080
1024540
1232820
130160
338420
546700
754380
962220
1170160
66900
275700
413420
623800
832200
1040760
1248220
145960
354000
561580
770000
977640
1185360
82660
290662
497620
705420
913740
1123440
21688
229360
437800
645520
853400
1061020
1269580
166180
375100
583000
790660
997720
1205620
102940
311080
519460
728000
935340
1143500
40660
247660
456900
664180
872280
1080560
1288400
185380
394260
601780
809524
1017960
1225860
122920
353020
562380
770140
978420
1185780
82500
290640
498860
705960
913360
1121380
18280
228020
434998
643520
850340
1058300
1266080
163740
371500
578360
785400
993320
1200800
97760
305800
513720
723020
930560
1139060
36280
243960
452900
661240
870000
1077980
1286580
183760
391620
599920
808300
1016420
1224240
121953
329620
537060
745460
953193
1160200
12120
222100
430080
638620
847718
1055720
1264720
162760
369660
577900
786060
993540
1200840
98500
308960
517258
725860
934800
1143320
41520
249520
458720
666480
874040
1082500
1290540
187300
395120
603100
810880
1019960
1228720
125500
333720
541199
749360
957220
1165620
63021
270920
479420
686900
895100
1103140
880
209620
417540
626002
834000
1042420
1275000
172900
381180
590060
798220
1005842
1213020
110120
317680
525360
734080
942500
1150980
47920
255440
462980
670860
879140
1087180
1294200
191440
399360
609820
818760
1027300
1235720
133420
340960
549200
757480
965720
1175160
72082
280200
487540
695109
902500
1110760
6960
214520
422340
629490
837900
1045560
1252900
150520
358600
566120
774040
960880
1173280
72300
281260
489740
698060
906920
1116600
14740
222980
431980
639900
848200
1057840
1265320
162560
371080
578920
787140
995080
1203380
100180
308020
515100
724540
932220
1140600
38560
246440
455420
664000
871540
1079580
1287453
184920
393220
600840
808740
1018780
1225829
123340
331360
539000
746700
953920
1161940
59000
268000
475420
703300
913700
1122680
19860
227600
435460
642940
849940
1057280
1264540
162080
371400
579520
787420
994980
1203500
100520
307900
516000
724420
932760
1139920
37860
244880
454120
662640
871100
1079220
1287340
184180
392200
600440
808840
1016960
1224360
122060
329300
538020
745820
953764
1161240
58740
266160
474540
682480
889780
1097253
1304940
202200
410000
524420
734620
942600
1150660
47640
255300
463320
670680
878120
1085100
1292880
190680
398180
607857
816100
1023700
1231540
129060
337220
545300
752100
959980
1166500
62840
270260
478800
686520
893700
1101700
1308980
206080
413560
621780
828980
1035820
1242518
140100
347820
555780
763940
971920
1179940
76800
284440
492000
699040
906060
1113540
11220
219220
316300
524960
732760
941580
1150260
47440
253760
461640
668820
876940
1085180
1293660
191540
399240
607180
814420
1023060
1230880
127600
335720
543420
751200
958880
1167420
64480
272900
480460
688860
897060
1105640
2280
210260
418300
626760
834720
1042200
1250420
147180
355400
563860
772220
980720
1189720
87600
295760
506060
714740
922280
1131120
28080
259740
469540
677640
885600
1094200
1302340
199880
408140
616280
823560
1031100
1239120
135900
343780
551180
759280
966640
1174420
72040
280720
488580
696360
903860
1112480
10220
218860
426440
634780
842540
1050020
1258440
155920
364198
572420
780640
988080
1195480
93720
301414
510040
718000
926580
1134246
30700
239040
446960
654940
862160
1069740
1233989
132820
341120
548840
756380
964000
1171720
69360
277280
485580
693520
901380
1109320
7220
215520
422980
631020
838960
1046680
1254420
151980
360060
567580
775520
983640
1190760
88280
296358
504980
712860
920220
1128440
25500
232720
440140
647900
855740
1064440
1272700
172000
380920
589120
796460
1004760
1212820
110140
317540
526080
733700
941340
1169860
68300
275860
484000
692880
900760
1108820
6340
214080
421840
628760
836140
1043960
1252240
150004
357740
565320
772480
981360
1189320
86980
295240
503360
711600
919420
1127320
24320
232160
439860
648140
857140
1065100
1273380
169940
377960
585940
794300
1002520
1209400
106420
314758
522820
730380
938800
1146800
44040
251500
459260
666840
835000
1045000
1252640
149957
357680
565520
773480
980860
1188580
86480
294300
501682
709580
918320
1126160
23200
231520
438960
647040
854560
1062540
1270800
167460
375540
584180
791920
1000460
1208420
104900
312229
519520
726640
934340
1142880
39920
247480
454960
662720
871280
1079280
1286640
184140
392340
600100
808620
1017800
1225680
123540
331900
539920
767400
976540
1183820
81000
287760
495400
702780
911020
1118840
16000
224600
432420
640760
849780
1058240
1265460
162940
371120
578880
786320
994200
1202118
99240
306700
515260
723420
931200
1140000
37300
245360
453000
660820
869000
1076880
1284180
181340
389580
597560
805200
1012920
1221220
118720
326740
535420
744480
953360
1161660
58520
266400
436040
645820
855100
1063580
1271320
168340
375680
583420
791180
998082
1205842
103720
311940
520180
727940
935960
1143640
40480
247960
455800
663860
872220
1080240
1288200
186160
393580
602200
810100
1017900
1226160
124700
332980
540773
748180
955720
1163380
60080
267500
475156
682720
890880
1098240
1306500
204340
412340
619700
827440
1036060
1242900
140780
369940
579020
786940
994660
1203240
99740
308180
514860
722980
930980
1138940
35960
243204
453240
661880
870060
1078400
1286760
183460
391880
598900
805360
1012400
1220300
118518
327020
534520
742280
949880
1157780
55040
262600
471310
679440
887540
1095040
1303020
200260
407760
615880
823520
1031460
1239360
136940
344840
554100
761680
969580
1176740
34620
245060
453800
661000
868620
1076480
1284640
182278
389740
598280
806980
1015340
1223540
121760
328860
536800
744640
952360
1159780
57760
265460
472880
681180
889160
1096620
1303900
199940
408160
615980
823480
1031760
1238900
135220
343720
551340
760060
968360
1176240
73018
279780
487280
695580
902460
1109940
7920
215060
422605
630160
838806
1047524
1144240
42280
250200
458600
666460
874640
1082740
1290980
188520
395440
602720
810680
1017220
1224560
121700
329500
536980
744380
951880
1159073
55960
263380
471285
678380
885700
1093480
1302040
198840
406620
614520
293880
510020
721440
931540
1140020
39320
247400
456600
665000
874860
1082320
1290380
188500
399200
607593
815840
951920
1163440
63860
273340
481360
689400
897478
1105500
4440
212400
419740
626380
833620
1041241
1253980
151740
359160
566541
774440
982660
1190660
90520
298180
505920
713680
921140
1129580
26780
235000
445320
653340
861380
1070380
1279340
176700
385180
593380
801500
1010760
1218920
116600
323880
531920
740242
948540
1156660
53700
261700
471880
680100
912260
1120420
18420
225640
433880
641500
849620
1057960
1266240
165260
372960
580574
787020
994980
1202500
99860
308000
514920
721900
930380
1139160
38480
246880
455560
664660
873020
1081320
1290640
187920
396160
604380
812700
1020580
1229580
127900
337880
546098
754620
962620
1170480
67800
275920
483560
691600
898980
1106760
4900
212960
421180
550140
761440
972080
1181080
78720
286180
495320
703660
912440
1120360
17860
226480
433180
641260
848740
1056460
1264400
161180
369520
577400
788860
996781
1204200
101420
309540
517400
724980
933020
1141360
38300
245620
452980
661060
869480
1076500
1284030
181740
390020
598140
805900
1016540
1225540
122880
331480
540020
749380
957440
1165440
62580
270980
501980
709880
917140
1124280
20900
228780
436720
644340
852220
1060720
1268520
165600
373680
583720
792960
1001080
1208758
105260
313100
522460
730540
938420
1146340
44700
252340
460880
668940
877400
1085700
1293700
191160
399140
606620
815620
1024020
1231980
128700
335960
545840
754340
962800
1170220
66540
274100
482140
690380
898280
1106720
4700
155140
365440
573320
781600
989120
1196960
94520
301720
509960
718560
925860
1133980
30760
239000
447522
655280
863540
1071620
1281940
179020
386900
595220
803900
1012140
1220680
118300
327060
535260
743180
950840
1159520
57440
266220
474780
682660
890880
1098500
1306440
202820
411000
619620
827160
1035460
1243320
141140
349180
556680
765040
973760
1182180
105060
314100
522120
730680
939578
1147600
45840
253520
461660
670520
877680
1086260
1295060
192420
399960
607114
815042
1022820
1231842
128700
335880
543280
750800
958360
1165400
62960
270160
478220
686540
894280
1102880
80
209020
417240
624740
832660
1042760
1250620
149040
356700
565940
773300
980880
1189000
86880
294740
502400
710920
918500
1068260
1277720
175920
384540
592320
800540
1007460
1215300
112420
319316
527800
735580
944060
1152280
49420
258280
465820
674120
881720
1090020
1298280
195040
403220
611620
819600
1027560
1235800
135660
344160
552940
761560
969960
1178000
74860
282320
489400
697460
904360
1112780
9320
217220
425400
632580
840520
1048140
1256060
153100
361840
568860
776940
1004480
1214500
112500
320820
529760
737240
944840
1153460
50360
258200
465800
674320
883820
1091640
1298800
195380
402880
610740
818800
1026940
1233760
131120
339060
549680
757580
964920
1172420
69720
276900
483880
692740
900900
1108880
6004
213780
421700
629800
838340
1046680
1253640
150440
358440
566120
774750
982600
1190640
87680
295620
503580
670900
879900
1087900
1296000
192480
400160
607880
816240
1023600
1231560
128940
337220
544900
752440
960060
1167580
64520
272100
480620
687580
896460
1104500
2520
210420
418900
626780
836280
1044560
1252500
149460
356660
563920
772080
979200
1186540
83200
291160
499400
707200
915040
1123081
21120
229220
437160
644840
853040
1061600
1269380
165940
373880
582040
791240
999420
1206400
102960
310340
517900
725480
932740
1140620
37740
245660
453640
661640
869580
1077620
1284960
182280
389840
597700
805100
1013400
1222060
118540
325560
533180
740480
948160
1156420
52860
261135
468500
676260
883660
1092900
1301760
199360
407380
614560
821880
1029300
1236440
132920
340320
548360
756300
964140
1171420
69600
271020
480960
689740
897940
1105740
1440
209839
416980
624480
832260
1040000
1247640
145380
353440
561320
769480
977380
1184640
81940
290040
498020
705860
913680
1121860
18720
226980
435080
643080
851080
1058940
1266120
163520
371100
578920
786540
994535
1201980
98520
308060
516100
724220
932660
1140320
38500
246240
454580
663280
871580
1079740
1287660
210740
420540
629040
836220
1043700
1250840
147840
356100
563600
771260
979042
1186360
83160
290940
499620
707940
916820
1124820
21300
229400
436660
644780
852860
1060580
1267620
164680
372560
580760
787760
995580
1203042
100000
307040
514580
722240
930800
1138160
35600
243880
451320
659720
868380
1076576
1284260
180980
389420
597040
804640
1012340
1181280
80220
287020
495280
703060
910480
1118400
15500
222600
430660
638780
846140
1053540
1261660
158380
365980
573440
781240
989240
1196740
93540
300360
507720
715600
924520
1132960
30200
238020
445600
653400
862140
1069840
1278040
174580
382360
590160
797160
1004560
1212300
109720
318100
524940
733340
941460
1149020
46340
253880
461800
669720
877540
1008680
1220940
120420
329740
538900
747600
956320
1164600
62080
270400
478920
687380
896080
1103720
860
207760
415580
622740
830340
1038400
1246560
143380
351420
558560
766380
974380
1182700
79520
288020
496480
704320
912080
1120380
17600
225280
433600
641520
848820
1057440
1265380
162640
370660
578640
787040
995160
1204520
101620
309480
517760
748140
958980
1167220
65040
272380
480080
686980
895460
1105000
3300
211560
419660
627480
836100
1042700
1251580
149440
358340
566180
774960
983560
1191500
89640
297900
506400
714320
922160
1130760
28960
238260
446900
655100
863180
1070660
1279140
176920
384980
593560
801200
1008420
1217840
116540
325200
533660
741460
949740
1158000
55440
263640
470940
583220
792220
1000820
1210060
107340
315460
523740
730640
938440
1146220
44320
252660
460020
667560
874880
1082100
1290120
186920
394220
601920
810020
1017800
1225930
123280
332008
539900
746840
954800
1163000
59540
266940
474440
682080
889130
1097000
1304400
201940
410620
618000
825620
1033840
1241640
138180
345960
552980
760880
968500
1176340
73740
282300
491780
705860
914940
1122640
20220
227360
434760
641880
849620
1057960
1266180
163480
371280
579580
787180
995900
1203180
99780
309080
518540
149300
1142480
259460
501900
735880
966680
1198740
116280
345600
575560
805240
1034860
1265260
184760
415260
643860
874480
1104700
25380
254240
481960
734520
967280
1198700
116300
344800
575340
805960
1036980
1266800
187400
422360
653940
887740
1116740
36700
265420
495160
724260
951860
1179840
100120
331798
564260
794460
1025180
1255040
173400
403700
633740
864140
1094300
14440
246140
473980
703280
934880
1162980
79580
309620
540280
772300
1003300
1234200
154080
383340
526920
758680
988980
1219300
140360
370300
599380
827520
1056920
1285920
204280
434100
663480
892840
1124680
45280
275180
506600
736580
980860
1210220
127980
357780
587640
818140
1050480
1282160
201100
430320
661400
890140
1121020
39700
270840
503405
734820
966260
1198620
116460
347400
575520
806560
1035760
1265900
185236
335260
567260
795820
1024900
1256460
176440
404860
633480
863900
1093880
12180
241660
472720
703540
934280
1163957
84180
313000
544440
775500
1007320
1236140
154560
385520
614494
843200
1070720
1298700
218740
449080
681360
911480
1141100
58880
289080
518200
747180
978500
1210440
132540
363240
594060
824580
1055800
1285300
147340
378540
606880
837320
1073075
1302820
223500
453280
683760
914140
1143320
61020
291740
523920
752821
982400
1210860
128460
358820
588160
817140
1046340
1276160
197440
429280
659522
891020
1119540
38840
267880
497720
726840
957180
1188380
108340
339760
568500
800040
1028700
1257880
175260
406820
638000
869400
1097240
1252800
172700
414860
645820
875220
1104220
22700
253780
487380
717540
947660
1177680
97960
327560
556340
786720
1018280
1246080
163900
391980
623520
853700
1083920
1220
229260
455920
680760
904080
1122320
24698
235960
446920
659800
872000
1083580
1295840
195040
405420
615660
825740
1035840
1247800
149520
361800
572720
785740
1046920
1260120
161880
373680
585000
796320
1007100
1217580
117720
329400
542360
754660
965700
1177480
78800
289680
503320
715180
926180
1137100
36080
246480
456720
667360
879720
1090940
1302360
202320
413060
623958
835660
1047000
1258640
158280
369500
580540
790960
1001880
1212120
112400
322920
533000
743420
953960
1164260
64620
275880
486740
697580
822452
1037380
1249280
148720
358060
568800
781620
992120
1202320
102700
312160
523200
734460
945840
1157340
57320
268482
478940
689377
901080
1112700
12720
82438
302620
520060
732860
947160
1159800
61260
273040
487520
698940
909940
1121720
22660
236500
447560
659740
870080
1080540
1294940
195780
407040
634700
848840
1063160
1275420
176100
387760
601020
811780
1032615
1244280
145440
356500
569800
781520
993100
1211540
112820
324800
536760
748400
962060
1173460
74680
288340
499860
710060
920540
1131680
32100
243000
454082
664169
878080
1089740
1302100
203383
414080
625100
836740
1047580
1258640
159376
373240
584940
795140
1006520
1217660
117320
326800
576040
790740
1002240
1213080
115480
327100
538540
750340
962320
1173820
73620
285800
495900
707620
918460
1129580
30040
243800
455720
667060
878480
1089520
1300340
200900
411780
622920
833500
1044660
1261820
162240
372580
587060
795960
1005620
1215720
114880
326600
537500
747240
957200
1165760
64040
272860
483840
693800
903380
1111940
12360
213220
424375
634340
844118
1054140
1264140
162420
371980
581720
791120
1000700
1210760
109360
318760
528540
737900
947400
1158600
57960
268040
478320
690100
900220
1110000
9000
219000
428680
637443
846620
1056075
1266500
164700
374440
584100
793980
1004400
1214560
115760
324660
534353
744124
954900
1164780
63280
273480
482940
692380
901740
1112720
1305580
207280
417340
627434
837280
1047340
1257940
156620
367520
577780
789880
999980
1209940
109700
320060
530940
740740
951340
1162500
62000
270860
480840
690500
900120
1111060
11040
221560
430820
640600
851180
1062240
1272660
172240
382660
592300
801020
1013238
1224360
124360
334380
544020
754160
964060
1174640
74320
285080
494940
704940
914100
1089840
1300340
199700
410800
620360
830560
1040360
1249840
149160
358540
568220
777760
986040
1196020
93620
306040
515700
724980
935540
1145640
44520
254460
464320
673120
882918
1093240
1304000
203500
413280
622860
833280
1043840
1253680
152480
363500
574180
784960
995000
1203760
103440
314820
526080
734900
945020
1154940
54160
264840
477260
687140
877760
1090660
1301540
200160
409500
619320
828040
1037623
1246940
145300
354560
564740
774260
983420
1192300
90760
300040
510800
721440
931260
1140760
39640
249500
458720
669180
879840
1089880
1300360
198760
408740
619057
828280
1038260
1247620
149460
359780
569460
778900
988120
1198220
96500
305540
515960
726320
934280
1144140
43540
253840
463020
662360
874860
1084480
1294680
194020
404500
614440
824360
1033860
1244060
142640
351660
561180
770480
979400
1188680
86640
296240
505820
714840
924220
1133900
33380
242420
451100
659980
872220
1081880
1292260
192020
401080
610980
820700
1029961
1238320
136900
345680
555000
763680
972120
1180800
80920
291120
499740
708020
917140
1126140
25320
233600
450540
661340
871720
1080620
1290720
189940
398818
608680
819100
1029160
1238900
137364
346620
555440
765613
974880
1183860
81920
291060
500520
710560
921900
1130960
33060
243320
453200
662580
872400
1082240
1293060
192520
402620
612720
822740
1032960
1243080
141080
351040
559840
768740
977800
1186740
85940
295920
506400
716066
926040
1135420
34520
235404
447160
658920
869420
1079480
1290597
189120
399240
609420
819380
1030480
1240140
139240
348400
558540
768758
978580
1188320
87500
296400
506580
715768
924560
1134340
33380
244940
454340
664060
873000
1081720
1290700
189600
400540
609640
817880
1028660
1238100
137340
347380
557660
767180
976980
1186680
84780
293900
504440
713200
922540
1132220
21440
233140
444100
654962
865120
1074180
1283500
183220
393400
603760
812440
1022780
1232540
131920
341800
551180
760340
969140
1178460
75840
285120
495240
703940
914360
1122680
22940
232820
442540
652860
862940
1071580
1280500
179520
388800
600120
810260
1033240
1267940
189880
419700
650060
884562
1114220
41520
268240
485640
704580
921100
1153140
59020
281900
508980
732560
956180
1180220
90880
317120
543600
770720
996960
1223580
140260
370440
595980
824900
1052740
1279780
196460
422930
648540
874000
1100960
19000
249260
476140
704320
931540
1157380
70480
294080
516440
745340
969480
1196020
108722
340540
569720
794540
1019660
1247780
163560
392860
621120
846460
1174040
89940
317320
544900
772760
1016600
1243360
162520
387720
613080
839600
1064960
1291600
211540
435140
660340
886335
1108820
20874
246520
469720
693340
923440
1147080
61240
290780
516480
747160
971040
1192740
105020
327640
552200
777200
999600
1223280
140360
365740
589800
814960
1042680
1269980
185820
411180
633960
932160
1161340
77720
302880
532660
760600
984600
1202940
109880
326480
542940
758140
973620
1188720
93520
309460
526160
742060
957900
1172400
76020
293860
511640
728320
945360
1161400
68840
286220
503260
717440
933200
1148260
54320
270640
496260
714420
930844
1147200
53660
272480
488060
703100
921720
1137040
41500
258960
543800
768800
986160
1204100
110060
325721
539540
753400
971740
1187720
98480
329400
549980
770800
992480
1211400
118500
339060
557240
773940
995522
1212440
120080
339160
559840
780340
998580
1215800
127020
346460
563040
781020
998280
1220040
129140
349240
568860
786100
1005700
1226580
135300
352500
571240
789860
1009140
1225620
129260
344160
559180
772420
986380
1198700
100100
312882
524080
737000
948460
1161160
63530
275180
486300
698520
910280
1124600
27520
240840
455080
667480
880180
1091800
3700
215760
428580
640540
851460
1064240
1278360
180580
392440
604240
816560
1026360
1236820
136560
348160
558100
769800
981680
1192940
93520
303440
512924
723200
933440
1143580
44402
293740
504340
714160
923560
1133640
32740
242000
452380
663300
873740
1085080
1295140
194482
404300
613920
823420
1033940
1244740
144310
354833
565640
775980
985660
1195700
95080
305680
515410
725660
935880
1145440
44360
253800
464160
674660
883940
1092520
1301220
200680
411180
622100
832600
1041440
1251240
150200
359980
570200
781400
991620
1225580
126580
337460
548722
757860
968200
1177300
76480
286080
496000
704860
914200
1123480
22380
232460
441400
652500
862800
1073120
1286780
187060
396940
607320
816600
1025740
1235140
133820
343660
554840
763380
973060
1182720
82320
292415
502700
713360
923420
1133560
32900
241880
450900
660320
870160
1080540
1291100
191300
400320
609700
819780
1023380
1234020
133020
342680
551860
760880
970360
1179714
79340
289840
500280
709708
920160
1130220
29760
239540
450060
658960
869160
1079620
1290242
188820
397418
606440
817560
1027780
1237420
135760
345440
554220
764040
974580
1184460
82880
293340
502420
712680
923100
1132620
30980
241220
450980
661500
870684
1080840
1290540
189620
400120
609840
820700
1031380
1241460
140060
351380
561560
770629
979600
1189420
88520
297580
507140
717185
926600
1136200
33870
243530
452740
662480
871780
1081420
1291800
191280
401060
611820
822680
1035400
1245880
145140
354840
564800
773556
983820
1194320
94220
304880
515140
724200
933960
1142720
41180
251320
460160
669180
879720
1088880
1299060
197840
407140
621320
832280
1043080
1252940
151260
360400
569300
777660
986893
1195980
94900
304160
513400
723660
932560
1142460
41060
249780
459260
668440
879148
1087720
1297120
196120
406260
616120
825980
1035940
1244520
143820
353740
563140
772060
981780
1192600
91400
302040
512460
722000
931420
1141280
39460
248620
458700
668920
878780
1087840
1298180
196420
420220
631220
840960
1051380
1261500
161180
370340
580700
789760
999200
1210000
108360
316620
526160
735460
945800
1155460
54180
263760
474360
684280
893342
1103520
2440
212680
423020
632880
842220
1052060
1261720
160300
369180
578800
788200
997480
1206980
105800
314880
525420
734940
945140
1154400
53480
263440
473238
684960
894340
1103380
1720
217120
428620
639340
849960
1059800
1269940
168620
378320
588620
797660
1007460
1217180
115440
325580
534320
744280
953044
1162380
60380
269540
477040
685680
895480
1104300
2460
212020
420820
629800
839480
1048440
1258357
156400
366600
576480
787260
996860
1206500
105020
313640
522540
732020
942620
1152240
51760
260580
470500
680560
890940
1101100
17860
229760
440220
648880
859480
1070000
1280040
179938
389740
599800
809840
1020980
1231020
130160
339600
549290
758820
968640
1177620
76220
285740
495340
705700
915280
1123620
21840
230880
440180
649600
858820
1068060
1278100
177260
387720
597740
808000
1016820
1226600
125280
334660
543900
752040
961680
1172220
71060
279780
489620
698220
907420
1129500
30780
239580
449920
658940
868440
1077920
1288280
187400
396300
604640
813960
1024020
989920
1206420
109860
321220
533800
744140
953640
1163680
67200
277160
486540
697840
908580
1121940
22020
231620
442322
652720
865561
1076560
1287760
188420
398900
613220
824601
1033820
1244100
145820
356420
572040
782400
929100
1140180
40820
251480
461380
672800
882760
1092200
1301660
201820
412080
621220
831080
1043540
1253700
152940
363320
572240
782780
992560
1202340
101480
314940
525100
736320
948280
1158800
58080
268471
477740
687340
897176
1108820
8480
217480
428020
638580
848580
1058740
1268580
168940
378940
590300
802500
1012540
1223120
123100
334140
544100
724580
935740
1146340
45740
255780
466400
676880
889100
1099700
1309160
207980
417860
629200
839700
1050180
1259440
158960
368360
578220
787215
997760
1209060
108220
317700
527500
737180
945240
1154980
53500
262940
472680
683200
893440
1104020
3070
212840
422540
634000
843320
1053080
1262380
161580
371920
582740
792600
1002500
1211680
111560
322220
525620
736080
946520
1156520
56140
266580
479480
690120
900740
1111360
11420
221940
431100
641000
850560
1060180
1269480
168240
376940
586220
796600
1005400
1216040
116500
325740
534540
746200
956360
1167200
67300
277974
488480
698820
909440
1119260
18640
227460
437440
648120
857980
1067260
1277880
177522
387644
597740
808100
1017480
1227560
128440
327500
539700
749960
959360
1169340
67700
277920
489020
698900
909580
1120000
19660
229900
440420
649900
859780
1070860
1280920
180680
390580
599780
809900
1020360
1229980
129160
340560
550320
759580
969040
1178838
78400
288180
497900
707520
916860
1125180
23300
233620
441780
650960
860020
1070440
1281040
180700
389620
599480
809640
1019160
1228520
126260
338260
549260
759880
971380
1182280
81158
290938
501900
711500
921140
1130040
29860
239318
449720
659460
869725
1079780
1290560
190860
401480
611540
821780
1031420
1241500
141240
350040
559640
768200
979000
1188960
87880
297380
506320
716400
925720
1136860
35620
244480
453960
663760
873340
1081980
1290960
191160
401240
611640
821860
1031160
1236280
136240
346780
555980
765540
975200
1185060
84940
295280
505260
715720
925920
1136920
36420
246520
455560
665981
875900
1086020
1296040
195720
406660
617287
830200
1041100
1251480
151240
360220
569020
778500
988240
1198420
97660
307780
518400
728100
937620
1147160
47300
257620
467180
677180
886600
1097380
1307680
206920
416380
627240
837540
1034700
1245780
145720
355160
565460
775560
985020
1195140
94500
303960
513780
723980
933880
1143920
44280
256680
466460
676280
886020
1094600
1304340
203380
413280
624320
833380
1043480
1253320
153180
363340
572760
783020
992800
1203140
102900
313300
524300
736360
946760
1156860
55740
265340
475060
684520
895420
1105040
4680
214380
423700
634580
835900
1047540
1258800
158160
367840
577000
787044
996700
1206780
105640
316182
526960
739320
950000
1159960
58340
267660
478140
687440
897220
1106840
6600
216060
425520
634620
844500
1054120
1263640
162720
372920
582540
791700
1001700
1211420
111480
321160
530720
740060
949980
1160038
58200
268360
478596
688660
897960
1107060
7560
216440
425720
634240
845000
1055480
1266040
165460
375280
584640
794420
1004260
1215320
114640
324840
533240
742560
955120
1164420
63300
273200
482840
691880
900600
1109740
9000
219300
429320
639420
848780
1058940
1270380
169420
378580
587900
796920
1006120
1215520
113440
322620
531840
742300
952240
1161300
61320
271240
480560
689620
898700
1108160
7900
217200
431360
641700
851958
1061480
1271900
172178
381540
591680
800790
1010540
1220900
119880
330560
540180
749420
959120
1168700
67460
276660
486540
695820
906100
1116860
17960
227580
437880
648060
857940
1067660
1277880
176640
387260
596980
807000
1016740
1227160
126280
336054
545380
755460
965640
1174840
74320
283500
493060
702580
912140
1121540
20580
232220
443400
653240
862940
1072580
1281400
180500
390040
599280
809480
1019540
1229080
128100
338780
547440
757320
967900
1177660
77180
287720
498680
709080
918980
1128880
28200
237700
447960
657900
867520
1078671
1289480
188400
398900
610820
821580
1031500
1240360
139480
350180
562220
772940
984100
1194460
93415
303900
513960
724620
934940
1145740
29920
241320
450780
661040
870740
1081300
1291160
190340
400160
609840
819500
1029700
1240480
139640
349260
558840
768300
978430
1188140
87560
296300
506980
715980
924860
1135120
34020
242900
452460
662860
872180
1081180
1290100
188460
398260
608280
818020
1026760
1237240
136000
344980
553320
762840
972960
1181780
81280
290360
500460
710300
920740
1140620
41400
251980
461960
670780
880400
1090620
1301080
199160
408700
618500
828380
1038500
1248220
147000
358640
568980
778402
987400
1197640
97340
306380
517180
727620
936900
1147620
47600
258160
467980
677360
887440
1096700
1306260
205180
414060
623640
832880
1041440
1251900
150400
359300
569060
768652
989820
1200140
98920
309240
520260
729780
962400
1177960
78900
288780
499580
711240
921000
1131540
31980
242280
452960
663720
873860
1083820
1295900
194440
404980
615500
826520
1036100
1245800
144980
355920
566700
776560
986740
1197340
95780
305120
515900
725540
935840
1146520
46160
256100
465700
675640
884420
1094100
1303260
202620
413600
624040
834140
1044580
1254300
153920
363280
575900
745200
959480
1173660
75360
286920
496480
706840
915940
1125380
25340
233820
443740
653680
864960
1074820
1284350
183480
393900
604180
813000
1023260
1233000
132800
343400
554000
765680
975200
1185080
83440
293540
502460
712200
921800
1130760
29660
239700
448286
657620
868140
1079500
1289340
189820
399080
609440
819340
1029460
1238920
137100
346100
590080
834880
1052280
1264500
164960
375380
585620
795600
1005600
1214840
114000
323540
532820
742830
951780
1161440
60080
269840
478960
689700
899020
1108040
7240
215820
424840
633840
843080
1053020
1262620
161080
370760
580360
790260
1000340
1209520
107840
317180
525840
734600
943700
1153368
51080
260220
472920
683440
892580
1102280
600
209140
336200
546634
756300
965020
1172860
70380
278120
485760
694240
903740
1112100
9420
218080
426180
634660
842600
1050640
1258860
156438
364712
573060
781318
990060
1198920
96140
304100
512400
721477
929400
1138540
36320
244820
453440
662020
870000
1078000
1286780
184440
392620
600740
809280
1017640
1225820
123500
331840
540660
749260
958120
1166420
65420
293920
503620
712280
920940
1129240
27880
236100
444460
652660
861240
1069220
1277020
175000
384040
592160
800740
1008460
1216500
113260
321940
530020
738800
947775
1156460
54300
262780
471300
679860
889060
1096580
1305240
203660
411820
620360
828760
1037820
1246560
145300
353600
561740
771060
979720
1188680
86940
296020
504860
713200
921560
1130220
1246460
146640
355020
564100
772660
981020
1189180
86420
294460
502598
710420
918280
1127320
23740
232220
440360
648620
856440
1064640
1272880
170520
378500
587080
795120
1003440
1211220
108700
317760
526740
734323
943480
1151860
49560
257840
466280
673860
881960
1090220
1298960
196400
404380
612200
820260
1029120
1237560
134900
343380
552060
759960
968700
1197480
95360
304591
513200
720660
928560
1137500
35520
243200
451220
660480
869100
1077140
1285440
182722
391220
599980
809040
1017580
1226440
124280
331940
540640
749360
957760
1165780
63920
271880
480680
688900
896800
1105120
3080
211120
419800
628040
835340
1044060
1251520
148620
356820
565880
774860
983000
1191400
89240
297480
506140
715380
844160
1053674
1262357
160240
369120
577840
787000
994700
1203140
100620
309120
517420
725840
934340
1142940
41340
250500
458960
670140
878820
1087300
1295560
193380
402080
611478
819660
1027680
1235300
132720
341880
550540
760040
968440
1176860
74540
283580
491180
699400
907900
1116360
14600
222882
431638
639640
848300
1056940
1265080
163060
371400
579400
807720
1016540
1224880
122440
330720
539140
746620
955400
1163640
61480
269760
478358
686760
894780
1103200
1442
208840
417460
625820
834100
1043460
1252160
150360
358980
567936
775920
984400
1192420
90380
299140
507480
715440
923920
1132480
30820
239260
447860
656020
864560
1072820
1281900
180240
389340
597320
805140
1013160
1221660
119120
327560
443460
653180
862240
1071020
1279380
177080
385460
593220
802320
1010060
1218260
116320
324900
533620
741440
950680
1159520
56880
266100
474440
683540
891620
1100040
1308280
206400
415000
622860
831220
1039800
1247860
146060
355200
564100
772500
481500
696600
909500
1119020
20118
229320
438680
647740
858420
1066500
1275560
174000
402600
613860
822160
1030880
1239420
136800
346680
555958
764340
973340
1181680
80480
289160
497240
705900
915000
1122380
24080
233220
441980
649660
857200
1065720
1273839
173940
382580
591000
800180
1008920
1216760
114060
321320
531780
739900
948600
1156420
54200
262940
471380
679420
887122
1097940
1307180
206080
414960
622980
831740
1039840
1248480
41440
250960
462960
671480
879940
1088220
1296580
194860
404260
612940
821060
1030180
1239340
139100
348180
557374
765600
973740
1182160
80178
288640
497060
705060
913800
1121760
19640
228640
438120
647420
855720
1063640
1272516
169860
377700
585660
793540
1001480
1209540
107400
315600
525200
734180
943420
1151160
48540
257120
465180
673240
881460
1090055
6740
215940
424110
633040
841860
1050100
1261100
159220
367790
575600
783960
991360
1199909
97040
305220
513581
721700
930540
1139020
36300
244940
453760
662620
871760
1082280
1291480
189180
396840
605660
814220
1022320
1230980
128655
336860
545020
753300
961420
1169960
66420
274160
482340
690900
899500
1108020
8140
217000
425500
634220
843020
948080
1157520
56100
264660
473340
681820
889700
1099100
1307386
205200
413760
621820
829440
1037080
1246180
142740
349980
560180
769340
977160
1186620
85120
293240
501220
709520
917980
1126300
24000
231480
439000
647300
855940
1063700
1273320
171240
379860
588020
796220
1004502
1212800
111324
319940
528000
738440
947180
1155480
53740
262060
469780
676760
904100
1112720
11716
219840
428200
636300
844380
1052720
1261160
158598
366420
574720
783180
990482
1198460
96400
304660
513240
722520
931040
1139600
39020
247540
456040
664140
872780
1081560
1291020
188560
396920
605400
813157
1021800
1230200
128360
335980
544020
751920
959600
1167420
64880
273420
481080
689440
897520
1105920
3726
211660
420360
554380
764260
973900
1181648
81620
289920
499120
707120
915140
1122840
20880
228660
437200
646190
854280
1063420
1271320
169380
377280
584980
793540
1001580
1209762
107600
315780
523680
731820
939620
1147700
44300
252640
460720
667480
875280
1081800
1288562
185360
393405
601820
809740
1019860
1228260
125700
334300
542240
749740
957540
1165940
63660
272340
500440
709280
917340
1125140
22340
230060
438320
646940
855480
1064160
1273320
170900
378900
586980
795980
1004760
1213160
111320
320020
527920
735880
944020
1151760
49200
257390
465520
673660
882260
1090300
1298540
197300
408320
616500
824700
1033560
1241680
139241
347660
555780
764820
973500
1181300
78720
287320
496020
704600
913320
1121400
18880
135380
344260
552320
760060
968180
1176560
74620
282680
490240
699120
907780
1115340
12820
220940
428920
637380
844780
1053020
1260880
158680
367078
575620
784300
992880
1201490
99200
307460
515740
725900
935140
1142680
40140
247620
456240
664260
872760
1080740
1288780
186480
394480
603100
810920
1019400
1227780
126220
334560
542420
751060
959740
1168380
85720
295320
503660
712060
920740
1128900
25860
234960
443360
651160
858940
1067240
1275360
172660
380518
588540
796640
1005060
1213900
111764
320520
529540
738740
947804
1156800
54840
263420
471300
679420
890300
1098660
1307480
205080
413860
622420
830080
1038400
1245940
143560
351780
560580
769180
977220
1185860
84660
293900
502460
711020
919200
1051660
1261780
159220
367540
576080
783440
991960
1200280
97460
305300
513140
721420
929060
1136980
34280
242780
451400
660000
868460
1076840
1285160
182300
390460
598020
806980
1015980
1224700
122400
331060
538620
746520
954760
1163040
60720
270320
478580
687280
896140
1106680
4340
212980
421560
630000
837980
1046100
1254580
153520
361620
569560
778860
1005300
1213933
111640
320880
528660
736940
945140
1153960
52360
260780
468840
677780
886780
1094800
1303180
201320
409620
617700
825580
1033156
1240520
138660
346880
555680
763820
971640
1179415
76220
283680
492240
700300
908100
1116800
14673
222940
431400
640500
848380
1056116
1264660
162260
370660
578980
786780
994100
1202920
100540
308680
516940
640420
849420
1058380
1267440
167820
376920
585580
793360
1002180
1210400
107860
316600
525180
733600
941660
1150340
47800
256040
464120
672180
880640
1089080
1296500
193420
402160
609920
818560
1026620
1234620
131680
339880
548120
756240
963880
1171360
68900
277020
484880
692440
901660
1110680
8480
217200
425520
634060
842420
1051280
1258980
155780
362360
590000
798520
1007596
1215760
113600
322060
530440
738598
947200
1154700
51720
259640
467620
675660
883375
1091500
1299980
197360
405360
614040
822180
1031200
1238400
136160
344280
552520
760320
968320
1179320
77780
284900
493320
701260
909340
1118200
15680
223180
430596
638540
846815
1054580
1262540
159628
367640
575220
783980
992320
1200360
98100
245120
454760
663000
871600
1079520
1289260
186300
395100
602800
811720
1020460
1228860
126980
336100
544020
752200
961180
1169380
67560
276080
483380
691220
899160
1107700
5000
212780
421100
629760
838260
1047700
1256580
155250
364560
572780
781260
989600
1198320
96220
304320
512700
721100
930220
1139140
36140
245420
454020
662300
870360
1078620
1287660
204180
412960
620840
829340
1037620
1244980
142740
351700
559840
768260
977120
1187060
84996
293580
502480
711120
919420
1127341
25160
233360
442040
651760
860460
1068680
1277280
175980
384500
593240
801040
1009740
1218080
115340
323060
531420
740220
949160
1157500
55460
263880
472260
680820
888500
1096400
1303940
201220
409040
617100
825000
1032140
1143100
41620
249920
457740
666020
874640
1082600
1290200
187560
395580
604580
813200
1021260
1229900
127840
335980
544880
753560
961860
1170260
67520
276220
484380
693884
903040
1111580
9640
217760
426220
635360
843820
1051420
1259560
156720
364920
573560
781840
991040
1198640
96560
304640
512440
720440
927720
1136080
33700
241380
448800
656520
864020
1089760
1299120
196760
404900
612720
824040
1032680
1241080
139280
347360
555960
763420
971520
1180040
77280
285480
494660
703820
912080
1120580
18080
226580
434340
642040
850780
1058800
1267240
163660
371460
579400
787380
995520
1203180
100480
308780
517060
725160
933720
1141900
39180
247480
455300
664200
872520
1080660
1288900
186000
394140
602520
748880
958780
1168020
65564
274180
483060
691000
899380
1108260
6440
215920
423480
631960
840880
1050200
1258660
156440
364520
573420
782500
991980
1200738
97957
306520
514620
723480
932260
1140440
39300
248540
457366
665940
874040
1081698
1289880
186300
394724
603440
812320
1021780
1229980
127740
336080
545240
754000
962460
1170660
68940
277900
486200
757680
968220
1178480
77220
285880
494540
703320
912280
1121480
19700
228300
439840
648420
856200
1064460
1273060
171140
379680
587940
795740
1003680
1211580
109500
318000
526500
734340
941998
1150700
48300
257180
464820
672640
880820
1087740
1295660
193320
400380
608580
816720
1024760
1233280
130440
338720
546660
754380
962720
1171478
68900
277060
509940
718740
927160
1135960
33638
241500
449200
658000
866080
1074760
1282800
179740
388760
597040
805300
1013660
1222640
120440
328820
536880
745320
954060
1162880
60200
268120
475520
683860
892660
1102200
700
209840
418300
626520
834760
1043620
1251440
148780
357360
564880
773080
980920
1189565
86680
295280
503720
712200
920960
1129200
26360
133940
343644
552060
761020
970080
1177740
75520
283560
492460
701560
910540
1118980
16200
224700
432700
641180
849900
1057900
1267220
164660
371980
580758
789320
997860
1206880
104600
312560
520400
727800
936280
1146180
43960
252580
460600
669540
878180
1086040
1293760
191860
400520
608060
816080
1023620
1232320
129480
338100
546240
753940
961520
1169680
89060
298440
507160
715800
923620
1132040
28800
236840
444960
652520
859980
1067320
1276300
173620
381520
589900
798460
1006560
1214680
111260
319960
528220
736580
944440
1153240
51000
259900
468000
676100
884693
1093040
1301240
199540
409020
617380
826140
1034018
1242260
139720
347680
556420
764500
972780
1181560
79120
287327
494740
702503
911580
1051340
1261060
159500
368140
576200
783960
991580
1199220
96380
303620
511540
720120
928600
1136440
33840
241700
450240
658780
867120
1074640
1282680
179680
388560
596560
804640
1012940
1221420
119080
328060
536700
745440
954340
1163020
61040
269880
477240
685140
893600
1102440
1310480
207580
416100
625280
833540
1041700
1250040
847640
1063560
1275760
176280
386540
596340
804680
1013080
1222180
119160
327980
536680
744780
956140
1165460
63560
271840
480680
690500
899620
1107717
5440
213780
424040
632860
841040
1049460
1258500
156520
370040
579820
789400
997680
1206340
104660
313720
524420
734020
942360
1151440
48680
257680
467600
676040
886780
1095460
1304940
202420
410640
634060
842580
1051380
1260300
159860
368120
576680
785660
994360
1203420
101140
309520
518440
726920
937860
1146520
44660
253640
461520
670280
878540
1087660
1296767
194400
403020
614860
824740
1033900
1242560
140198
348320
556620
765840
974800
1182920
80700
289140
497400
708520
916660
1124780
22600
230802
438260
648740
857040
1065718
1274260
171060
380040
606060
815080
1025380
1234140
131460
340280
548160
757800
966600
1175300
72940
280140
488960
696360
905360
1113340
10540
219020
429600
638460
848080
1056420
1264520
162280
370980
579260
787420
996300
1204360
103040
312320
521240
729960
938220
1146260
44340
254580
463160
671480
879640
1087980
1296680
193680
401640
609220
817640
1025960
1234260
132680
246560
457400
667460
876480
1084680
1293220
191340
402420
611474
820540
1028900
1237040
134649
342420
550460
758380
966358
1174640
72240
280560
488100
697160
905140
1114420
12680
220780
429820
638260
847060
1057980
1266260
164120
372540
580780
789060
997800
1205980
102740
311140
518860
726780
934720
1142500
39300
247220
455180
662580
870780
1078760
1288740
205400
413040
622380
830840
1039640
1249600
146480
354820
562300
770840
978860
1186320
84360
293560
501920
710540
918380
1126040
23700
231500
439720
649260
856080
1064000
1272442
171080
379400
587200
795640
1003520
1211647
109060
318160
528100
736180
943940
1152444
50520
259180
467420
675432
883840
1093056
1302080
199780
408140
616700
825120
1033360
1145260
43780
251580
459640
667520
875740
1083780
1292480
189580
398280
606700
815680
1023620
1232520
130540
339400
549940
758280
967020
1175440
71380
279700
487020
695340
903253
1111760
9200
217160
425640
634240
842600
1051460
1260140
157760
367020
575400
783640
992200
1200580
97360
306480
515400
724060
932600
1141320
39040
247220
455120
663080
871660
1098920
1308160
207940
416420
625440
833680
1042540
1249900
147820
355970
563540
772220
980880
1189220
86460
294900
502680
711740
920880
1130040
28700
236640
444240
652680
860700
1069300
1277440
174300
382380
590740
798940
1007340
1215780
113160
320680
527920
736520
945820
1153120
50140
258960
467520
675860
885840
1094980
1303220
200480
407940
615520
752198
962100
1171540
68780
277200
485164
693320
902280
1109860
7040
214980
423140
631440
839280
1046680
1255380
153360
360940
568440
776380
985460
1194380
92140
301220
508760
716040
924800
1133080
31380
239560
447940
655400
863335
1072920
1280800
177660
385320
593280
801300
1009420
1219880
117640
325720
534140
742100
950040
1159080
55580
264140
472680
700240
909220
1117260
14680
223080
431740
639620
847340
1055320
1262800
159720
367140
574720
783340
991280
1199380
96920
305640
514140
722660
930340
1138760
35520
244360
452680
661880
870000
1078320
1285940
183440
392080
600100
808160
1016900
1225120
122460
330740
539600
747820
955900
1164140
63140
271580
480460
688560
897320
1105680
4480
212900
342240
551960
759840
968580
1176140
72800
280780
489800
698140
906480
1115800
13580
222580
432120
641660
850040
1058480
1266620
164260
372740
581480
790180
997700
1205660
102740
310880
518840
725920
933520
1140580
38380
246840
455167
663380
870360
1078820
1286860
184260
392480
600900
809240
1018520
1226760
124260
333340
541740
749620
957820
1166360
64300
293600
502320
710700
918680
1126760
24060
231760
440940
649380
857320
1065480
1273800
170860
380002
588400
796660
1004760
1212960
110940
320040
528900
737320
945780
1154560
51820
260420
468756
676980
885560
1093960
1302020
199680
407480
616180
824820
1031940
1240300
137860
345360
554140
762760
971640
1179620
77060
285480
493720
701460
910240
1118220
1260680
160120
367800
575100
783220
991440
1199580
97160
305640
514220
722400
930100
1138180
34260
242460
450820
661300
870200
1079540
1288700
185860
393320
600360
808280
1015740
1223660
121311
330680
539140
747780
957060
1165200
62220
271560
479520
687476
896240
1103720
2420
211420
419940
627120
834540
1042900
1251200
148460
356080
563980
772580
980440
1207700
105660
313540
522160
729400
938900
1146280
43400
251160
458460
665280
873318
1081360
1289760
186800
394500
603060
811400
1019320
1226540
124080
331860
539700
747440
955500
1163020
60020
267940
475620
683700
891560
1100060
1308180
205100
413040
621040
828940
1037360
1244660
141620
352440
560723
769840
977340
1185560
82518
290780
499460
707240
847620
1056240
1264340
162380
370060
578380
785800
994060
1202600
100380
308700
517280
726120
934380
1142660
40240
246680
454166
661960
870340
1078880
1287600
185220
393540
601280
809798
1017980
1226140
123200
331940
539980
747780
955500
1164060
61440
269320
477580
686300
894240
1103160
120
208300
416600
625220
832380
1039820
1247680
145160
354140
561920
789860
1000140
1208700
105720
313760
521280
729640
938900
1147140
44562
253480
461860
670820
879440
1087640
1295940
194406
403020
612220
821080
1029620
1238440
136554
348060
556780
764900
973540
1182420
79640
288700
497280
705240
912680
1120060
17280
225320
433340
640980
849280
1058020
1266248
163900
371440
579100
787520
996300
1203840
100620
309540
454960
664900
873100
1081420
1289920
188380
396140
604860
812800
1020660
1228580
126040
334640
543000
750640
958300
1166740
64540
272840
481340
689380
898080
1106840
4340
212520
422117
630480
838680
1046680
1254720
151740
360080
568060
776040
983900
1192860
90160
297842
506280
715720
923700
1131940
29500
237040
445920
654140
861960
1070040
1278100
175324
402040
611100
820280
1027958
1236760
134180
342560
551080
760140
968560
1176880
74280
282220
490440
697960
906460
1114220
14820
223220
430880
638162
846480
1054400
1263120
160460
368560
576800
784100
992420
1200660
98060
305880
513900
721820
930240
1138500
36120
244560
453020
661560
870640
1080240
1288882
185940
394080
602260
809660
1017280
1224900
43460
252920
461540
670320
878640
1087220
1295480
193100
401520
609840
818620
1025840
1234680
131520
339480
547120
755320
963360
1170920
68680
276400
484300
693060
901620
1109698
7760
215440
423320
632200
840760
1049060
1258820
156680
364740
573120
782480
990920
1199220
96640
304150
512300
719760
928160
1135946
34920
242920
450960
659520
867660
1076160
1303260
201700
409700
618560
826440
1034146
1242880
140700
347964
555320
762920
971680
1179520
76780
284180
492300
699920
907720
1115860
13440
221700
429960
638420
849260
1058260
1267140
164480
372900
580620
788580
996460
1204240
100740
308520
516500
723700
932440
1141240
39620
247740
457140
665240
873680
1081580
1289000
186720
394420
602920
810500
967180
1177560
76320
284640
493580
701700
910620
1118760
17020
225840
434800
643960
851860
1060100
1267880
165640
373040
580720
789240
998020
1205960
103640
312540
521320
730020
938260
1146080
43520
252240
460000
667960
876500
1084160
1292460
189880
397980
605740
813740
1022520
1230980
128680
337980
545080
754020
962280
1170800
68820
277760
486040
693620
921160
1130020
27980
237680
446280
655560
863720
1071820
1280320
177340
386100
594060
803320
1011320
1218800
116080
323940
532600
741420
949020
1157340
54460
262500
470320
678820
885960
1094020
1302438
199840
407280
615760
824200
1032485
1240640
137360
345880
554720
762480
970720
1178940
76900
288500
496700
704960
913560
1121980
18900
226160
434720
581420
794320
1003920
1213320
110920
319440
527780
736440
944800
1154020
51560
259780
467420
675900
884700
1092680
1301460
199520
407360
614420
823160
1031580
1239960
137800
345900
554580
762940
971020
1178940
77400
286360
494780
704160
912720
1120680
18340
226820
435280
643720
851980
1059680
1268020
165540
373560
580740
788440
996720
1205000
102660
387220
600780
810180
1019380
1229080
126700
335920
545240
753860
962980
1171500
69040
276940
486620
695160
904260
1111900
11040
219660
427880
636240
844380
1053260
1260740
158540
366080
574780
782800
991500
1200240
98660
307380
515460
724760
933780
1142560
40240
249060
456940
664440
872060
1080200
1288180
185840
393820
602400
810700
1018880
1228200
141380
350980
559400
767280
976460
1185320
82540
291400
499460
173840
389240
602120
812160
1022680
1231844
129320
339120
548760
758180
966380
1174580
72720
282740
491060
699840
907900
1116120
16000
224340
433180
641780
850200
1059440
1267760
165900
374660
583080
791580
1003420
1212460
109700
318540
526560
734460
942400
1152360
1257160
154600
363240
572460
781260
989280
1197980
97480
305180
514320
723060
932300
1140260
37540
245320
452960
663329
871680
1079920
1288980
187320
395260
604060
811860
1020640
1228060
127580
336180
544020
753100
961300
1169440
66700
1038840
1268280
173420
383100
595020
804100
1013360
1221860
119460
327660
535640
743620
951440
1068818
1278620
175980
384600
595000
803440
1011480
1218460
115640
323600
532200
740760
949320
1157240
54160
261120
469760
677340
887320
1095960
1303920
200580
408440
616740
825380
1033580
1241520
139280
348120
555340
762940
971820
1179040
76320
285660
493300
700780
909220
1116920
14391
222540
430160
638060
845760
1053180
1261360
158300
365900
573600
781500
1012760
1221680
121280
330240
538040
745900
954000
1161080
58520
266440
474760
682180
890580
1099520
1307800
205260
413860
621881
830420
1038040
1246220
143420
354340
563100
770900
978680
1187900
85460
292423
500720
708980
916440
1124980
22060
230560
438520
645980
853760
1061440
1269920
167980
376010
584280
792580
1003120
1211500
108780
316780
525100
670480
881340
1090220
1300020
198140
406700
615080
823620
1031400
1240340
138380
347180
555380
762740
970320
1178638
77098
285215
493200
701560
908540
1118300
15280
223480
431540
638880
846760
1055040
1264060
162100
368940
576220
783780
991040
1198680
96240
303860
511800
719760
926260
1133112
30400
238740
446980
655300
863080
1071620
1279740
177320
386900
631620
841120
1049780
1258800
154920
364020
571360
780160
988020
1195080
92900
300617
508780
716800
924560
1131760
28900
237160
445660
653680
862220
1070258
1277980
175440
383240
592040
800100
1008840
1217720
115200
323500
534540
744120
952420
1160640
57860
265840
473540
681340
889580
1097540
1305840
202700
410740
618300
825820
1034060
1242580
139220
248740
458320
665940
873740
1082200
1289480
186600
394840
604320
812700
1020600
1228720
126540
334400
541960
750280
958300
1166834
67020
275400
484500
692200
899840
1107120
4760
212660
420220
627660
835680
1044360
1252160
148580
356200
564220
772520
980700
1187960
85740
294020
501760
709380
917320
1125200
22880
231540
440140
648480
856520
1063720
1272020
188460
398200
607400
815400
1024160
1233600
132040
340020
548120
757860
966660
1175060
72140
280080
488420
696540
904420
1111620
9380
216410
423940
631700
839004
1046800
1254640
153000
361340
569180
777620
985289
1193240
91060
298820
507560
716480
924380
1132540
30160
238660
447160
655820
864880
1072460
1280600
177500
386160
593860
802038
1010520
1156340
55160
263820
472460
680720
889240
1099200
1307362
205540
414320
621660
829680
1036840
1245800
143602
352120
560820
770080
977080
1185320
82220
290420
498600
706120
915100
1123580
21800
229820
438040
645980
853800
1062280
1269840
166600
374500
583080
790200
998380
1206520
103920
312300
520000
727880
936200
1144562
42720
251220
459100
666980
875180
1101920
60
208840
416560
624780
834140
1042540
1253360
151400
359660
568380
776200
984420
1192040
89420
297300
505260
713940
922320
1129820
27200
235280
442220
649680
857780
1065500
1274040
170960
378573
586800
795520
1003460
1211000
107940
316680
525500
733524
941320
1149400
47500
256560
465180
673820
882220
1091220
1299220
196260
404480
612960
753340
961960
1170400
67600
274840
482480
690380
898880
1106880
4614
212520
420640
628918
836800
1046040
1254000
153200
362180
570800
778720
987200
1194640
91400
299740
507720
715460
922260
1130660
28380
235820
443620
651660
859540
1066720
1274720
172080
379700
587320
795080
1002480
1210820
108420
316020
524260
732120
939960
1148620
46000
254680
463160
671460
881160
1089640
1298280
195440
403340
611380
819280
1027060
1235280
133040
341060
548980
757100
965620
1174080
70214
278700
486678
694340
902980
1110260
7815
215440
423820
631720
840140
1048540
1256900
154420
362400
573520
781900
989980
1197860
95700
303340
511100
717900
925200
1133300
30460
238020
445700
653900
863060
1071200
1279420
176440
357420
567440
776640
985300
1193960
91540
299340
507418
715721
923020
1131220
28540
236760
444640
653020
861204
1068660
1276640
173620
381040
589000
797520
1005140
1213340
111280
319200
527300
735300
943680
1151440
48780
256880
465520
673400
881500
1090460
1299277
196980
405440
612820
820960
1029040
1236660
134680
343320
551660
759620
967920
1175920
73820
302140
510960
719682
928340
1136760
34500
244820
453156
660826
868820
1077260
1285780
183520
391800
599680
807140
1015520
1223840
120700
329140
537220
745000
953560
1161180
58806
267000
475520
684140
892480
1099960
1308500
206120
414640
623260
832000
1040820
1249580
147840
355820
564000
771660
978900
1186880
85180
293280
500980
709380
917600
1125660
1253600
152780
360600
569460
777760
986120
1195820
92940
301120
510040
718560
927160
1135960
33280
242820
451360
659060
868440
1076440
1284640
181900
391240
599120
806740
1015160
1222440
119380
328080
535500
743720
951700
1159300
56860
264360
473200
681520
890880
1099660
1309140
209260
418440
626540
836080
1044580
1252780
151040
358860
566460
774720
982280
1209780
108600
316260
524440
732960
941100
1148600
46320
254620
462740
670460
877805
1085640
1292820
190140
398340
607180
814960
1023920
1231840
129440
337320
545440
753260
961400
1170040
67120
274937
482820
691640
899600
1107400
4610
212740
420600
628960
836980
1044940
1252840
150110
358700
566160
774580
983060
1191680
87700
295940
504420
712518
855180
1064500
1273020
170520
378580
586440
794580
1002780
1210598
107940
315980
524140
732980
940900
1148460
45660
254060
462040
669960
878380
1087020
1295300
192200
399820
608360
816680
1025100
1232700
129400
337480
545020
751680
960260
1171060
68520
276980
485600
693780
902180
1110360
8160
215956
423520
631100
838280
1047320
1256360
154040
361880
570440
800320
1009500
1218080
115200
323180
532220
739818
948440
1157060
54280
262420
470740
679620
887280
1095100
1303280
200720
409360
617800
826480
1034660
1242940
140060
347920
555740
762780
970900
1179760
77060
285300
493560
702400
910480
1118880
16920
224780
433020
641700
849602
1057320
1264700
161840
368760
576860
784480
992120
1199960
98220
305880
452240
661000
869220
1076500
1284300
182560
390760
598560
806720
1014280
1222920
121300
329860
537240
746120
954400
1162860
60120
267760
476260
684360
893200
1102080
1310540
208640
417020
624921
832760
1039880
1247780
145200
353600
562100
770140
978260
1186460
83280
291760
500340
711460
919980
1127900
25300
233520
442060
650160
858260
1066000
1274380
171860
402500
611920
820320
1028360
1236740
134140
342340
550220
757940
965920
1173960
71880
279120
486920
694960
902980
1111340
8000
216340
423920
631580
839360
1047560
1255400
152480
361060
568880
777240
985260
1191960
90500
298340
506100
713500
921877
1130160
27780
236200
445320
653718
861980
1070240
1278200
175980
384340
592420
799840
1008060
1215680
58940
268720
477400
685860
893500
1100960
1309580
206040
415460
624140
832220
1039600
1247460
144380
351480
559520
767460
974800
1182320
80260
288000
496440
704820
912700
1120760
18120
226002
434080
641640
848660
1056140
1264620
161880
369540
577380
785158
992880
1200560
97360
304960
511760
719880
927020
1135180
32260
240600
448820
657200
865100
1072800
1304300
202840
411520
619460
827160
1034360
1242340
141640
349980
558280
765300
973140
1180860
78200
286040
494140
701300
910060
1118180
16000
225340
433460
641120
849200
1057860
1266300
163260
371300
579160
787320
995053
1203600
100940
310140
517720
726440
934580
1142200
38960
247120
455136
663320
870660
1079620
1286580
183480
389940
597040
804700
955400
1165020
63200
271020
479031
687560
895960
1104040
1660
210233
417520
625600
833240
1041160
1248700
145640
354480
561900
770100
977740
1185360
82780
290420
498040
706180
913480
1122040
19120
226920
434460
643100
851380
1059860
1268040
165620
372320
580400
788440
996420
1204420
101500
308575
516240
724600
932440
1139160
36300
244700
452480
660440
757500
967080
1176640
75140
284540
493500
702340
911870
1120200
18320
227460
435920
644000
852360
1060280
1269380
167880
376580
585380
793560
1002000
1210160
909253
1123580
25300
235140
445500
654460
863100
1071700
1282420
180640
390640
599240
807434
1017220
1224980
122680
330740
539080
748880
956740
1164900
62880
271700
482140
762820
973600
1181920
79300
287280
499680
708760
917100
1125380
23500
231560
440840
650500
858700
1066720
1274060
171140
379780
588360
796960
1007260
1216500
114100
322060
529920
738578
947000
1154620
51980
262040
470900
679420
887400
1095640
1304280
202240
409860
618620
826924
1038420
1247800
145800
353580
562400
770940
979660
1188400
85420
294180
525760
737560
947440
1155480
52340
261100
468900
676860
884080
1091800
1299940
197720
405600
614400
826360
1035100
1243880
141320
350260
558100
766460
975440
1183120
80480
289020
497220
704460
912800
1123120
20562
228920
437180
646380
854960
1063140
1272000
169640
378380
587300
795920
1004860
1212600
110460
319202
529020
737980
946700
1155220
52920
161150
370740
578940
787540
996880
1204500
102060
310000
518400
727080
934280
1142380
39460
248960
456640
664320
872800
1081820
1290720
188840
397260
604300
812100
1020580
1228800
126580
335397
543760
752440
960800
1170920
68520
276840
487200
695540
903900
1112320
10340
218960
426900
634000
842200
1049820
1258240
156320
364780
573360
781620
990400
1198520
119400
328200
536020
744000
952180
1162580
62017
270360
478460
686400
894620
1102660
680
208740
417620
625440
834100
1042480
1250540
148280
356800
565980
773840
981560
1191200
88760
297180
506060
713600
921620
1129840
29480
237560
445580
653700
861680
1069240
1277540
174460
382600
591060
798200
1006680
1214840
111020
319093
527660
736440
944020
1073280
1284200
181840
389460
598600
807660
1015900
1224200
121420
330120
540840
748760
957080
1165660
62980
271040
478640
687120
895580
1103620
620
208760
417940
626420
835820
1043200
1250700
148280
356620
564900
773514
981400
1189660
87580
295560
503940
711820
919760
1127760
24900
232300
440340
650960
859480
1067780
1275940
173080
381620
590700
798740
1029500
1238520
135820
343520
551360
760480
969080
1177260
74340
281840
490300
698580
906980
1115020
12520
220900
428520
637080
844740
1052400
1259920
156460
364960
572700
781420
989637
1196840
93980
304430
513160
720840
928860
1136620
33920
241900
450480
658380
866860
1075360
1283200
179960
388280
595980
804140
1012020
1220080
116560
323960
532600
662100
872820
1081360
1290420
188460
397320
605200
813980
1022440
1231260
128440
336560
544640
752780
961920
1169420
66640
274420
481880
689980
899060
1107820
5320
212720
420400
628540
835900
1043680
1251240
148540
357180
565360
772820
980700
1188760
85780
293980
502120
709880
917880
1125340
23200
232000
439840
647100
856300
1064613
1272600
169798
377480
608680
818390
1027200
1234880
132180
340080
547780
756280
964840
1172980
70160
277800
485960
694340
902340
1111120
10380
218740
426660
635120
843480
1051740
1259362
156640
364460
572800
781520
990080
1198940
96820
304900
512900
721220
929000
1137260
35360
243460
450820
658660
865940
1073460
1280360
177840
385860
593740
801900
1009040
1217560
114220
260560
470080
677920
885700
1094400
1302540
199500
407540
616600
826220
1035020
1244320
142040
349900
558400
766660
974660
1182700
82100
289920
498880
706440
914620
1122380
20400
228820
437100
645700
853520
1061880
1269960
167960
376120
584482
791660
999680
1207860
105420
313580
521740
729700
938036
1146000
43380
251020
459260
667000
874772
1083320
1291500
212320
421000
629660
837300
1045600
1253160
150760
358760
567720
776780
985960
1194380
92100
299960
508300
716850
924200
1132520
29060
237400
446440
654580
862180
1070440
1278560
176020
387060
595440
803900
1011380
1219080
116380
324300
532480
740660
948480
1156220
52680
260048
467980
675880
883800
1091400
1299620
196880
405080
613560
822580
1030400
1168760
67520
275940
484540
692520
901280
1109362
6460
214400
423080
631660
840540
1048480
1256240
153540
360640
568360
775660
983500
1190520
87200
294460
502700
710460
917780
1125420
22360
230677
438600
645820
852960
1061690
1270120
167320
374900
582900
790900
998880
1207700
104400
312720
521840
732580
940420
1148760
45858
253500
462420
670700
879698
1088860
1298520
196540
404300
612460
820980
1029860
1238280
135623
344120
551600
760340
968880
1177215
74240
282140
490300
698260
906420
1114140
11320
219140
426780
635100
843620
1052520
1261518
159282
366596
574140
782380
990620
1197960
95440
303720
512940
721140
930000
1138520
35820
243740
452080
660540
867740
1075900
1283880
181700
390660
598780
778420
988040
1197980
95880
303820
512940
721480
928920
1137240
34578
243360
451920
660560
869740
1077580
1286460
183660
393840
601380
809880
1018460
1226960
124580
333020
541600
749800
957760
1165500
62735
270660
478280
685900
894000
1102409
1310360
207340
416640
624380
832960
1041080
1248847
146740
355140
563760
771760
980060
1188540
85440
292720
501160
731640
940040
1147940
44480
253960
462040
670500
878240
1086560
1294520
192160
399860
607542
816140
1024300
1232480
130940
339180
547220
754480
962500
1170320
67620
276860
484700
692640
901160
1108060
5140
213560
421820
629840
837920
1045480
1254640
152278
359500
567660
775460
984480
1192540
91340
300200
508720
717420
925340
1132800
31140
238800
367480
578780
786882
995160
1203820
101180
310120
519133
727480
936020
1143601
40760
249800
459200
667460
876200
1084640
1293680
191440
400420
608760
816340
1024520
1232440
129340
337000
544400
751440
959160
1167680
64660
272900
480960
689320
897280
1104693
1560
209000
417160
624920
833476
1041720
1250340
148340
357260
565860
773820
981649
1189680
85680
314180
523540
731200
938920
1146900
44328
252580
460369
667500
876180
1084618
1292380
190620
399000
607660
816160
1024480
1232620
130140
338980
546580
755480
963840
1172700
69760
277660
486680
694800
903040
1110440
6820
214720
422480
630000
837560
1045660
1253160
150840
359340
567380
775220
983320
1191000
89834
299020
507320
715480
924100
1133340
1279740
178600
386740
594920
802920
1011540
1219440
116540
325260
533000
741680
949880
1159640
57780
265440
474080
681620
889700
1097080
1305880
203820
411500
619310
828020
1035700
1244040
140980
348520
556860
763740
971780
1179318
76940
284880
491940
699340
907420
1114600
12480
220840
428480
636240
844080
1051660
1259520
157260
365460
573100
780340
987680
1075180
1284120
181200
388900
596780
805580
1013300
1221367
118540
326560
535500
744140
951917
1159820
57380
264400
471560
679740
888200
1096320
1303820
201160
408920
617740
826200
1033560
1241180
138660
346160
554220
762020
970380
1177620
74920
282500
490820
698600
907140
1114580
12380
220520
428400
635800
843680
1051220
1259238
156280
364180
572580
783060
879682
1088460
1296300
193800
402480
610482
818820
1026980
1234918
132200
339800
547200
755280
963160
1171760
69480
277680
485440
693500
901620
1109360
7080
214940
422440
630960
838560
1046580
1254160
150980
359120
567520
775400
983020
1191240
87920
294840
503440
710760
918860
1127520
24700
232480
440660
649160
857360
1066160
1274800
172520
381160
589160
797980
1006900
1215300
113420
321660
528760
736000
943620
1152120
48040
255680
463120
670620
878160
1085560
1293220
190700
398740
607140
815260
1022280
1230720
127020
335000
543480
751760
959220
1167580
64180
271040
478960
686700
894660
1102220
1310400
207400
414700
623140
830320
1037960
1245500
142140
350020
557700
764800
972000
1179640
76340
283620
488460
698480
906640
1114400
11460
219080
427200
634540
841580
1049560
1257380
154540
362680
571600
778900
987500
1195360
95500
302940
510458
717820
925880
1134020
31120
238880
447725
655360
862860
1070860
1279300
176700
384600
592040
799980
1008000
1215520
113520
321868
529840
738040
945580
1153360
50780
259160
466740
674380
882920
1091320
1299940
197480
427580
637380
844780
1052980
1261240
159200
367100
574642
782540
991180
1199500
96660
304220
511720
719878
928280
1135400
32500
241220
449606
657420
865360
1072800
1280960
178600
386240
593660
801540
1009560
1217602
114800
323040
531400
739360
947500
1154760
53200
261660
469820
678900
886780
1094720
1302800
200580
409080
616380
824740
1032540
1241280
79020
288260
496160
704200
912040
1120420
17480
224880
432680
640680
849740
1057780
1266820
165120
373558
581160
789320
997180
1205060
103000
310560
518360
726080
934020
1141640
39040
248000
456600
664240
872204
1080140
1288740
185660
1174680
79280
292300
501580
712600
921340
1130340
28780
239060
447975
656660
865378
1073900
1189798
88800
298100
508260
716780
926880
1135820
33660
242000
451100
660980
869834
1078100
1286860
185360
394120
606640
815220
1024380
1232800
130220
337720
546996
756980
965440
1174620
72440
281180
489400
698720
907960
1119400
16740
225800
434540
642920
851820
1060580
1268400
166040
376260
585780
794540
1002660
1211560
108820
317760
526380
735040
963740
1177280
75560
282880
491860
700180
909000
1117460
15340
223400
432300
640040
850960
1059980
1268480
166120
374380
583095
792880
1001820
1210200
107900
316580
524760
733600
943640
1152660
50000
258440
467560
675160
884160
1092160
1300720
198140
406360
615260
824100
1032580
1243980
142400
351400
559980
768240
978080
1187600
85860
294720
503058
710940
941980
1151240
50060
258560
467680
677960
886220
1095717
1304840
202580
411280
619640
828100
1036840
1245740
144720
353560
561600
770100
978680
1188020
85040
293920
504380
712820
920820
1129680
27060
235640
444020
652600
860820
1069540
1278240
176880
385460
593031
802900
1011980
1220360
118380
326620
535500
745500
955100
1163280
60486
268980
477660
621020
832940
1041900
1251060
149740
358520
567180
775807
983620
1192480
90500
299260
507840
716620
925000
1132760
31740
240340
449600
658380
866360
1074800
1283500
180920
388880
598320
807000
1015280
1223480
121680
900080
1123920
26580
237260
445780
654940
863440
1071900
1280800
178780
387500
595120
806240
1014820
1222360
119940
327600
569920
780620
988580
1196720
93680
301760
509840
717660
926020
1133120
30240
238480
446020
653960
861260
1068980
1277560
174900
383220
590880
799060
1007580
1215280
115700
324760
533020
741120
948500
1156100
52660
260480
468680
676840
884840
1092800
1301000
198220
406101
613780
823180
1031360
1239260
136700
344358
553240
761700
969540
1177880
74780
197360
407320
616420
824080
1031560
1239500
139380
347880
556340
764260
971520
1179000
76580
284560
492100
700140
908400
1115700
12860
220562
428380
635360
842660
1050540
1258160
154902
362915
570700
778160
985881
1193200
90400
298280
505880
713660
921940
1129800
27860
236300
444340
652360
860380
1070620
1277880
175820
384320
592300
799800
1007180
1213920
135780
344140
552440
760520
968840
1177140
74800
283020
490340
697960
905920
1113860
10660
218300
426020
634580
842420
1049620
1257420
154340
362140
569880
777960
986560
1195080
92660
300980
509192
717060
924880
1132740
29260
236640
446300
653920
862380
1069740
1277500
174280
382500
590120
797520
1005680
1213620
111293
319060
526920
734240
942041
1094380
1303400
200900
408180
616300
824020
1032000
1240220
136900
344660
552260
760540
967820
1176820
74480
283000
490260
699200
906520
1114240
11980
219360
427260
635100
842560
1050960
1259000
157000
365100
573200
782780
989961
1197160
93520
301000
508900
716380
923720
1131500
27940
235640
443380
650780
857300
1064620
1272460
168940
376700
584360
791768
927720
1138560
37060
245100
453240
662080
870900
1080060
1288760
186320
394840
602560
810780
1019260
1226860
123800
332400
540480
748200
955620
1163800
60480
269120
477120
685980
893840
1102000
1309760
207880
415802
623560
834580
1042860
1250800
147360
356220
564600
773200
981620
1189700
86974
295400
503940
711820
921165
1128900
26400
234360
442460
671460
882335
1091680
1299480
197200
404900
612935
820700
1028420
1235620
132380
340600
549460
759120
966960
1175580
73940
281540
489680
696720
905000
1112940
9880
218020
426060
633620
841480
1049800
1258340
155920
363880
572020
780340
988640
1197020
94240
303180
511700
719740
928320
1139420
37180
246160
454540
662900
871754
1079560
1288320
185380
394180
493840
704360
912960
1121120
18360
226160
434400
642420
850380
1058040
1266660
163760
371940
580880
789480
997720
1205140
102720
310900
517820
725580
932420
1140360
38400
246300
454240
662400
871638
1079540
1287880
184500
393160
601280
809540
1017560
1225260
123140
330720
538640
747300
955680
1163380
60780
269200
477560
685860
893820
1101020
1308860
206020
434060
642500
851220
1059360
1267440
168300
376720
584800
793320
1001940
1209820
107440
315780
524540
731960
940360
1148440
45500
252860
460836
669040
876980
1085140
1293820
191400
398500
606220
814120
1022180
1231020
129420
337740
545220
752960
961600
1169840
66860
274580
482680
690240
897960
1105400
2860
209840
418380
626060
833700
1042220
1251140
91720
300399
509060
717640
925660
1134320
31980
240580
448120
656440
864940
1072880
1280840
177380
385680
593840
800760
1008900
1216640
114758
322360
529980
738880
947180
1155160
52860
260940
468320
676020
884400
1096004
1303940
200680
409100
617660
825240
1032940
1240740
138480
347100
554820
763000
971660
1179615
76260
284440
492200
700020
907640
1115460
35842
245640
454040
662860
870960
1079000
1286880
183440
390760
599218
807340
1015780
1224260
122040
330840
538660
746720
954740
1162860
60600
269440
476960
685500
894420
1102640
1310600
208320
416800
625720
834720
1043460
1251320
148420
357120
565220
774460
982700
1190980
87640
295513
503700
711360
919860
1128660
25840
234160
442660
650280
858300
1011640
1220580
118240
326440
534660
742440
951800
1159980
57460
265640
473360
681420
890040
1100196
1309040
207020
415920
623180
831740
1040400
1248720
146240
354880
563800
773300
981440
1189600
86580
294860
503520
711700
919680
1127700
25940
233920
442240
650860
859460
1067800
1276760
174120
382120
590100
797580
1005620
1213780
112160
320740
528960
737900
968640
1178560
76600
285860
494880
703080
911900
1119860
18080
226300
434600
642642
850440
1058540
1266080
163240
371440
579660
787620
995460
1203440
101080
309540
518280
726240
934120
1142440
39600
247480
455860
663260
871180
1079440
1287540
185480
393660
601900
809960
1018180
1225920
123380
331520
539400
747580
954960
1163220
60240
267880
476640
601940
810440
1020020
1228880
125940
334540
543140
753100
962060
1170260
67555
276000
484360
692820
901940
1110180
8220
215820
423120
631020
839680
1048120
1256040
153440
361180
569500
777500
985580
1194240
92440
299780
507640
715460
923480
1131840
29060
236540
443780
652284
860720
1069500
1278600
175680
384160
592720
802440
1011320
1219820
117100
325800
555020
765480
973002
1181380
80380
289340
497580
706480
914360
1123280
20720
228761
437580
645160
852720
1060220
1267300
165560
374880
582480
790180
998500
1206460
104480
313300
522100
731320
939020
1147320
45800
254000
463180
671720
880380
1088380
1296800
193800
401880
609400
818240
1026220
1234460
132100
340260
549120
757420
965460
1173620
71160
202780
412280
620320
828840
1037080
1245140
142220
350020
557560
766060
974640
1183420
80420
290200
497980
706260
914480
1122080
19720
227280
435940
644260
852484
1061500
1269900
167600
376440
585120
792598
1001300
1208620
105620
314180
523360
731920
939800
1148220
46180
255200
463380
671400
879820
1087680
1295300
193080
401060
609640
817940
1025680
1233900
153080
361940
569860
778040
986320
1195260
92040
300500
508000
716900
925180
1133160
31260
239000
447480
654820
862820
1070540
1278680
177240
385940
594020
803420
1012580
1220300
117320
324578
533920
742000
949640
1158278
55420
263780
471640
678720
886120
1094460
1301960
199580
407280
614880
823120
1031220
1239560
136740
344860
552580
761240
969460
1113360
11640
220140
427420
635820
843360
1052338
1260400
157260
365400
573800
781540
989800
1197840
94600
302802
509680
716860
924520
1132760
30420
238420
446000
653680
861700
1070520
1278660
176160
384520
593220
800740
1010220
1218620
116242
323680
531020
738440
945958
1154420
51778
259762
467660
676220
884180
1092720
1300840
198620
406120
614100
822780
1030900
1240200
138560
346740
554880
763600
971680
1179339
75780
283520
491380
700080
907700
1114820
13120
221180
429920
638590
847760
1055940
1263940
161820
370780
579480
787800
996920
1204734
101860
310480
517780
726540
933920
1141836
38860
246760
454120
662120
869020
1077580
1284840
182380
389640
596900
804820
1012300
1220100
117160
326020
533820
721040
931636
1140260
38560
247540
455920
664060
871700
1079940
1288480
185520
393120
601480
809900
1018438
1226420
124100
332420
540260
748160
957080
1165240
62980
270840
478140
686180
894380
1102580
1310380
207524
415400
623060
831640
1038700
1247180
143780
351380
558540
766520
974860
1182520
79120
287420
495180
702740
403140
517880
731440
942374
1153440
52000
261220
471200
682100
890640
1099720
1308720
206300
416360
624540
832900
1041780
1250300
149720
358360
567740
776940
985640
1197080
96120
304680
513660
721480
929540
1142940
41500
250000
458560
667320
876420
1085060
1296080
193800
402140
610160
817860
1026340
1234860
132960
343740
552600
761600
970030
1178500
75480
302620
512000
720820
931660
1141000
38840
247480
455900
665220
873980
1083760
1293180
190900
401860
610642
818560
1026340
1234840
132882
340980
549240
758080
966620
1174620
74580
283960
492517
701318
910140
1118640
16900
225200
433220
642020
850500
1060260
1269580
169680
378800
587340
796220
1004160
1213160
111280
319280
528280
737400
946180
1155520
52860
285380
495800
704620
913700
1122580
20100
228980
437220
645460
854260
1063060
1271480
169600
378260
625920
838680
1048780
1260420
158500
367280
575680
784080
992820
1202760
100540
308560
517600
726180
934940
1142500
40600
249880
458080
666120
874880
1086020
1294200
191900
401200
609060
817740
1026400
1234722
132040
339240
547080
758960
970380
1203060
103340
310980
519340
727960
935380
1143180
43640
251500
459780
666980
874700
1083040
1291940
190280
398080
605920
814400
1022100
1230100
127440
335820
543660
751620
959980
1167660
64900
274220
483360
693320
902720
1111020
7980
215920
423820
631280
839280
1046800
1254880
152480
360180
567780
776140
984280
1191780
88960
296100
503940
712260
919480
1024500
1233620
130240
340380
548340
758860
968120
1177180
75020
283420
491900
700040
907200
1115460
12620
220680
428780
637520
845780
1054200
1262500
159720
367920
576300
784320
992220
1200360
97360
305140
513480
721560
929420
1137960
37720
246340
454740
662680
870480
1078660
1286600
183600
391140
599080
806900
1014980
1222900
120540
328680
536020
744660
975020
1183240
81060
289140
497400
705560
913420
1121060
18780
227100
435000
643380
851000
1059580
1268460
168060
376300
584150
792160
1000340
1208440
104960
313080
521400
729840
938380
1145600
42405
249920
457958
665880
873920
1081980
1290560
186580
394080
601820
810080
1018000
1226960
125180
333560
541560
749060
957000
1164260
61580
269100
477020
658640
871160
1083220
1292540
190700
398700
606800
815080
1023520
1231720
129740
338840
547800
755580
964280
1172918
70340
278580
486560
695120
904560
1113400
11360
219700
427580
635522
843940
1051380
1259520
158060
366940
575140
783600
992880
1201360
98840
307500
515540
724220
933000
1140887
37480
244820
455000
663220
870820
1079880
1288260
185060
414520
623340
831740
1039380
1247000
144360
352240
560440
767800
975700
1184720
82680
290940
498720
706960
915440
1123100
21240
229440
437300
645260
853500
1060440
1269320
166120
373720
582060
789580
997180
1204900
101420
309040
516540
724860
932940
1140880
38980
246360
454640
662660
872520
1081100
1289060
185540
393180
601160
809158
1018260
1226320
124820
232180
442100
650500
858480
1066060
1273540
171600
380160
588180
795940
1004440
1212100
109280
317080
525280
732460
940700
1149080
46620
254380
462440
670280
879020
1086840
1295140
193447
400300
608780
817060
1025160
1233740
131780
339780
548780
757463
966280
1174860
71840
279900
488240
696020
907020
1115860
13080
221560
429220
636680
845200
1053840
1262760
182700
392000
600280
808180
1017100
1225380
122678
330980
540200
748600
956580
1165180
62820
271380
480220
687800
895780
1105000
3209
211860
419540
627560
835800
1043900
1251420
148700
356740
565720
773480
981460
1190000
87560
295440
503060
711020
919600
1127940
25540
233520
442180
650360
859060
1067600
1276060
174000
382640
591080
798960
1007040
1136040
35520
243500
451980
660340
868420
1076040
1284600
181940
389600
596660
805420
1013920
1221720
118180
326100
533840
742860
951000
1158860
56780
265100
472000
679478
887920
1095740
1303880
201620
409220
617720
826280
1034000
1241440
137620
344640
552340
759460
967200
1175000
72580
280080
487200
695160
903820
1111240
8440
216180
424140
631760
840140
936820
1144580
42140
249520
457180
664700
872460
1079280
1287880
185120
392780
599600
807080
1013940
1222620
122560
330420
539240
747540
954940
1161700
58660
266440
473400
681300
888880
1097000
1305140
201240
409300
617340
824820
1032480
1239600
136600
344780
553080
759878
968040
1175440
72523
281120
489400
697780
905940
1114040
10744
219000
426420
634562
742580
952360
1161040
58540
266680
475420
683440
891160
1099040
1308038
205560
413380
621720
829460
1036920
1245240
142460
350260
557320
764340
972260
1179660
76900
284520
492440
700200
908500
1116940
13420
220818
429040
637120
845060
1052714
1260300
158940
367555
576280
784540
994520
1203120
100940
309200
517260
725244
933640
1140940
37800
246020
454000
684900
893920
1102260
140
209080
416820
625160
832920
1040820
1249260
146080
355682
563900
772360
980880
1190020
87840
295580
503942
712140
920440
1129020
26320
234220
441480
649020
856220
1065240
1273120
171030
378700
586200
794260
1001560
1209580
107160
315180
523420
731760
939800
1148580
45420
254278
462040
671120
879114
1087540
1295089
192800
335680
545160
753780
961980
1170060
67140
274900
482620
690360
897980
1105220
2220
209360
417560
625840
833280
1041700
1249740
146898
355080
562540
769760
980740
1189980
87520
295900
503360
712180
919620
1127640
24580
232280
439840
648000
855160
1063580
1272960
169920
377660
585924
794380
1003200
1210420
107800
316694
524900
732760
940780
1148780
46318
254840
463420
671620
879700
1087800
1295840
193380
402380
611160
818880
1027080
1235320
132720
341840
550260
757560
965600
1174200
70757
278660
486760
694260
901660
1110000
7000
214680
422200
630340
838000
1045600
1253480
150800
358960
567220
774340
982280
1190620
86980
294720
502640
710780
918642
1126800
24300
231720
438940
646720
853540
1061580
1253140
153480
362380
570920
779460
986760
1194060
91660
299840
507980
716380
924680
1132220
30560
238520
446040
656060
864520
1072540
1280940
178120
385880
593520
801720
1009580
1218280
115160
323317
531200
739720
947640
1155620
52240
261040
469180
677000
885060
1093020
1301160
198160
406080
613320
820900
1029060
1236720
134160
342482
551220
759240
966500
1195780
93960
302242
510000
718160
925800
1133440
30560
239420
447180
654600
861480
1069860
1278140
174660
382160
590400
798060
1005980
1214180
112380
319320
527680
736160
944220
1152460
48820
257280
465660
673680
882280
1089460
1297640
195080
403942
611760
818860
1025900
1232800
129760
337260
544940
752520
960220
1168100
64560
272860
480560
688600
847210
1056500
1264760
162800
371280
579500
786700
994920
1202100
100180
308200
516700
724800
932480
1140820
37260
244620
453740
662280
871180
1079780
1287220
187280
395280
603040
811340
1019100
1227780
125220
332560
540060
747920
955420
1163120
59860
266900
474920
683120
891640
1100320
1308100
205360
413820
621580
829020
1037140
1244740
142500
351060
558320
766360
974900
1183460
80780
289600
497260
705120
912720
1119700
16080
223620
431400
639400
847800
1055980
1263840
159860
367960
576240
783820
991760
1199000
95220
303920
511860
719960
927960
1135740
33680
242140
450840
659140
867240
1075060
1283320
180820
388480
596220
804820
1013500
1221040
118300
325940
533800
742020
949800
1158780
56280
264000
444900
654360
863120
1070760
1278460
175720
383935
592380
799860
1008420
1216720
114000
322140
529840
737960
946560
1155160
51760
259580
467080
674800
881680
1089958
1298160
195540
403060
610860
818260
1026320
1234280
130980
338200
545880
754100
961680
1169760
66940
274300
482360
690104
900700
1109280
6900
214420
422340
630140
837620
1045880
1253900
151400
248180
456780
664540
873000
1080980
1289620
187520
396500
604440
811860
1019100
1226840
124360
332733
540140
748340
955640
1162840
60120
268340
476220
684160
892060
1099940
1307840
204320
412278
619900
827740
1034840
1242370
139580
347320
555413
763900
971480
1178560
75680
283420
490640
698620
905680
1113260
10100
217840
424780
632820
839900
1047460
1254580
51280
260200
467780
675040
883380
1091020
1298860
195920
404120
610720
818280
1025620
1233640
130340
338260
546220
754000
961660
1169900
67020
274880
482480
690260
897660
1106700
4820
212860
420980
628420
836120
1044420
1252320
149140
357400
565780
773640
981080
1189300
86300
294340
501800
709540
917840
1126160
23540
231240
440880
649040
856480
1063620
1160500
58140
266040
473960
181878
397880
609600
821400
1030990
1240760
139420
348280
557540
767420
975520
1184120
82320
293120
501420
709260
917120
1125500
25000
233220
441680
649860
857702
1065280
1275480
173620
382300
589820
797720
1006240
1219233
116804
325220
532580
740940
948400
1156060
54780
262740
470340
677560
885200
1119340
17200
224640
434820
643500
851920
1059960
1268080
165680
374860
582600
791340
1002280
1210960
109220
316860
525120
733420
941960
1150040
47020
256020
466040
674940
883340
1091500
1299640
197620
406121
614320
822500
1030780
1239400
138580
346980
555440
763700
972040
1179900
78000
285800
494860
703540
911900
1120760
20900
229900
438860
647500
769680
978990
1188400
85509
293540
501640
709640
917700
1126340
23860
233840
443100
651520
859697
1067800
1275880
173240
382000
590000
798980
1006200
1214520
111260
319580
527020
734542
944880
1152800
50220
258300
466380
673900
881420
1088320
1296120
193680
401240
609760
818381
1026260
1235360
133300
341060
549360
759480
967720
1175960
73280
281920
489980
720360
929620
1137640
36120
244440
452100
659380
867980
1076600
1284480
182620
391340
599500
807980
1017620
1226460
123600
332160
540343
748060
956080
1163700
61120
268560
476820
684440
892380
1100760
1308600
207220
415640
623580
831580
1038920
1246640
144500
352700
562600
770360
978420
1186120
83720
292480
500164
707280
915420
1123600
21400
229340
361120
570240
778240
986600
1194740
91560
299780
507520
714780
922900
1130500
27460
235380
445520
653800
861880
1069980
1278740
176060
384820
593500
801180
1009420
1217480
114720
322460
530760
738940
946740
1154900
53260
259800
468720
676740
884300
1092640
1300920
198560
407420
615560
823180
1031040
1241280
139080
346880
555560
763920
971040
1179520
76600
306160
515640
723540
932620
1141340
38700
246760
454920
663478
871740
1079940
1288200
185560
393220
600920
808600
1017340
1225820
122840
331160
539020
747540
955880
1163980
63520
271380
479300
686900
894500
1102580
1309740
206300
413760
621400
830200
1038760
1247180
144920
353120
561280
768780
977240
1186280
83760
292240
501060
708880
917133
1125440
1273040
171640
380780
588560
796300
1004280
1213249
110640
317940
525700
733820
945220
1153440
49580
257080
464820
672440
881220
1088900
1297238
195460
403660
610960
820260
1029500
1237200
134860
342440
550900
758440
965640
1174460
71520
279280
487440
694920
903120
1111160
8340
216720
424820
633360
841716
1049860
1258300
155920
364220
572720
780960
989300
1218520
119220
328620
536860
746220
954360
1162640
59900
268220
475800
683640
891780
1100500
1308580
206380
413506
620380
828620
1036760
1245620
143540
351820
560740
768460
976280
1185120
82200
291060
499160
705860
914720
1123310
20840
229320
437560
646300
854580
1062245
1270000
168140
376500
584940
792980
1001220
1208860
105960
314180
525440
734600
873800
1083840
1294060
191940
400680
609440
816640
1025220
1233760
132140
340040
548260
755840
964680
1172860
71040
279520
487520
695460
902820
1110860
8800
217480
425760
634700
843220
1050340
1258820
156560
365940
574360
783020
992160
1200160
98340
306240
514740
723380
932460
1140880
37960
246820
454860
662820
870900
1079200
1286820
184160
392160
599040
876240
1087420
1296740
195200
404680
612300
820740
233900
459700
673640
884780
1093860
1302880
200280
408960
617560
826000
1035420
1244140
141960
350440
558880
767420
975120
1182820
79460
288460
497094
705200
913380
1121260
19300
227720
435800
643980
851240
1059940
1268380
165000
372720
581160
790000
998160
1205880
103120
311300
494620
706580
915540
1123540
22460
230260
438320
646380
853840
1060920
1268440
165600
376360
584540
792500
1001180
1208880
105880
313780
521360
728560
935860
1143220
41120
248600
456860
664900
872840
1081060
1288440
185720
393580
602460
809560
1017820
1225202
122680
331120
538680
747000
954660
1161760
59100
266900
474140
682180
890260
1098160
1306080
202780
436500
645960
854120
1061687
1268600
165460
373780
581020
790020
997800
1205860
103100
311460
519060
726540
933740
1141200
38082
246240
453980
662180
869520
1078040
1286040
183800
391500
598820
808240
1015920
1223300
119440
328220
535380
743040
949980
1159014
56540
263580
471380
679280
886520
1093880
1302198
198780
406240
613960
821780
1029820
1237160
79900
288860
496900
704700
913440
1121080
17600
225280
432820
640160
847660
1055740
1264220
161300
369240
576540
783880
991700
1199380
96040
303560
511060
718600
925560
1133520
30340
237940
446040
653380
860720
1068800
1276778
172760
380160
588280
796002
1004320
1211560
108000
314740
522060
730000
937860
1145400
42180
250460
458340
666300
873960
1081318
1189020
89540
298540
506160
713220
920780
1128340
25800
233840
441320
649200
857520
1065320
1273140
170060
378100
585780
792740
1000360
1207940
104640
311840
519320
727240
934480
1142240
39580
248180
456320
664280
872140
1079560
1287640
184620
393354
600060
807600
1015160
1222560
119680
328220
535960
743980
952060
1160280
57180
264960
473520
681220
889080
1021940
1233040
131380
340000
549580
758140
966140
1174560
72160
280394
488900
696420
904140
1112580
9780
217920
425860
634380
842480
1051220
1260400
158300
366120
574160
781900
990020
1198080
95300
303320
512080
720836
929200
1137980
35540
246100
455080
664100
873680
1081660
1289360
186180
394180
602040
811580
1019780
1227940
125280
333000
541260
771240
981500
1189980
88360
296720
504380
712360
921080
1129520
26580
234540
442820
651940
860480
1068720
1278118
176080
383840
592220
801160
1010240
1218880
116500
324680
533280
741160
949840
1158100
55960
264680
473300
682640
890200
1098000
1306600
204520
411460
619220
827320
1035220
1242860
139704
347480
555980
764180
971720
1178720
75980
284398
492220
593000
801720
1009580
1217600
114660
322940
530640
739160
947280
1156180
53790
262500
470800
678960
887460
1095620
1303688
201860
409340
616880
824760
1032720
1240920
138100
346000
554240
763200
970900
1181668
79680
287340
495700
704400
913660
1121240
18840
226920
435380
642620
851220
1058880
1267578
164720
372860
580620
788320
996680
1205000
102900
310340
538980
748140
956260
1165000
61940
269660
477520
685240
893220
1101080
1308860
206980
415340
623360
831740
1040240
1249080
146920
354740
563800
772380
980100
1187960
84580
293200
500680
707720
915000
1122860
20140
227420
435680
643800
852198
1059500
1267220
164180
372740
580380
788460
995884
1204100
101540
309880
518960
727400
935540
1143042
40040
204700
415240
624180
832220
1040080
1247407
144620
352560
560660
768740
976820
1184640
82100
289260
497820
706640
916100
1124620
21400
230060
438700
646640
854920
1062900
1271060
168460
375680
583960
791880
998720
1206020
102840
310680
520520
728700
936940
1144200
41560
249400
456460
665140
873160
1081040
1289320
187560
395900
604000
812500
1020100
1228600
147100
357800
565220
773220
981400
1188920
86260
293820
501140
709560
918280
1125880
23680
232400
440140
647620
855540
1063460
1272640
170200
379360
587520
796420
1004880
1214060
112900
321100
529880
738440
946640
1154000
51980
260060
468420
676560
884320
1091682
1299400
197380
405180
612760
820220
1028300
1236880
134440
342520
550760
760180
968140
1108500
7360
215920
425180
632920
840920
1049900
1258960
156520
364900
572400
780040
988760
1196940
94720
302940
510980
718940
926320
1134360
31640
239140
446900
654720
863200
1071500
1279300
176480
384620
592640
801360
1009160
1217860
115180
322849
530740
738900
947160
1154500
52086
260320
467602
675440
882300
1090440
1298940
196380
404340
611960
820260
1048220
1257300
157420
364680
571540
779120
987140
1195420
93100
300120
508600
716520
925180
1132360
29440
237440
445404
654040
862220
1070980
1278780
176620
384680
592300
800360
1008780
1217580
114600
322780
529960
737740
945980
1153780
52020
260620
468680
676860
884780
1092720
1300020
197180
405284
613660
821120
1028440
1236280
132880
340980
549740
709440
918720
1127420
25000
233320
441180
649600
857640
1065300
1272820
170560
377580
585760
794560
1003100
1211340
109440
317300
525860
733300
942020
1150360
48340
256346
464800
671940
880220
1089020
1296380
194117
401860
610140
817900
1025640
1233620
130700
339020
546780
754780
962720
1170600
68220
276860
484880
692500
900140
1108760
5620
213835
421900
648660
859600
1068500
1277640
175540
383620
592120
799700
1007280
1215240
112560
320500
529360
736880
945240
641020
856020
1069120
1278240
178580
387260
597400
806562
1017340
1225940
124180
332640
540680
750960
959880
1168660
66040
274540
484100
693380
901220
1109080
6640
217520
425980
634440
842560
1050822
1259280
161040
311220
520320
729880
938521
1147320
45400
255940
464140
671878
879800
1087920
1296140
193718
401380
611760
820200
1028000
1236120
133360
340837
548340
756400
964840
1175520
73560
281760
489960
698060
907400
1116460
13500
221560
430380
640280
848760
1057680
1266440
163140
372100
580960
788680
997440
1205600
103340
314120
522400
730642
939240
1147460
44920
277640
486920
695618
903940
1113440
10740
218900
429620
637560
845160
1052800
1260420
157820
365560
573260
781320
988820
1196160
92860
300940
508440
717480
926060
1133620
30960
238980
447060
654940
863100
1070760
1279001
175820
385540
594840
803100
1010440
1218280
117540
325860
533740
742120
950562
1158820
57020
265460
474080
681720
890260
1098140
1232700
131960
340503
549180
758120
966400
1176980
74760
283860
492260
701260
909900
1118380
15060
223320
431260
639640
848040
1056460
1264780
162500
371260
579040
787700
995880
1203560
103520
311940
519780
728000
936598
1144840
42160
251820
459520
667940
876040
1084340
1292740
191320
398980
606620
814920
1023360
1231680
129780
338840
547524
758100
967720
1199400
97320
306020
514340
722180
930240
1138200
34920
242800
451760
659360
867840
1076220
1284200
180880
389440
597340
805920
1013440
1221500
118840
327680
536580
744780
956180
1165060
62000
269740
478020
687020
894770
1103580
860
208940
417460
626220
834260
1042860
1250880
148320
356120
564220
772620
981180
1189560
86300
294340
502320
710160
825200
1034220
1242060
141640
350480
558640
766700
974440
1182920
80260
288780
496220
704420
913220
1121320
18700
227040
435240
643640
851760
1059220
1267500
164400
373280
581520
790460
999000
1208260
105100
313300
521360
729320
938280
1146280
44140
254000
461500
670240
879360
1087180
1295820
192320
400640
609057
817318
1024980
1233040
130120
338900
546720
778020
988160
1195927
93200
301040
508840
717500
925020
1133520
30120
237540
445620
654080
862440
1071540
1278800
176540
384940
593220
800420
1009000
1219140
116560
323900
532360
740400
947840
1155800
53220
261480
469840
677660
886040
1094880
1303520
200980
409060
616860
824960
1032820
1241300
139940
347978
555680
763143
970940
1178340
74960
282040
426220
634780
842320
1051200
1260100
157700
366780
575120
783175
991500
1199340
96920
304700
514740
722040
929840
1137180
34860
243080
451180
659260
866600
1074500
1282760
179700
388080
596700
804860
1012840
1220380
118700
327440
535390
743500
951540
1159560
56580
264200
472460
680660
889080
1097940
1306440
204578
412960
620420
828540
1036020
1243780
141900
369260
578180
785920
993318
1201320
99280
307760
515900
724060
934760
1142760
40200
247820
454780
663100
870960
1078840
1287360
184380
392500
600520
808560
1016840
1224820
121900
330960
539360
748000
956460
1163820
61360
270000
478420
687200
895620
1103580
380
208140
415960
623800
831680
1039780
1247760
145580
354200
562140
769280
976860
1185120
27880
236760
445580
653420
861860
1069800
1277900
175720
384420
593100
801580
1012240
1221020
118809
327040
534960
743720
951780
1160620
57760
265240
473460
681580
890400
1098180
1306380
203620
411840
619680
827160
1035380
1243950
142140
350380
559720
768760
977000
1185040
82500
291160
500180
708060
915840
1124520
21680
229940
438640
646500
855060
1063220
1293460
191140
400140
608160
816260
1024640
1233220
130440
338660
547080
754980
963220
1171540
68080
276280
484660
692740
901340
1109380
9240
218360
426780
635400
843140
1051520
1258000
155600
363400
571220
779220
987580
1195680
93680
302220
509740
717420
926260
1134340
31400
240760
449120
656200
863700
1071560
1280220
178020
385620
593420
801400
948720
1158940
56040
264080
471967
679120
887500
1095480
1304440
201980
410160
618780
827080
1035460
1243920
141980
351260
560700
769660
978320
1186520
84720
292900
501140
708980
917420
1126600
23900
231120
439040
647820
857282
1065380
1273200
170660
380780
587760
796080
1004000
1211800
109280
317600
526580
735158
943200
1151040
48480
257140
464780
672440
950260
1160980
60540
269820
477940
686060
894620
1103120
1310520
208200
415960
623550
832100
1040160
1248320
145480
353284
561380
770380
978940
1187008
84440
291900
500440
708360
916420
1124780
21880
230900
438640
647240
855200
1063320
1271940
168680
376980
584920
793500
1001140
1209200
106680
315060
523640
731860
939320
1148080
44940
252500
461320
692000
900740
1109180
7120
214560
422520
631320
839040
1047200
1255120
154880
363040
571420
780380
988625
1196980
94860
302640
511220
719260
927760
1135260
32960
241140
448800
656240
864940
1072780
1281560
178860
386420
595240
803120
1010780
1219560
117320
326200
533720
742040
950220
1158300
55620
264420
472820
681680
890340
1098640
1307040
204160
343120
551900
759320
968129
1176580
74300
282560
490620
698640
906960
1114860
12580
221320
429100
636880
844440
1052000
1260140
157560
365880
573620
781660
989180
1196640
94100
302800
511060
719060
926040
1133680
30900
238760
445720
653880
863020
1070940
1278300
176260
384394
592180
800540
1008560
1215920
116040
324125
532580
741080
949100
1156520
53960
262700
472580
681240
889420
1097740
1305660
202540
410960
619000
827820
1035920
1244160
140220
348460
555920
765020
972860
1180900
77640
285480
492998
700740
909600
1117960
14900
222940
430860
638760
847418
1055520
1263380
160740
369040
577360
785640
993040
1201560
99560
308300
516500
724580
933100
1141200
38900
247100
455920
664360
873020
1080460
1255680
153680
362140
569960
777760
985980
1194700
92880
300680
507842
715780
923600
1131820
28600
237200
445360
653480
860380
1068004
1275660
172360
380100
588060
796560
1004600
1212300
109560
317760
525840
734100
942260
1149840
47320
255200
462780
670480
878860
1089000
1297200
194560
402260
609380
817100
1024600
1232500
129300
336620
544720
752700
960140
1056900
1265780
164120
371880
581040
789380
997800
1205442
102840
310360
519260
727660
935800
1143760
41360
250040
458040
665340
872420
1080660
1288740
185920
393660
601520
808820
1016200
1223220
120060
328240
535500
744482
953380
1161760
60000
267400
475660
683400
891260
1100120
1308600
205900
414660
623500
831980
1039940
1247860
144460
352000
559420
767200
975500
1185360
83760
291520
500860
708510
915880
1124140
21120
228920
436860
644400
852320
1059900
1268620
166220
373880
582060
790520
998600
1206440
103460
312180
520980
729980
937900
1146020
43060
251240
458860
667340
875780
1084260
1292320
189800
398320
606600
814360
1022760
1230380
128220
336620
547280
755920
963680
1171420
68900
277920
486560
667460
878160
1086500
1294800
192680
401000
608420
816880
1025080
1233120
131122
339140
547060
755040
962455
1170460
68420
276380
484340
692400
900620
1109000
6600
214880
423000
630660
838340
1046120
1254160
151780
360000
567360
775920
983480
1191620
89740
296860
504320
711920
920420
1128000
24900
232460
440800
649460
858080
1067282
1274660
172280
381320
612940
822020
1030060
1238180
136135
343540
551484
759880
967260
1175080
70600
279240
487220
694844
903060
1110640
7840
214820
423060
630620
838640
1046560
1253680
151160
358680
566540
774440
982560
1190020
87140
294780
503420
712020
920040
1127840
25380
233660
440380
648000
855800
1063560
1271900
168700
376640
584440
793020
1001100
1209180
106460
259420
468800
676120
884280
1092500
1300660
197760
405220
613060
820860
1029060
1239600
138200
346280
554220
763340
971980
1180420
77700
285540
493340
701940
909640
1117900
15960
223660
431800
639460
847740
1055404
1263960
161820
370600
579140
787420
996740
1204400
102460
310740
518400
726920
935060
1143760
40980
249480
457560
666440
875660
1083840
1292560
211640
421660
630320
838240
1046800
1255200
152640
360780
568900
776520
984493
1192080
89420
298420
507140
715040
922960
1130780
29100
237440
445260
653340
861560
1069540
1277500
175160
384900
593040
801380
1010860
1218996
117060
325660
534840
743158
952020
1161000
58860
266975
476480
684740
892280
1099780
1307960
204840
413000
621220
828380
1036140
1170300
68960
278000
485900
694700
902620
1110440
8060
216080
423420
631260
839340
1047000
1254880
151400
359240
567640
775440
983080
1191220
88900
296660
504880
712680
919680
1127680
24680
1010880
1225100
126900
336100
546920
755900
964080
1173780
73700
282420
490620
698838
905940
1116660
14700
223300
432000
639540
849878
972920
1182620
80360
289020
499240
708080
916560
1124100
20900
229680
442220
651020
859460
1068020
1276278
173680
382360
593560
801560
1009280
1217560
114660
322560
531500
739940
950260
1158400
57040
265440
473480
681540
888580
1096900
1304080
203840
412500
621040
829480
1037660
1246500
144340
353660
561960
771280
981660
1190360
88080
296320
505040
713580
947260
1156540
54520
262340
471100
682280
890860
1100120
1307900
205240
413480
621880
829720
1037820
1245640
143280
350920
559240
768980
977300
1185980
83360
293260
501720
710480
919180
1127100
25700
234660
442800
650680
858740
1068540
1278160
176060
384240
592260
801420
1008840
1218100
115440
323460
532520
740162
948320
1156280
54700
262286
472320
578900
788300
996720
1205940
103160
311860
520286
727580
936300
1144560
41860
249400
457520
666460
875120
1083260
1290920
190080
398620
606940
815040
1023500
1231300
128600
336600
543760
752038
960840
1168380
66380
274420
482560
690100
898420
1106480
4760
213280
423980
632440
841380
1049600
1257980
155120
363360
571749
779540
987080
1194620
91520
299860
534360
743240
951560
1159960
57480
265600
474140
682120
890020
1100620
1309440
207520
417240
624760
832320
1040660
1248660
145760
354300
562580
770920
978220
1186920
84000
292118
500720
708940
917460
1125340
22980
231980
440800
649400
858020
1066118
1276200
174340
382880
592040
799300
1007360
1215060
111900
319920
528640
736260
943840
1151362
48300
184260
394360
602480
810860
1019140
1226800
124060
332440
540280
748060
956660
1165040
62960
271100
480740
689600
897260
1105380
2860
211280
419140
626520
834760
1042860
1251300
149040
357380
565880
774840
982660
1190600
87360
295540
503143
711600
918680
1126562
24420
232940
441140
649260
858660
1066840
1275140
173120
381040
591320
799580
1008100
1215820
137540
346380
554560
763000
972040
1180880
79180
286980
495840
704240
912980
1121260
18700
226480
434540
642900
851260
1059420
1268240
165800
374020
582420
790324
997540
1205055
102160
310720
519000
726780
934600
1143020
40120
250220
458760
667460
875420
1082860
1291120
187760
396552
604660
813202
1021720
1230300
127060
335520
543800
752420
960240
1089560
1298680
196620
405580
614316
823000
1031180
1239780
137280
345200
554100
762880
971940
1180660
78260
286700
495500
703760
911580
1119600
17560
225800
434340
642300
852840
1060460
1268740
165420
373580
581040
790020
997980
1206480
104800
312660
521200
729280
936940
1145060
41680
249580
458200
666240
873300
1081400
1290300
187180
395720
603320
811860
1041601
1250860
148060
357060
564600
772560
980100
1188340
85740
294580
502860
711180
918940
1126900
24460
232160
440320
648660
856100
1064140
1275600
172660
380880
589260
797860
1006060
1213580
111180
318920
527060
734500
942220
1150320
47700
255260
463740
671629
879480
1087960
1296880
194740
404000
612423
820598
1028380
1236880
134518
342940
551940
690980
899600
1108380
5460
213880
422220
630060
837740
1046000
1254160
151400
359800
568480
777100
985637
1194440
92540
301260
509080
716520
925800
1135600
35520
244580
452340
661080
869060
1077520
1285800
182860
390760
598884
807140
1015700
1223200
121360
330060
537900
745500
952900
1160340
57540
265400
474080
682300
890060
1098340
1305680
203200
411100
639560
848480
1056360
1264060
161762
370060
578980
787560
995780
1204520
102020
309880
518320
727240
936200
1144120
41540
249060
457060
665340
873380
1081440
1289120
185980
393580
600500
808240
1016400
1224860
122167
332920
541080
750080
958260
1166400
63680
271380
479800
687400
894640
1102720
1310060
207060
415100
622600
830500
1038040
1245820
143180
294460
503120
711400
919160
1127796
24880
233500
441320
649080
856320
1064620
1272300
169480
377240
584840
793160
1000557
1209600
107160
314800
521780
729600
938060
1145660
42780
250820
458680
666760
874940
1082740
1291540
188620
397380
605200
813460
1021460
1229040
126940
334860
542760
750840
958460
1166180
64460
272640
480960
691080
898880
1106680
4200
214740
423860
632560
841040
1048640
1257360
155316
362400
570560
778640
987100
1194760
92340
299440
507920
716860
924760
1132660
30240
237900
446000
653360
861720
1070380
1277720
174440
382360
590000
798100
1006320
1213920
111480
318420
527200
735420
943420
1151440
48520
255900
463240
671040
878700
1086700
1294820
192500
400200
608160
816500
1024300
1214020
113280
322140
530480
738840
946420
1155120
52240
260300
467790
675140
882860
1090120
1297420
195100
402960
610900
819020
1026960
1234838
132340
342760
551180
759340
968420
1176120
74560
281960
489420
697160
904980
1112840
9720
218440
427100
634800
842760
1050600
1258700
155680
364360
573041
780740
988480
1196660
94420
303260
512060
720980
929700
1162275
61000
270060
479240
687480
895600
1103680
1540
209900
418440
628180
837260
1046100
1254420
152440
359840
569000
777420
985960
1194280
93560
302240
510540
719320
927900
1136040
34680
243160
451095
660040
868100
1075800
1283040
181180
389920
597660
806940
1015820
1224260
122340
329660
538120
746000
954320
1163044
59960
267420
475980
684320
844440
1057080
1266560
165320
377480
586960
795460
1003420
1211860
110060
318840
527280
736200
945560
1154482
52160
260040
468360
676760
885560
1094440
1302380
199700
408300
616040
824040
1033880
1241500
138900
346740
555040
763000
971740
1180642
78300
286400
494200
702940
911100
1120420
17780
226920
436240
644040
852560
1061560
1270298
168400
377520
605200
815240
1023580
1232620
130420
338380
545805
753540
961560
1169400
67080
274180
482400
689860
897560
1105100
3140
211400
420520
628260
836124
1043800
1250660
146900
354700
562180
769798
977740
1185280
83340
292320
501240
710100
919000
1127260
25100
233520
441020
648660
856840
1065060
1272100
169660
377460
585180
793020
1001700
1210420
109460
317640
415260
624140
832840
1040540
1248600
146400
355000
562500
770600
978920
1186440
84040
290818
499300
707058
914680
1121860
18740
226960
434680
643100
851260
1059020
1266400
163420
370700
577760
786480
994660
1202500
99800
308760
516840
725680
934220
1143280
41300
249900
458380
666460
874720
1082280
1290660
188720
397620
605880
813320
1021760
1229900
127660
356240
566380
775060
984360
1192640
90060
298160
507460
716400
924860
1133478
31080
239700
448000
656120
864760
1074100
1282620
179420
387280
595980
804440
1012460
1220340
117967
325700
533398
741320
949660
1157720
55200
263300
470740
679240
887480
1095980
1303880
201060
409260
616900
824860
1033320
1242200
139020
345961
552760
760700
968700
1176480
14200
222780
431000
638960
849130
1056320
1264380
161940
369660
577237
785760
993500
1201160
97920
306120
513820
721580
930200
1138100
35960
244440
452860
660600
869340
1078760
1286860
182960
390680
598560
805900
1013540
1221920
119680
326520
534280
741800
949975
1157240
54100
261840
469500
677680
885100
1092940
1301220
198960
407220
615238
823620
1031780
1128920
27020
235000
443660
651720
859880
1067380
1275240
172220
380720
589220
797160
1005180
1213100
110620
318160
525760
733620
942040
1149800
47440
254760
462764
669960
878080
1085640
1294000
191380
399120
606820
814960
1022640
1230740
127440
335980
544740
752920
960800
1169180
65740
273500
481220
689280
897440
1105780
2920
210940
419320
627140
835282
925700
1134654
33460
241760
449720
657920
865740
1073740
1282440
179540
387120
595440
803300
1011040
1218880
116780
325380
532981
741340
949340
1157340
57840
267260
475520
683840
891300
1099640
1306940
205020
412620
621140
829200
1036836
1244840
142120
349300
556780
764620
973280
1181660
79060
287740
495800
703680
911880
1120600
17236
225580
433180
641080
874480
1083840
1291920
189440
397400
606040
813340
1021160
1229280
126660
335200
543480
751560
960000
1168020
66040
273720
481900
689280
897878
1106680
4420
211920
421020
628880
836700
1045320
1253760
151100
358560
566940
774740
983660
1192540
90400
297860
505940
714120
922720
1131580
29200
238060
445980
654640
862740
1071240
1279960
178020
386800
539500
749980
959380
1167800
65895
273680
482500
691160
899220
1107160
4120
211880
418926
626360
834560
1042580
1251400
148700
356720
564120
771480
979560
1187500
83940
292420
500680
708620
916480
1124300
21680
228340
436280
644280
851920
1060340
1268320
941900
1158900
59960
270880
479820
689480
898820
1108080
5960
215920
332698
543320
752360
962860
1170860
68580
277120
485600
695440
904620
1112960
11000
219020
427140
638120
846900
1054740
1262360
160420
369120
581800
790020
999800
1208800
107040
316020
525020
735560
943880
1152300
49420
257920
466400
674740
883280
1095300
1303980
200840
408940
617200
826080
1034000
1241960
140480
351080
560540
769060
977980
1187340
103060
314820
523540
731780
940380
1150920
49240
257500
465700
673580
881820
1089860
1298220
196620
404680
612940
823880
1033360
1241360
138761
346540
555100
764120
973460
1182080
79620
288560
497400
708200
917647
1126740
24900
232900
441240
650280
858520
1066340
1274340
172420
380840
590060
798320
1008940
1218180
115480
324200
532800
741600
950120
1159160
77400
287720
496400
706000
915280
1123880
22460
231604
442722
651700
860100
1068340
1277580
176100
385520
593680
802260
1010740
1218600
116162
324440
532820
741420
949620
1157640
55240
266840
475780
685480
893720
1103360
1140
209980
417700
625820
835040
1043240
1251420
150020
358880
567760
775920
983520
1191500
89040
296740
507380
716140
924380
1045440
1255460
154440
363400
572380
781080
989840
1197700
95574
304180
512380
721580
931100
1139860
37800
246100
455040
662760
870780
1079300
1289880
188820
397680
606960
815520
1024240
1232378
131360
340140
548640
757020
965080
1172940
70900
278940
487380
696780
904720
1113060
11360
219680
428220
637240
845200
1053460
1264000
161800
370220
577280
786220
1017660
1226820
124460
332760
541360
750540
959540
1168080
66460
275800
484300
692940
901300
1110080
7320
216200
424220
633340
841980
1050998
1259120
156527
365520
574080
784820
993680
1202680
100140
307880
516860
725560
934700
1142740
40360
248740
457380
664680
872740
1081060
1288960
186400
394680
603040
812660
1021080
1228980
126340
334920
543320
647580
858580
1068040
1277240
174480
383160
591620
802180
1011740
1220940
118920
327040
536100
744640
952678
1160860
58540
266820
475840
684340
892480
1101920
1310140
208400
416980
625540
835020
1044000
1252760
150780
359620
568600
776820
984460
1192820
90159
298300
506660
714580
922420
1130860
28260
236200
446140
654700
862516
1070180
1278380
176100
384620
616460
825105
1033460
1241320
139120
347700
556360
764564
972500
1180460
78860
286300
495120
702420
910380
1118580
15960
224118
431900
640360
847720
1055320
1262420
159960
367520
576140
783180
991320
1199080
95200
303660
510600
718140
928580
1137518
35200
244338
453300
662520
871240
1080300
1288180
185980
393520
601680
810000
1018920
1226900
124680
254580
464800
674360
883600
1092080
1300500
197800
405720
613940
821560
1029400
1237600
135380
344180
552480
760920
968520
1176220
73140
281280
489320
696860
905040
1113920
12720
220960
429780
638080
846900
1055220
1266140
163620
372700
581040
788940
997280
1205720
102800
310980
519940
727700
935780
1144860
43340
251780
460080
667940
876480
1085140
1293380
214700
423620
631920
839520
1047060
1254726
151120
358180
566280
774160
981860
1189660
87160
294640
502540
711040
919000
1126480
22920
231160
438920
646720
854840
1062660
1270720
167920
376082
584000
792000
1000500
1207580
104820
314213
521560
730000
938580
1146760
43500
251780
459000
666460
875380
1083398
1291060
189040
396320
603940
811520
1019660
1157560
55700
