ro_data
129100
378940
597600
810540
1023300
1233780
133180
343880
557160
767700
977500
1188120
95860
308340
519280
729400
939020
1151240
50560
259560
469200
678240
887820
1100450
1309440
207720
416880
625860
834060
1053620
1264060
162300
371220
580220
789160
998080
1213040
111400
321120
529880
739005
948320
1158100
57380
269020
479320
688460
898060
1107220
6320
215600
425360
635080
847120
1057260
1266735
165840
374760
584218
793300
1001880
1196600
96900
308380
518380
727300
936240
1144920
42980
251900
461780
670620
879820
1089560
30060
240560
449716
659500
868860
1078020
1287320
187460
396840
606140
815120
1023980
1235900
135680
345480
554880
763620
972600
1182800
81900
291780
501540
710678
919800
1128640
27560
238800
448160
657320
866580
1076280
1285660
184980
393800
603300
812500
1006200
1216680
116160
326480
535840
745560
957200
1166800
65660
275200
485280
694500
904060
1113280
12520
222540
432240
642180
852040
1061380
1270660
168740
377840
586560
798980
1008060
1217100
116500
326280
536053
745680
956620
1166740
65560
275480
484880
693920
903660
1112920
11880
221380
430830
640320
849760
1062620
1272800
171100
380600
589500
797700
1008040
1217000
116680
326540
535440
744300
953440
1163120
61980
271200
479700
689340
898480
1108365
6460
215580
424940
636480
845700
1055120
1264760
164120
373640
583420
793120
1002160
1211220
109400
318980
527560
737920
946460
1155320
53180
262180
470960
680480
889320
1098220
1308360
206800
415920
627600
836720
1045500
1254400
153340
363320
598200
808480
1019080
1228020
126120
335540
544400
753360
962740
1171460
70120
279040
489180
698440
906800
1116580
14600
223240
433200
642280
852240
1061780
1271060
172140
381700
590260
799300
1008560
1217820
116880
326060
535200
743660
952920
1162420
61200
271580
481640
691660
900360
1110140
8880
218560
428660
638240
848020
1057300
1266600
164600
395980
606860
816380
1025280
1234540
133800
345780
555060
764020
973120
1182300
81740
291480
500680
710080
919880
1129040
27560
236820
447060
656000
865260
1074160
1283380
182420
391580
600140
809420
1018440
1227020
125360
335400
543820
753460
963220
1172620
70480
280100
488620
698160
907060
1116180
29500
239540
448300
657040
864840
1074300
1284140
204180
415320
625760
834720
1044600
1254180
152900
362100
571480
780400
989700
1199240
97560
305580
515120
724420
933700
1142620
40860
250140
458400
667960
876580
1086340
1295940
194140
402800
612180
822016
1031280
1240565
139020
348680
559980
769760
978680
1187740
86280
295180
503640
712580
922120
1131040
29680
238440
447300
656900
866560
1075560
1307680
208140
417500
627200
836940
1046400
1256100
154584
363880
572180
781000
989340
1197600
95560
305020
513900
723000
932040
1141420
39740
249280
457860
666720
875720
1085340
1294860
193480
403160
612760
821580
1033140
1241880
139860
349720
558340
766400
974940
1185060
83700
292440
501620
710820
920360
1130560
29500
239040
447760
657320
866880
1099580
940
210580
419660
628800
837400
1045980
1255300
153780
363121
572200
779900
988680
1197310
95380
305180
513640
722820
931360
1141140
40100
249400
458380
667920
876920
1085920
1294600
193320
401580
610440
818900
1027360
1236880
138540
347980
556580
765280
973960
1182060
80640
289500
498960
707980
917720
1126120
23720
232040
440160
648860
857860
1091020
1300340
197780
407040
616000
824920
1032840
1241680
139240
347660
557180
765700
973780
1182320
81200
290040
499220
707620
917000
1124900
22800
231680
440680
649860
858640
1067980
1277300
174460
383540
592460
802220
1010640
1219560
117900
326860
537360
747540
956820
1165980
63640
272200
482940
691080
899860
1108680
5620
214040
422620
630940
726580
936131
1145540
43610
252280
462080
670500
879900
1089040
1297900
196620
405300
614560
823340
1032640
1241080
139080
347820
556140
765200
974060
1182700
80580
289700
498720
708020
916720
1125540
23280
232720
441000
650120
859420
1068600
1277100
174920
383400
592420
801460
1010780
1219660
117480
326140
535240
744162
952740
1162020
59580
268900
500600
713520
923600
1132074
29680
239120
447940
657620
880780
1089580
1297920
196140
404260
613260
822600
1031160
1240240
139180
348340
557240
765720
974500
1184160
81700
290840
500580
708680
917540
1126080
23760
232900
442280
651680
860800
1069480
1278400
177020
385700
593840
801420
1010460
1219380
116800
325860
534820
744220
953580
1162120
60080
268220
504080
713260
922240
1130740
29020
237880
446180
654280
863060
1071400
1279960
176960
386140
595280
804360
1013760
1222120
120160
328320
537240
745920
954980
1163900
62440
272000
481300
690700
898980
1107360
5920
215440
426120
635200
844680
1052840
1261180
159280
369020
578140
786260
995260
1203915
102060
310620
519180
727260
936460
1145780
43020
275300
486040
695600
904440
1113860
12140
220520
429400
638680
848020
1056440
1265820
164680
373460
582240
791020
999460
1208220
107060
316680
526700
735760
945280
1153560
51940
260460
470240
678860
887720
1096940
1306480
205200
414240
622720
831400
1040320
1248620
145700
353900
562860
771460
980660
1189520
87640
295740
505120
713420
921700
1131200
1252180
152080
361020
569320
778140
985960
1194598
92840
302340
512082
720420
928440
1136602
35440
243740
452300
663620
872660
1081880
1290400
188120
397380
607300
815760
1024740
1234040
132140
341040
550160
758860
967100
1175320
73560
282880
491620
700580
909160
1117760
16180
224860
433500
642640
850760
1059440
1268620
167400
376220
585240
794260
1023940
1235360
134600
343780
553100
762680
971400
1180200
78640
288420
497420
706180
915420
1124036
23400
231940
440880
649720
858400
1067440
1276000
174240
383080
592060
801480
1010140
1219140
117500
326660
535500
744860
953488
1161680
59660
267940
476560
685760
895820
1104640
3120
211780
420680
630340
838480
1047680
1257480
156140
365520
574180
782320
1017520
1227160
126240
335940
545060
753580
961849
1170500
68660
277380
502160
712040
922960
1132340
30240
239040
447560
656540
865200
1074340
1282660
181080
388980
598020
807340
1017420
1226333
124340
332980
541400
749680
957840
1166160
64160
272660
481860
690180
899280
1109100
7180
217000
425820
635820
843800
1052660
1261460
159340
367880
576800
809680
1020240
1230960
129880
338880
548420
757600
967420
1176520
75380
284180
492720
701940
910840
1120600
19720
228980
438840
647780
856260
1065460
1274720
172500
381220
589100
798060
1006800
1215320
114060
322320
531460
741160
949800
1158200
56600
265060
473860
683240
891380
1100720
1308980
207020
415520
624300
831880
1039800
1247460
146160
354240
460020
670040
878960
1087760
1296440
194820
403660
612120
820760
1029580
1238400
136520
346080
554920
763640
972960
1184320
82620
293000
502300
711080
920320
1128720
26240
234420
442920
651636
860440
1068780
1277718
176460
385420
593880
803300
1012580
1221680
119420
328080
537520
747100
956100
1164880
63000
271900
480440
690460
899720
1107720
5940
235680
447520
656880
865360
1075280
1284297
182060
391440
600820
809940
1018600
1227200
125100
333520
541920
749840
959120
1168100
66080
275280
483860
692880
901940
1110760
8340
217040
426840
635320
844640
1054140
1263340
161840
371260
580460
789440
999200
1208320
107100
316200
525820
734740
943588
1152340
50920
259920
468600
678400
887660
1096960
1305693
230720
441320
650220
859080
1067920
1277040
176020
386120
594920
803940
1012420
1221260
120160
329400
538960
748560
957740
1166660
64660
273245
482060
690800
899440
1107820
6740
215660
424740
633700
842600
1051000
1260280
158696
366500
575140
783440
1006560
1214940
112380
321120
530220
738840
947380
1155940
54640
262820
472038
679300
888557
1097560
74760
286520
496140
705180
914740
1124580
23720
233200
442520
651840
860640
1069680
1278940
177040
386760
595240
804840
1014640
1224060
123340
332660
541560
750720
960080
1170040
68120
277360
487200
696160
904660
1114200
12020
220520
429620
638360
848120
1057380
1266460
165220
374780
584380
793300
1002420
1211680
111000
318820
527240
736002
966980
1177780
77220
286540
494980
702680
911920
1120360
17840
226880
436440
644840
853960
1062560
1270900
169829
378380
586680
795640
1005100
1214040
112620
321960
530400
738680
947460
1155820
53240
263600
472200
680640
890420
1099880
1308340
206680
414900
623840
832758
1041820
1251480
149940
358520
567220
775960
984500
1193680
91820
300920
510020
719420
954740
1164140
207080
427160
642260
853100
1065373
1275820
174700
384660
596020
805420
1015000
1224840
123340
335100
545200
754880
965460
1174020
75860
285080
494960
705480
915040
1126740
25400
234600
444240
654400
864840
1078440
1288960
187020
396080
605000
814060
1022500
1234100
133480
342280
576240
787980
997440
1206520
105160
315960
525420
734600
943160
1151300
49480
258920
468440
676960
887820
1096720
1305920
203780
412160
622020
830960
1039100
1247520
145720
357762
567860
777240
986180
1194600
93140
302180
510780
719820
929600
1139680
41000
250600
460375
670120
879140
1088460
1297360
196120
404560
613580
823440
1033078
1242700
143240
373840
584220
793880
1002880
1212540
111340
320980
530460
739780
949840
1159320
57020
266200
477640
686620
893740
1102960
1700
211160
420000
628060
837040
1045840
1255540
154060
363840
573180
782920
992280
1203340
101480
311100
520580
730620
939060
1149320
48180
257300
466660
676740
886780
1096440
1305580
203540
413100
622836
831500
1042540
1252040
174400
385460
593980
803040
1012600
1220800
119500
327800
536200
745400
955120
1165400
63660
271840
481020
690720
899600
1109220
10420
220200
428740
638140
846777
1055160
1264360
162940
372000
580940
789880
998660
1207340
106080
315300
524280
733080
942060
1151660
50100
259080
468260
679220
887500
1095720
1304480
202560
411400
620600
828500
1037460
1266500
168620
378540
587600
797060
1006820
1215820
114500
322960
532040
741660
950838
1159440
57740
266900
475860
684060
895060
1104180
2900
211320
419620
627720
836020
1044900
1253140
151476
359580
568000
777160
985660
1194480
92900
302160
511480
720020
928980
1137900
36480
245080
453760
663300
871980
1080180
1288740
189180
397640
606840
815620
1024940
1260120
159480
369800
579140
787220
997660
1206680
104580
314300
523280
732600
941520
1150320
48140
256180
466080
675680
884900
1093860
1304060
202920
412460
620820
829340
1037960
1247440
145040
356660
565920
775440
984040
1192998
91500
300140
508140
716640
925640
1134640
32360
241180
450758
660340
869453
1078360
1286480
184240
393280
601880
810740
1042900
1254000
153180
363120
572180
781980
991400
1200120
98160
307340
517420
726660
935340
1144740
45380
255240
463400
671640
880440
1089820
1298360
196380
405220
613820
822620
1031260
1240400
138880
347900
555880
764260
973080
1182220
80160
289200
497520
706500
915700
1123980
21100
230160
438740
647160
855700
1064420
1273240
171440
379460
587800
708040
918200
1128380
27300
236000
444320
656260
865720
1074540
1281860
179842
389120
597660
805900
1014740
1223660
122580
331420
541100
749260
958180
1166535
65220
273960
483760
692480
901360
1109740
8580
217480
427140
635540
845375
1054500
1263700
162140
370900
579940
789260
998280
1207360
104940
313760
522600
731760
940260
1148240
47120
256240
485360
696520
905600
1117060
14700
222900
432596
641780
850680
1060280
1270500
168540
378280
587120
795440
1004280
1213040
110580
320640
530200
739800
949300
1158260
58640
267720
476358
685500
893842
1102000
1310700
209060
417880
626100
834720
1043400
1251460
150080
359040
567640
776700
985320
1193840
92460
301300
510240
719260
927540
1136140
35100
244560
478780
688460
898000
1106860
7380
216880
426080
636160
845060
1054880
1264460
163020
372740
582340
790658
1000100
1208480
106760
315980
525200
734220
943680
1152060
50080
259320
468280
678580
888620
1097080
1306560
204340
413500
622720
831140
1039980
1248900
147580
356520
565200
773640
982660
1191840
90060
300000
509020
717960
927660
1136380
35660
269260
479840
688780
897680
1105880
4020
212980
420480
628920
837360
1045920
1255740
154040
365660
575720
785020
994140
1204180
102040
309700
518351
727400
936120
1144820
42060
250900
458700
667960
877780
1087280
1296000
194280
402800
611900
821220
1029480
1237920
135260
344980
554560
764060
972240
1180320
78660
286920
495640
704400
913500
1122320
1229000
128060
337520
546620
756340
964895
1174600
72780
281580
491540
699680
908540
1117280
15540
223840
432640
642880
851680
1061000
1269720
167760
376680
585580
794140
1003380
1211850
110540
319320
529540
741160
950640
1159340
57840
266740
475800
684760
893260
1101876
1310160
208340
415980
625260
834680
1044280
1254200
153540
363340
572220
781980
1006680
1217160
115660
324420
533880
743660
952820
1162040
61220
270220
478840
687820
896760
1105840
3315
212360
421340
629900
838520
1047560
1257120
155560
364260
572660
781700
990300
1198600
97200
305760
514236
723760
932040
1140660
39780
248380
456000
665100
873820
1081760
1290380
188420
397400
606120
814060
1022320
1230880
128820
338002
546520
755040
989880
1199840
97700
305600
517360
726840
936920
1146720
44680
253480
462420
670660
879640
1088540
1297420
195520
404700
613282
822680
1031487
1239960
137565
346020
554280
762300
971400
1180380
78120
286240
495220
703800
912360
1121320
18280
227820
437140
645922
855280
1064040
1273020
170780
380480
589160
797100
1005500
1213160
110420
319380
527640
632580
842780
1051020
1260080
157600
366900
575700
784660
993300
1201620
99380
308080
517100
725460
933820
1142260
40680
249320
458415
667720
876540
1085500
1294740
192760
401540
609800
819600
1028657
1237120
135140
343600
552240
761160
970140
1178860
76180
284239
495300
704400
913684
1122500
19620
227560
436280
644420
853000
1060700
1269120
166780
394780
606380
815780
1024400
1233360
131060
339204
547440
755300
963414
1172400
70940
280060
489120
698460
907280
1116000
14820
223420
431840
640320
848671
1057720
1266460
163960
372920
582360
790840
999380
1208540
106520
316320
525540
734541
943280
1151400
49800
257820
465880
673600
881840
1091460
1300460
198460
406480
614880
823820
1032780
1241540
139360
349560
559780
768360
977780
1186420
84500
293460
502420
710720
919180
1129140
27760
236200
445100
653900
863460
1072680
1282080
180660
389160
597600
806120
1015240
1223660
121440
330482
538820
747580
955980
1164920
63220
274760
483960
693840
902980
1112520
10960
218880
427550
635920
844960
1054260
1263640
161120
369960
578340
787040
996200
1204800
39800
249560
458540
666920
876418
1085240
1294780
193040
401980
611580
820340
1028500
1237580
135700
344160
553000
761540
970600
1179020
78240
286940
495480
703120
911820
1120040
18220
227060
435940
644680
853880
1062420
1270880
169158
377280
587060
796640
1005960
1215000
112500
321440
530260
738340
947580
1156680
54400
263460
471580
680860
889620
1117960
17400
226880
435760
644700
853160
1061360
1270040
167040
375200
583820
791680
999700
1208000
106420
315020
522980
731260
939880
1148700
46640
255040
464700
673020
882040
1090740
1299880
197560
406180
615160
823000
1030980
1238700
137280
346260
554960
763558
972040
1183800
82360
291360
499700
707720
916240
1124860
23380
231240
440620
648720
858060
1090080
1299620
197120
406240
615760
824420
1033840
1242780
140400
349400
558940
767965
976100
1185260
83200
291100
500020
708620
917160
1125580
23560
232100
441080
649960
858080
1067340
1276360
174060
382420
590880
799300
1008740
1217000
114760
323060
531420
740580
950580
1159620
57398
266480
475000
683820
891920
1101320
1310360
208020
416160
624660
754600
966040
1174160
72300
281860
490860
699960
909160
1118580
16700
226000
435020
643460
853280
1061480
1269620
167560
376940
584900
793820
1002780
1210820
108320
316800
524060
732100
941040
1150740
48740
256880
465480
673020
881960
1091120
1299420
197160
405260
613673
821340
1029960
1238580
135958
343620
551680
760380
969500
1177240
74440
282260
490500
722160
930900
1140000
38240
247000
455000
666200
874620
1083380
1292360
190540
400100
609120
817460
1026680
1235180
132760
341800
549940
758400
967280
1175720
73960
282289
490440
699840
909320
1117800
15700
224320
432640
641920
849640
1058160
1266440
164300
373780
583380
791800
1000940
1209680
108660
317400
526020
734120
942660
1151540
50260
259240
468920
679160
888300
1096480
1305760
204160
412160
620640
828660
1038000
1246620
144760
354220
563520
771680
979400
1187940
86080
294860
503800
712380
920800
1128840
26600
235160
443940
653820
862100
1070820
1280420
179040
387660
597060
806680
1016000
1224920
122980
331940
541080
749920
959160
1167840
66080
275780
484160
693293
902200
1111640
8940
160180
370720
579120
787620
995760
1204320
102680
311620
520340
729500
938460
1146580
45220
253780
461520
670180
879460
1089200
1298720
197077
406460
614760
602580
824460
1040840
1253740
156040
367500
578800
787880
1000560
1210366
108800
366920
581040
794140
1004700
1213880
112407
321720
533200
742080
951280
1160660
58860
270340
479640
689140
898380
1108260
6360
220520
430780
640140
849500
1058600
1267700
166340
378800
588860
797480
1006720
1215880
114260
323180
532980
744760
868994
1079660
1288460
187260
396220
605260
813654
1022640
1234500
133680
343180
551960
760960
969920
1179960
79080
288082
497660
708940
918460
1127680
25900
234160
443460
653100
862040
1072060
1281540
180460
392500
602140
811480
1020800
1229860
128720
338120
545840
754920
964920
1173910
72680
281680
492560
702580
910640
1119780
17800
227100
436080
668060
879360
1090180
1300300
198680
408040
617440
829720
1039060
1248140
147100
356180
564920
774040
982980
1192220
90620
299780
509840
719000
928420
1137320
36060
247560
456940
666140
876160
1085380
1294320
193700
403767
613320
822220
1030720
1240440
139040
347920
557220
766660
976040
1184840
85660
295220
503420
712220
921157
1130160
28960
238100
469260
681798
892140
1101740
920
210040
418580
627300
835880
1044180
1252220
149760
361080
570640
779558
988600
1197640
96998
305700
515300
725440
934220
1142700
40740
249500
458640
667580
875920
1084680
1293220
191880
400840
610700
819560
1030700
1239540
137740
347360
556860
765500
974840
1184900
82257
291120
500422
710020
919400
1127820
26080
260720
473440
682380
891700
1100980
1310260
209280
417660
626020
835440
1044080
1256020
154660
364560
574480
783340
992700
1201620
99527
309189
517140
726980
935280
1144180
42360
250540
459180
668178
876460
1085760
1294600
192180
401000
610240
819180
1028320
1237140
136320
344520
556260
766100
974720
1183560
81760
290820
499300
708760
917180
1125860
46400
259249
468720
677489
886220
1095740
1305120
202620
412440
621700
830900
1041020
1250340
148200
357300
566720
776100
985362
1194640
93320
301580
509340
720840
929920
1139001
37080
245860
454500
663400
872500
1081980
1289860
188020
397200
606200
815280
1023960
1234100
132720
341920
551700
761080
969820
1179100
77380
285400
494320
702642
912000
1121020
45060
254880
464580
672460
881560
1090780
1299460
198324
409880
619660
828900
1037380
1246140
144820
353920
563000
771880
980500
1188740
86680
295940
504840
714320
924420
1133080
31100
240440
449620
658500
866720
1075260
1284640
183200
392560
601440
810540
1019620
1229140
127340
336220
545080
754400
963380
1172520
71020
279732
489400
698000
906660
1144200
43700
253640
463460
672440
882920
1092860
1302120
201000
409660
618580
827940
1037260
1246280
144840
354260
562900
772780
982340
1191880
91260
300840
509240
718440
927938
1137020
35680
243840
454000
663400
873220
1082700
1291380
189280
397580
607280
816460
1024140
1233240
131560
340660
549780
758900
967020
1175820
73620
285100
493900
703220
935740
1145360
43760
252260
461460
671540
881093
1089800
1299260
197740
407260
616220
826100
1035120
1244260
142320
350900
560140
768880
977300
1185820
83180
291900
500940
708740
918360
1127360
26520
234740
443140
652300
860802
1069480
1278180
176500
385620
594740
803880
1012740
1221320
120120
328280
537400
746040
955580
1164000
62220
271480
482160
601000
810560
1020320
1229240
127740
338060
547120
756300
966220
1176200
74580
284060
492520
701760
910740
1120260
18980
227800
436760
646220
854420
1064460
1273880
172120
381260
590540
799040
1007240
1215580
114500
323740
532840
742040
950500
1158920
56960
265820
474960
684540
893420
1102000
1310580
208500
417740
626180
835220
1044100
1253060
150920
379700
589680
799900
1008660
1218400
117020
326420
536180
746560
955480
1164460
62080
271700
480100
688642
897540
1107160
5160
213220
422680
631240
840540
1050500
1260460
159720
368280
578160
787320
997120
1206440
104560
313680
522820
732020
940900
1150910
49880
259620
468960
677860
887560
1096620
1305060
202520
411276
620330
828940
1038660
1247840
168940
381442
591560
800340
1009300
1219060
117180
326300
535220
744520
953680
1163200
61300
270980
479080
688080
896620
1105640
5000
213640
423400
633140
841900
1051520
1262680
161880
371600
580640
789120
998420
1207500
105560
314200
523420
732760
941520
1150000
49878
258820
467600
676900
885400
1093240
1302820
200800
409740
618700
827600
1036940
1246240
171800
381760
590340
799340
1008620
1217020
115800
324240
533200
742620
950740
1159480
57920
266860
476220
685200
894340
1103260
1920
210598
418480
628360
837460
1045840
1254800
152480
361140
570580
778720
988240
1197260
96480
304740
513320
722160
930240
1137840
36160
244900
453340
662280
871100
1079580
1288700
187160
396300
605620
814480
1025640
1256480
156960
365840
574780
784540
993980
1203460
101460
310040
518820
727900
937280
1145820
43140
251900
461240
670200
879540
1088780
1297540
195580
404080
614200
823820
1032900
1242380
141220
349860
559980
768160
977100
1185460
83660
292920
502400
710820
919900
1129800
28020
237180
446160
655280
865480
1074350
1283960
182300
392580
601420
810720
917300
1127520
25540
234329
443420
651520
859580
1068120
1277000
175320
384160
593000
802340
1011460
1221000
118440
327500
537160
745760
954620
1164580
63240
271860
481260
689140
899220
1107680
6421
215480
424600
632680
841300
1053400
1262800
161640
371020
580260
789420
998200
1208140
106580
314620
523360
732820
941480
1150080
48080
257320
466160
695040
904900
1113990
12240
220900
430680
639140
847960
1056240
1265240
163340
372400
581180
790140
999420
1207880
106478
315700
524380
732780
942060
1151480
49880
259120
468120
677020
886100
1095780
1305040
203296
412220
620960
829560
1039420
1248440
147040
355940
563920
772900
981660
1190082
88060
297340
506280
714480
923240
1132080
30620
239620
448520
683820
892500
1101360
40
208620
417340
626700
834800
1042722
1251820
149580
359200
568500
776740
985960
1195340
93680
302520
511700
720680
929380
1138440
36000
244000
453800
662800
875180
1084040
1291800
189100
397600
605360
813180
1021360
1230360
129160
338500
546700
755180
963600
1172800
71000
279820
488840
697920
907480
1115980
13560
222500
432100
642760
852820
1061500
1269440
167220
375460
583960
793260
1001580
1210560
108460
317140
526420
735340
944840
1154460
52180
260700
469160
678240
887280
1096140
1305720
203580
411760
621200
830900
1039360
1248300
146640
355940
564860
774080
984020
1193560
91820
300900
509720
719120
927540
1136200
33680
242160
451420
660295
868800
1077240
1286520
124860
335660
544320
752280
961360
1169720
67562
275980
484640
693140
901620
1110320
8200
216320
424180
632360
840500
1049880
1257880
155100
363020
571460
780580
989480
1198620
96440
304420
512520
721100
929720
1139220
36920
245020
455600
663760
872040
1080200
1288920
187440
395980
604760
813880
1023460
1230980
129220
337760
546060
755600
963340
1172480
94120
302900
512140
720520
929320
1138540
36920
245020
452580
660720
869820
1078360
1287020
184900
392300
600880
809500
1017860
1226720
124500
332900
541480
750280
959180
1167080
65207
273920
482220
690460
898720
1105540
4260
213600
423560
632000
840900
1049580
1258240
156560
364940
573200
781680
990880
1199480
97800
305740
513700
721080
929600
1045620
1255220
153200
363260
572340
781280
988880
1197920
96440
304700
513380
722400
930440
1138780
36280
244640
453100
661840
870460
1079980
1289320
187280
396600
605660
814680
1023900
1232900
130900
340520
549440
757920
967180
1176240
74780
284380
493260
701540
911360
1120500
18660
227520
436580
645280
853300
1061460
1270180
167380
377400
585880
812940
1025084
1237040
135760
345000
554280
763180
971920
1181460
79700
288040
496727
705700
913880
1123020
21420
230438
438940
647240
855340
1063660
1272160
169640
378980
588980
798140
1006540
1214680
112520
321160
529840
738600
947220
1155740
53680
262380
471480
679860
888800
1097040
1305600
202880
411020
619580
827960
1036440
1245160
142520
351928
560280
794980
1005240
1215080
113800
322420
531160
739820
948740
1156720
54320
262890
471760
679640
887960
1096360
1304940
203300
412480
621120
830640
1039860
1248380
146020
354460
563000
772750
981680
1191540
90120
298360
506980
716020
924740
1134620
32540
241660
450940
660600
870240
1079020
1288400
186460
395400
604500
812940
1021680
1231320
129080
338960
445640
656140
865660
1074700
1283340
182540
391720
600040
808400
1018020
1227120
125700
334621
543800
752920
961600
1170760
856180
1071320
1283400
183320
394240
603840
813480
1023080
1235060
133340
343200
552860
762260
973720
1183880
82240
291920
500720
711340
921880
1130660
28880
237840
449034
658440
867400
1076040
1284360
183300
421200
632020
841860
1051500
1260120
158940
366680
577940
787220
995840
1204940
103760
312500
521600
729960
940780
1149340
47320
255920
465340
673880
883620
1092220
1300880
201240
410300
619060
828400
1037620
1247600
146280
354580
563660
772580
983260
1193000
91180
300200
508900
716640
925280
1134920
32580
242180
451660
662920
871844
1080700
1290900
261180
472080
682460
892100
1102000
960
210540
420260
629800
842180
1052278
1261800
160320
369320
579754
788360
997600
1206840
105580
314880
524840
733880
944040
1155769
55500
265000
474458
684880
895000
1105160
4600
213880
423860
633180
842580
1051160
1260260
157800
367580
578140
787740
997160
1206180
105320
315020
524860
734540
943220
1164660
65280
274740
483000
692210
901200
1110720
8820
217420
429020
638420
847520
1057320
1266620
165400
374340
583880
793080
1002480
1212080
110680
319280
528160
737360
946420
1155320
53900
262740
471480
683340
892820
1101700
160
209400
419060
627740
837040
1046540
1256400
155020
364640
573040
782600
991660
1200860
99260
308540
517200
725840
954220
1164280
65820
275720
484200
693660
903860
1112880
11900
220880
429940
638940
849040
1058100
1267480
165620
374260
583160
792600
1001260
1210500
109720
318840
527820
737215
947480
1156900
54220
264680
473640
682300
891360
1100960
420
208920
417860
626160
835260
1044080
1252560
150740
359000
568900
777860
986287
1195640
93000
302240
511620
743560
954180
1164200
63380
272260
481240
690100
901820
1111318
9240
218036
427420
637200
847060
1056400
1265540
163440
373220
582580
792140
1000920
1211020
109840
319300
528920
737020
947440
1157520
56320
265400
473800
682740
892200
1101720
400
209980
418200
627200
835800
1046660
1255440
153980
363000
572460
782180
990280
1198900
97480
306640
539740
751180
960060
1168680
68140
277100
486740
696120
904620
1113260
11720
221140
430640
639620
849080
1058880
1268120
166916
374100
582280
791200
1000780
1210220
108820
317700
526560
737500
947680
1156000
53260
262060
470580
678780
886900
1096060
1304880
202720
411820
620480
828620
1037460
1246000
144220
353880
562300
771400
979780
1188640
86460
294920
531040
741240
950580
1159700
58565
267480
476500
685760
894800
1104280
2660
212100
420840
630402
840220
1050060
1259100
160020
369540
578960
787793
996082
1203840
102360
311080
519220
727340
936580
1144980
43800
252000
461000
669280
879042
1087760
1297420
195820
404420
612640
821340
1029620
1238540
136720
345800
554800
763760
972380
1181300
78640
308740
519478
728940
937820
1146260
43460
251800
460000
669760
878060
1086880
1295580
193640
402080
612500
821080
1030500
1239440
137800
346120
554900
764180
972560
1181760
79600
288720
497400
706080
914520
1122700
20769
229580
438100
647780
856620
1066080
1274540
171880
380420
588520
797260
1005680
1214460
112300
321160
530080
738880
948340
1156880
1286560
186000
395140
604340
812520
1022300
1230740
129120
337740
546600
755820
965100
1173980
72560
281780
491500
701860
911300
1119960
17960
227280
436960
646380
855220
1065567
1275400
173160
381820
591280
801200
1010160
1217700
115340
324620
533540
742380
951940
1162040
60780
270000
479140
688880
898380
1107620
6720
215400
424660
633460
842440
1070340
1281840
180560
389780
599160
807966
1017175
1226916
125120
334600
542800
751760
960220
1169840
67900
276840
485820
695160
903640
1113160
12140
220620
429580
638580
847740
1059280
1268800
167481
376860
584920
793940
1003680
1212360
110880
319000
528320
737120
945680
1155080
53142
261040
470320
679055
887660
1096560
1305900
204000
412740
621800
853420
1064500
1273980
173180
382200
591780
800060
1009200
1217940
116480
325740
534980
744300
952540
1161740
59980
269120
478440
687600
895400
1105860
5000
214640
423600
632480
841240
1050560
1260000
158920
368900
577640
786760
996320
1205780
104140
313160
522100
731540
940080
1148820
47240
258940
468540
678517
887062
1096100
1305600
204280
413680
622740
857060
1066140
1275780
174420
382360
591640
801720
1010342
1220180
118356
327900
536900
745380
955020
1164300
63720
272572
481240
690420
899920
1108320
7400
216500
425280
633560
842540
1051220
1260100
158460
366960
574960
784440
992660
1201780
100460
309540
518700
726920
935300
1143920
42080
250660
460020
668700
878300
1086640
1295660
193480
402220
635780
845460
1054160
1263740
161458
369900
578800
788300
997640
1206340
103600
312700
522140
731940
941360
1150520
49940
258760
467740
676100
885280
1093780
1301420
199140
407760
616720
825400
1035500
1244680
143320
351760
561420
769560
978020
1186420
85060
293880
502340
709620
918240
1127440
25880
235800
445520
654460
862920
1072360
1281260
179300
295180
505300
714560
923893
1132900
30660
238660
447300
656360
864780
1073840
1282700
180740
389160
597860
807220
1015480
1224520
122580
331900
540180
748820
957180
1166080
63960
272720
481660
690380
899020
1107680
5120
213560
422580
630920
839660
1048060
1257020
154880
363680
572340
780700
988860
1197500
95760
304300
512640
720860
929240
1137940
60980
272300
481320
690200
899180
1107800
4880
213480
422060
631880
840160
1048720
1257820
156460
365573
574080
782460
991400
1200680
98880
307300
514780
723200
932540
1141600
40180
249340
457480
666140
875480
1084240
1292200
189700
398840
607880
816600
1025660
1234500
132780
341720
550240
758920
968100
1176220
74700
282720
491560
699780
908280
1118180
39980
250860
459840
668600
877640
1086740
1295980
193844
402380
610836
819640
1027780
1237440
134800
344420
553640
762320
971860
1179700
78582
287700
496580
703920
912080
1121160
18780
228140
436600
644920
854220
1062540
1270780
168780
377335
585620
793760
1002500
1211060
109180
318260
527680
737320
946120
1157240
54620
263200
472040
680900
888740
1006140
1216900
115160
324508
532480
741500
950440
1159400
57180
265600
474480
683440
892220
1101100
1310300
207820
416400
625900
835260
1044300
1253660
152220
360860
570095
779120
987980
1196580
96060
305040
514300
722940
932320
1141520
39560
248280
458000
666820
875880
1085500
1294100
192380
401300
611360
820836
1029600
1239340
137180
345720
555080
783540
993820
1202900
101300
310200
519440
727120
936780
1146860
45240
254300
463120
672329
880520
1089780
1299100
197100
405180
614200
822540
1032360
1240280
137280
346280
554720
763660
973020
1182040
80080
288720
498017
706820
915720
1124920
22180
231220
440640
649240
857920
1066280
1274200
171340
379920
588720
797940
1006900
1215520
113380
322100
531080
768620
979420
1188360
86000
294320
502940
711640
920520
1129640
26927
235020
443360
652640
861320
1070220
1278680
175940
384780
593980
802780
1011540
1220120
118480
326680
535940
745489
954360
1163720
61780
270520
479280
688100
897320
1105460
2840
210840
419540
627200
836860
1046118
1255620
153780
363500
573240
782300
991900
1201380
99842
309400
415660
626200
835400
1044360
1252880
150980
360580
569020
777560
986620
1195580
93540
303120
511880
721080
929820
1139700
38020
247080
455400
664640
873640
1082060
1291740
190080
399760
608820
817140
1025820
1234322
132280
341180
549940
758360
966580
1175500
72820
281700
490540
699960
909798
1119540
18220
227340
436913
645362
853580
1063560
1272540
190700
400800
610340
820060
1029240
1238860
137820
346320
555040
763740
972660
1181800
79480
288450
497780
706920
915700
1125000
23520
234773
444200
653280
862080
1071220
1280600
178400
387180
596621
805130
1013740
1222520
119680
328840
536940
745580
954960
1164060
61980
270180
478680
688400
897140
1106280
5180
214200
423060
632253
841140
1049900
1259440
184200
393400
601780
811860
1021040
1229120
127360
336720
546020
755220
964080
1173420
72340
280920
490240
698680
907540
1117000
15080
224080
432620
641060
849620
1058440
1267220
165440
375080
584360
793700
1003420
1212400
109980
319040
527840
736820
944680
1153760
51360
260720
469320
678180
887260
1096757
1304880
203140
411780
620640
830680
1039840
1273640
172900
382520
591200
799460
1008620
1217280
114980
324900
533480
742700
951478
1160280
59100
268340
476120
685500
894020
1103800
1880
211280
419700
629060
838260
1046860
1255380
153500
361960
570700
779600
988280
1198200
96040
304140
512700
721480
930320
619720
834460
1047100
1258520
158503
367640
576400
786140
926000
1138400
39720
249320
459460
670060
879480
1088840
1299140
197180
408060
617880
828060
1037020
1246700
147840
357700
567040
776020
985280
1194740
98140
306740
516260
724920
934180
1143100
40420
251800
461120
669440
878460
1087060
1296200
195200
403080
614120
823720
1032860
1242040
140840
349340
558700
767880
976660
1187660
86720
296180
505000
720780
930160
1139240
37680
246720
455700
666860
875360
1084320
1293400
191920
401900
610980
819940
1028440
1238220
136840
348720
558480
767100
976441
1185840
84620
294220
502660
712220
921160
1130240
28500
237980
450000
658200
867040
1076260
1285600
183700
392640
602020
810600
1019060
1227900
126600
336400
545960
756722
965740
1175200
73360
282280
514360
724780
934720
1144240
43100
251660
459640
668322
877260
1085840
1295120
194693
403640
612520
821566
1031280
1241140
138740
347790
557820
766220
975100
1183720
81660
290120
499420
709080
917340
1125920
26020
234600
442840
651260
861120
1069340
1278540
176720
385860
594767
804360
1013000
1221780
119380
328800
536760
745340
954740
1163320
61240
294120
506160
715500
925180
1134120
31540
240120
448980
658460
866920
1076660
1286540
185520
394800
603880
814200
1023060
1232180
131280
340402
549380
758980
970240
1179940
78820
288400
497260
706320
915120
1124975
23660
232140
441400
650820
859840
1069440
1278820
177120
387020
596400
805220
1014680
1224380
122600
332320
541460
750000
959060
1170400
67893
346960
558400
768037
977240
1187300
85320
294400
503280
712060
921240
1130300
29340
238400
448000
657282
866620
1076280
1285840
183500
392360
601860
811420
1020380
1229680
127580
336320
547760
757080
965920
1175580
75080
284073
493700
703274
911800
1121600
20620
230040
438080
646960
855480
1063960
1273200
171480
379660
587840
797442
1005940
1235900
136140
345820
554760
764060
973660
1183400
81600
291140
499520
710640
921360
1129800
27400
235540
444000
653480
861940
1070740
1279480
177800
387480
596720
806360
1014980
1223640
121340
330020
538520
747540
956140
1165400
63540
272460
481320
690160
898780
1108120
6380
215120
424140
634100
843000
1052540
1261960
160240
372380
581120
789800
1023140
1233700
133000
342060
551060
759800
969000
1177540
75460
284780
494400
703580
912820
1121620
20400
230080
437829
646840
855360
1063800
1271580
169240
378440
587580
796260
1004800
1213160
111100
320960
529620
738580
947880
1157070
54500
263620
472760
682000
890600
1101460
100
209600
418480
626900
835580
1043720
1252020
150660
359960
568660
777260
1011940
1221940
120800
329880
539260
748880
958300
1168180
66980
276280
485140
694900
903960
1112680
11200
220160
428360
637280
846840
1055540
1265280
164520
373280
583200
792980
1001880
1210860
108880
317381
526500
736160
945200
1154802
53540
265100
474340
683460
892580
1101920
300
209458
418780
627940
837100
1046365
1254420
152500
361360
570760
806060
1016320
1225800
123960
333700
542920
750800
960320
1170220
69300
277140
486500
695040
904140
1112960
11080
220360
430160
639040
847920
1056680
1266280
165280
374680
582840
791720
1000338
1210620
109040
318200
527320
736420
945660
1154180
52440
261060
472200
681940
891260
1100640
1310160
208680
417260
626880
835720
1044720
1253940
152500
362020
597940
807880
1016360
1225760
124340
333080
542800
752320
962080
1171700
69900
279880
489620
698620
908220
1117280
17200
226500
435620
644940
854060
1062440
1272060
170240
380120
589380
798600
1007320
1216200
115320
325320
534120
743640
953100
1161720
59460
268480
476920
686360
894000
1103620
2240
211600
420940
630180
842160
1051500
1260280
158740
389380
599700
808880
1017500
1226180
124780
334680
544020
753120
962140
1171740
70660
280220
490120
699540
909320
1118540
16500
225020
434373
643920
852980
1062564
1272400
170720
380240
589060
797600
1006580
1215840
114620
323960
533400
742460
952480
1160880
59440
269360
479160
688420
898260
1108600
7680
217260
427060
635780
845020
1053880
1262680
57940
267580
476640
685860
894820
1103500
1000
210900
419820
629720
838220
1047640
1259260
157620
366580
575460
784280
993940
1203060
101920
311160
519280
729580
938280
1146180
44260
252998
461380
670160
877940
1087280
1295720
193160
401880
610500
820440
1029900
1238960
136860
346040
556060
764998
973780
1182440
81220
290100
498860
708200
916320
1144800
43740
253200
462240
670280
879440
1088140
1297600
196060
404280
613920
822940
1032160
1241060
139540
348500
557780
767040
976920
1186100
84120
292020
501240
710380
919260
1127700
25860
235500
444038
653520
862340
1071060
1280160
178293
387440
596200
805640
1017729
1227000
125800
335046
543740
753300
962100
1171580
70020
279220
488460
696580
906060
1141620
40860
250880
459700
668740
878360
1088340
1298460
196800
406180
616100
824380
1033740
1243620
142240
351240
559920
768760
977320
1186260
84600
294000
503156
712760
921540
1130100
28260
236940
446300
655440
864560
1073004
1281640
179780
388040
597540
806480
1015080
1224020
121620
329680
539200
747960
955960
1164180
62900
271160
479049
687682
921820
1131700
30660
239940
448740
657700
866040
1074700
1283200
181880
390580
599520
808280
1016540
1225520
124780
332680
541600
750920
960080
1172580
71520
281280
490320
698800
907980
1116140
14080
223020
432000
640480
849380
1057960
1266280
164160
372980
581780
789980
997940
1205720
103740
313060
521460
729320
938280
1147180
45180
253860
462420
577280
787800
997600
1206000
103960
312360
521140
729836
938240
1147460
45280
254640
462880
671300
880500
1089560
1297660
196500
404780
613120
821558
1029880
1238380
136260
344500
552940
762440
971100
1179120
76940
284860
494380
703280
912220
1121180
19500
228380
437760
646080
854960
1064020
1273160
171020
380100
589760
799100
1008040
1217760
116060
346880
557682
767260
975960
1184460
82800
291240
499980
708580
917580
1125880
24260
232880
441600
649300
861640
1070960
1280480
178720
387200
594840
804960
1014140
1222780
121380
329860
538560
747240
955980
1164600
62640
271760
481160
689540
898340
1107440
4980
213520
422040
630540
838860
1046800
1255660
153760
361940
570180
778740
987360
1195800
93760
327440
536600
745540
954278
1163460
62220
270960
480100
688020
896080
1104540
2280
210640
419120
627160
835520
1043820
1252420
150460
358620
567320
776080
984740
1192980
91000
299700
507780
716720
924880
1133080
30540
238520
446900
655940
864520
1072580
1281760
179580
389060
597960
806740
1015000
1223880
121520
329760
538480
747400
955340
1163780
1284800
184980
393800
602240
810516
1019920
1229460
128520
337160
545760
754820
963500
1172660
71580
280740
489340
698560
906980
1115740
12560
220562
431160
640220
848800
1057740
1266900
165520
374020
582400
791520
1000560
1209560
107300
316640
525680
733880
943260
1152600
51100
259460
468580
677320
886280
1095580
1304280
201780
409960
619180
827960
1058000
1268200
167080
376460
584920
793020
1002560
1210320
108640
317080
526800
734500
942900
1151220
49820
259956
469060
678190
886600
1095100
1303720
201940
410940
619940
828540
1037160
1245160
143500
352820
561100
769740
977620
1186540
84120
292164
501040
710020
918800
1126180
24880
233320
442400
650640
858040
1067220
1276120
174520
382620
590660
798720
1032000
1241800
139780
348560
558740
766780
974660
1183280
81380
289180
497760
706400
914600
1123240
21420
230440
439280
649060
857840
1066119
1274580
172214
380500
589100
798280
1006920
1215820
113700
322340
531600
740960
948500
1156740
54020
262320
471000
679322
887640
1096300
1307020
205100
414100
623000
832000
1039780
1248640
146020
354080
563360
690400
901080
1110680
9840
218840
428860
637240
847000
1056460
1265160
163080
372280
581020
789140
998660
1207880
106220
315020
523400
732040
941880
1150220
48640
258800
467200
676000
884080
1092660
1301720
199720
407920
616500
825900
1035740
1244660
142760
351380
560740
768420
976920
1185280
83480
291740
500340
708900
917720
1126720
24380
232916
463080
672940
882260
1090500
1299440
197440
406380
614240
822540
1030438
1238960
136640
345320
554880
763740
972280
1181820
80760
289520
499440
708580
917340
1125460
23180
232140
441240
650080
858400
1067100
1276860
175180
383960
591900
799956
1008460
1216700
113860
322740
531040
739760
948680
1157360
54920
262480
471560
680520
889240
1097760
1306480
203920
437240
647080
855600
1064040
1272460
947540
1162900
65400
276140
487320
695620
904620
1113300
13194
222100
430700
640000
849020
1060200
1269060
168436
377260
585620
796880
1005960
1214598
112560
322020
532620
741780
950400
1159420
57840
267140
479480
688600
897380
1105880
4460
213500
422200
633440
843380
1052140
1261880
96060
307820
516940
726520
937600
1146660
45260
253880
462700
671780
880520
1089380
1298000
198100
407400
616700
825540
1034060
1242920
141780
350840
559940
768900
980160
1189100
86660
295800
505920
715400
924820
1133860
32020
240280
450240
661160
870360
1078720
1288060
186414
395200
605180
814300
1023080
1231760
129860
338560
548120
759040
967620
1194680
94420
303600
512420
721580
930640
1140160
37640
246800
455800
664380
873320
1084840
1294540
193000
402300
610400
818960
1028160
1237380
135620
344900
553400
762500
971260
1180180
78960
287420
498160
708200
917240
1126120
24640
233380
443240
653000
862020
1071040
1279400
178040
387920
596580
806580
1016100
1225000
123340
335640
544780
753500
982600
1194700
94060
303400
513080
721800
931160
1140220
39180
248520
456720
665640
874780
1083900
1293040
190700
400100
611380
820760
1030221
1238400
137680
346540
556100
764680
973020
1182380
80020
289960
498364
708060
916840
1126640
25140
233440
442560
652060
861200
1070060
1281860
180140
388840
598220
807160
1015840
1224940
122500
331720
540940
771220
984380
1194100
92680
301620
511260
719200
927700
1136740
35434
245020
453540
662500
871520
1080600
1289380
190800
399760
608441
817660
1026420
1235120
133380
342240
551280
761080
970800
1179400
77540
287740
496640
705860
914400
1123720
21860
230960
439780
648260
856840
1066240
1275760
173940
382900
592280
803140
1011880
1221000
119660
328700
538620
775360
984578
1193420
92118
300520
509520
719000
927960
1136600
35120
245580
454200
663000
871820
1080700
1290380
188760
397480
606420
815640
1025980
1235080
133220
342100
550980
759460
970540
1179480
77120
285820
495240
703460
912680
1121360
19460
227660
436980
645940
854760
1063100
1271500
168760
376840
585040
792980
1002480
1212220
110920
320060
553700
764060
973700
1183124
80920
290000
499740
709261
917080
1125340
23260
231480
440100
651480
861140
1070540
1278800
177700
386880
596260
804580
1013796
1222044
120500
329540
537860
746620
955940
1165440
63640
272960
482160
691380
900940
1109160
7300
216540
425400
635160
843980
1052960
1262120
160420
369300
577900
786338
994642
1202940
100800
248480
461900
672780
881980
1091700
1303200
201260
410360
619380
829167
1039220
1247740
145860
355180
564320
773620
982500
1191920
90860
300355
509080
718320
928300
1137620
36480
245420
453900
663260
873600
1082820
1291700
190220
399240
608360
817740
1026640
1236800
135940
344580
553600
762860
972680
1181420
79500
288880
497940
706960
916160
1125120
8440
219220
430760
640520
849760
1059460
1268320
166480
376110
585540
794040
1002880
1212180
110500
318640
528060
737140
945920
1155580
53420
262620
471060
679520
889500
1097480
1306600
205140
413780
621940
831060
1040020
1249724
147820
356200
564698
773760
982960
1191400
89820
298940
507840
716960
926260
1135520
34700
243860
452480
660700
868600
1100680
1580
210820
419060
630020
838180
1046780
1254927
152840
360800
569720
778220
988100
1196660
94780
303140
511860
721200
929940
1138740
36240
244680
453600
661860
870500
1079100
1288200
186560
395940
604020
813360
1022740
1231440
129380
339100
547740
756480
965920
1174680
72940
281740
490000
698640
908100
1116680
14060
222840
431500
639960
847720
1083680
1294640
193500
402600
612200
820840
1029740
1240300
137920
347140
555360
763460
974700
1184040
83220
291602
499740
707840
916280
1125316
22820
231500
440320
649260
858300
1067400
1276600
175780
384120
592838
801820
1010660
1219840
117580
325980
535340
744320
953660
1162240
60607
269300
479400
688500
897080
1106260
4420
213040
422000
632540
723380
932700
1141800
40020
249100
457680
667700
876240
1085320
1294860
192920
401720
611500
820220
1028660
1237840
135260
344487
552960
761400
970460
1179180
77500
286980
496000
705900
915000
1124740
24960
234580
444540
653940
863080
1071260
1280360
179660
388680
596880
806760
1016300
1225480
123040
332256
541540
749780
958820
1167200
65200
274020
506240
716980
926260
1135820
34060
242580
450940
658838
867960
1076820
1285480
183200
391450
599880
809520
1017840
1225740
123740
331880
541540
749380
958620
1167320
65400
273820
481840
689660
898160
1106000
3960
212060
421700
630180
839540
1048140
1256402
154440
362580
570800
778760
988000
1196700
94080
303200
512120
721318
929940
1139280
36720
245040
474660
683940
892900
1104100
2760
210520
419940
628660
837540
1046800
1255340
153540
362320
571180
780980
989860
1198600
96860
305693
515040
723540
933640
1142320
40900
249860
458600
667400
877140
1086160
1295980
194440
403638
611720
820800
1029042
1237900
136260
344960
554915
763300
972500
1181060
79480
288340
496400
704660
913440
1122420
19200
139540
350140
559660
769240
978518
1186700
85280
294320
503460
712260
920960
1129840
28060
236500
445360
654880
863478
1071800
1281050
179060
388620
597180
805740
1014752
1223460
121560
330580
538320
746607
954640
1163080
60940
269760
478940
686980
895520
1106760
5398
214520
423460
631800
839780
1048614
1257080
155500
365180
573040
781900
990620
1221400
121700
330700
539800
748240
955957
1164480
62220
270580
479402
686520
894480
1103160
500
208380
417220
625740
833900
1042640
1251820
150540
358520
567000
774700
983240
1192060
90320
298560
506820
715260
923740
1132520
29900
238540
447500
656660
865700
1073620
1282460
179880
388840
597740
806160
1014560
1224360
121740
330220
539060
748140
957040
1188440
87780
296980
505600
714960
923260
1131760
28580
236480
445500
654420
863300
1072640
1282160
180900
389780
598820
808640
1017620
1226540
124740
334420
542789
750920
960140
1168340
66880
275060
483960
692680
903640
1112420
10460
218920
427918
637040
845360
1054240
1263140
160420
369320
577520
786000
994460
1202520
100920
309620
519260
727500
855200
1066600
1276160
174840
384160
593160
801600
1010620
1219140
117800
326000
535620
744040
953320
1161580
59860
268060
476360
684380
893078
1102040
240
211040
419460
628020
836820
1044840
1253920
152300
360940
569780
777120
986240
1195780
94120
303420
512720
720040
929240
1138400
36060
245220
453440
662480
871157
1079680
1288360
185840
394020
623840
834300
1043220
1253040
151320
360100
568600
777060
985700
1193800
90300
299900
508200
717120
924820
1133680
31760
240460
449480
658840
867000
1075680
1284260
182060
390940
598960
806800
1014780
1223900
122400
330480
539460
748260
957480
1165360
63160
271320
482000
690820
899320
1108620
7540
215940
425920
636000
845380
1054280
1262600
161685
371180
605240
815840
1024680
1233620
132340
341820
550060
758900
968220
1177220
75660
284600
493200
701000
911300
1120640
18100
227280
437180
645760
854080
1063000
1271700
170400
379920
587840
796800
1005500
1214020
112260
321240
530000
738940
947700
1155760
53400
262680
472580
681520
890880
1099380
1307560
206780
415920
625340
834060
1043140
1251260
149800
264880
474600
683800
893000
1101340
1309880
208060
416660
626200
835700
1044540
1254320
152002
360920
569200
777940
987061
1196300
93760
303682
512680
722440
931740
1140260
38060
246580
455420
664420
873360
1081900
1291480
190220
398860
606900
816200
1025500
1235080
133244
342080
551460
760141
967680
1176220
74080
282160
491320
699580
908300
1116820
33380
245620
454480
662860
871460
1080140
1292240
190620
399760
608700
817400
1025960
1234420
132640
341460
549780
758036
966120
1174440
72360
281100
489940
698700
907700
1115400
13320
221700
430280
637920
846420
1055320
1263318
160180
369480
578320
786680
994860
1203660
101000
309700
518500
727520
936920
1145480
43220
252020
460660
670320
879220
1088080
13020
222840
431800
640460
849540
1057920
1266220
163160
371320
579920
788380
996460
1206020
103960
311580
520160
727960
935940
1143980
41220
249360
458380
667200
875380
1084600
1292960
191060
398040
607042
815500
1024240
1232820
131120
339956
548420
757760
966260
1175340
74700
284140
493300
702260
911280
1120100
18800
227680
437300
646140
854880
974780
1185820
85440
294620
502960
710820
918780
1127820
26420
235680
444445
653360
862420
1071800
1280532
180060
389160
597720
806360
1014684
1224040
122300
331460
539840
214120
428960
641380
851020
1062480
1272280
170960
380060
591700
800700
1010540
1220640
119300
330940
540660
750260
959220
1169340
69012
278140
487580
696960
931020
1144040
43700
252280
461520
670860
879434
1093380
1302560
201080
410860
618940
827700
1036460
1247040
144880
353940
563460
772220
981220
1189920
88380
299120
507400
715600
923540
1131760
29020
237940
446960
655980
867180
1076820
1285580
184120
391960
600920
809460
1018670
1226900
124320
335220
544460
753600
962120
1171280
69420
278320
487080
720840
930860
1140200
40680
250400
459920
669760
878920
1087620
1296720
194980
404220
613800
823340
1033000
1242420
143040
352140
561520
771020
980420
1189080
87360
296060
505120
714560
923120
1132500
31000
239880
451400
660200
869500
1079000
1287660
185740
393680
602720
811700
1020860
1229500
127940
336660
546040
754400
963895
1174840
73500
282120
514880
725420
934940
1144700
43240
252560
461220
670460
878760
1087660
1296320
195440
404740
613140
821740
1033160
1241140
138920
347400
555380
764800
973700
1182380
80780
288680
498280
707480
916780
1126080
24600
233700
442560
651560
860580
1069520
1280740
179420
388220
596660
805480
1014580
1223380
122280
331600
540060
749080
958620
1166990
65000
180380
390600
600020
809760
1018520
1227060
124780
333560
545020
754600
964095
1172840
72100
281400
490120
699620
909340
1118900
16900
226560
435680
645640
854420
1063780
1272100
170820
378700
587140
795680
1004580
1213700
112540
322180
531395
742260
953060
1162520
61120
270740
479360
688900
898900
1108037
7000
216520
425460
633840
843120
1051580
1275520
175540
384780
594660
804980
1014438
1223520
122080
331080
540000
748020
956840
1165880
66360
276400
485480
693640
902320
1110440
8420
217140
425580
634740
843300
1052200
1260620
158940
367700
576880
786340
994040
1201640
98800
307080
515602
723800
932900
1142040
39900
248720
457700
665880
875020
1083840
1293180
193780
402660
610960
819020
1048260
1262149
161340
369680
579100
788080
997640
1206940
104500
313440
521600
730360
938840
1147120
45340
253900
462720
672078
880900
1089680
1298360
196740
405800
614100
822720
1031820
1240300
138480
346940
555560
765020
973220
1185060
83980
292740
502300
711400
920600
1129680
27680
237160
445980
655042
863864
1073040
1281820
179840
388320
596360
805120
1040160
1249720
148820
356940
565600
775680
985260
1194160
92320
301840
510780
719860
928969
1137920
36360
245100
453580
661420
870480
1079740
1288044
186000
395380
606180
815180
1024220
1232840
131640
341660
550800
760780
970193
1177900
76600
285000
493980
702420
911140
1120000
17400
226860
435420
645020
852980
1062580
1271260
169080
377640
586080
691880
902140
1111440
9440
217720
426840
636480
845840
1054780
1264660
162980
371240
580841
789580
998750
1207460
105200
313580
521900
730420
940560
1149520
48000
256640
465660
674560
882800
1091500
1300960
199760
409700
617860
826780
1035520
1244840
143220
351556
559960
768600
977000
1185160
83775
291520
500120
708700
916480
1125600
24460
232340
462240
672500
882940
1092164
1301140
198940
407800
617040
825809
1034580
1243740
141640
350120
558780
767380
977200
1186660
85120
294460
503500
712360
921940
1133220
32300
241940
450880
660020
869220
1078460
1287220
184802
393020
601860
810780
1020340
1228560
127200
336160
545440
755120
964240
1172860
71320
280055
489060
698220
906960
1115960
14060
222840
503680
714880
925340
1135120
33600
242760
451620
660340
869600
1078160
1287900
186400
396100
605580
815100
1024020
1233200
132220
341820
550620
759180
967440
1176860
76120
285520
495780
704977
913800
1123860
22920
235260
444500
654162
863580
1072440
1281020
179500
387240
596800
805520
1014120
1223060
121280
330260
538800
748300
956960
1165920
83380
339718
552480
762560
971580
1180800
78240
286940
495400
704026
913140
1122080
20460
230380
438280
646720
855485
1064180
1272580
170460
378780
586880
794980
1002840
1210820
108760
318020
526260
735060
944500
1153080
51560
260560
469640
679260
888820
1097400
1306242
204260
412700
621042
830520
1038660
1246780
144900
353280
561140
772880
981564
1233760
134540
344140
552580
761920
972080
1181780
80000
289240
499660
709300
918920
1127180
25080
233660
442080
650800
860000
1069080
1278200
178120
386807
595160
803958
1012560
1221240
119960
329100
538120
747400
957220
1166000
64120
273420
482500
691580
899635
1108400
5760
214920
423960
634015
843040
1051980
1260800
158900
368360
578240
787120
1001340
1210960
109500
319320
527640
736840
946280
1155360
53920
262900
471720
680440
889100
1097480
1306340
203500
412340
621080
830080
1038880
1247660
144740
352920
564460
772800
981180
1189780
87480
295980
505500
714560
922660
1131000
29840
238280
446880
655940
863580
1072120
1280460
178400
387360
595900
804200
1012000
1219640
118600
327380
536800
744220
1013300
1223760
122680
331660
540500
749640
958838
1168040
65900
275160
483300
691820
901020
1109960
8960
219100
427980
637000
845680
1054980
1263020
161680
371420
580340
789380
997900
1206700
104120
313260
522380
730980
939680
1148640
46060
254700
463100
672060
880420
1089280
1298340
196420
405240
614180
822900
1032700
1241480
139460
348760
582580
794000
1003300
1212360
110655
319380
528280
740320
949660
1158640
56740
265660
474680
683540
891660
1100340
1308562
205960
414940
624100
833200
1042040
1250960
149240
359000
568420
777320
986060
1194660
92640
301180
509940
718660
927300
1135380
33380
241800
451280
660740
869080
1077740
1286740
185360
394240
602920
812100
1021620
1229760
127200
335780
595240
806380
1016340
1226360
124780
334480
543320
751960
960820
1170180
70080
278240
487158
695920
905280
1114580
12962
221800
431000
639560
848140
1056900
1267500
165880
375200
584120
792220
1000680
1210140
108580
317180
525260
734320
943060
1152480
50280
258160
466380
674700
882900
1092604
1301560
198680
406640
615220
823480
1032820
1241340
139680
373440
584600
793820
1002960
1211780
110000
319020
527480
736740
945300
1153980
51860
260860
469760
679480
888740
1098440
1307020
204380
413440
620740
829760
1037920
1246620
144460
353320
562260
771013
979580
1189000
87540
296300
504800
714440
923180
1132300
30300
238880
448040
656880
865940
1074680
1283940
181860
390300
599460
807900
1016920
1225140
123540
334740
544280
753200
960980
1170590
69940
278600
488080
697240
905900
1115040
12340
220180
428720
637620
846760
1055320
1264020
162980
371500
580700
789300
998300
1206860
105980
314520
523860
732720
940600
1150180
47720
256660
465460
674040
883040
1090860
1299600
198480
406780
615600
823900
1032400
1241700
139960
348600
556180
764780
973460
1126980
26700
236300
444780
653660
862340
1071540
1279580
181000
390480
599700
808120
1016430
1225320
123500
331594
540520
749306
958400
1167140
65840
274920
483840
692180
901240
1110080
8660
217060
426000
634020
843080
1052320
1261320
158360
368100
577980
786740
995420
1204240
101940
310620
519400
728554
937060
1144960
42600
250440
458860
667400
898380
1109060
7860
215860
423960
633400
841480
1050140
1259560
158380
366644
575640
784900
993040
1201840
99682
308200
517380
726660
935380
1144080
41260
250173
458760
667440
876460
1085740
1295140
193160
401720
610240
820180
1028320
1237000
135680
343920
552960
762200
971260
1180140
77820
286220
494740
702460
911200
1120160
17500
225480
434180
643940
880360
1090740
1299720
197460
406140
614678
823700
1032640
1241540
139340
348620
557180
765480
975280
1184180
82100
291200
499260
707800
917160
1126600
24560
232740
441080
649640
858680
1071260
1280500
177860
386560
594980
802820
1011160
1219980
117820
326000
534300
742620
950960
1160080
58320
267260
476380
686140
894960
1103460
2040
210120
417580
533200
742780
951700
1160760
58380
266540
475200
683200
892080
1100720
1309440
208160
416380
625020
833500
1042338
1251940
149780
358700
567240
775180
983258
1191560
90020
298300
506740
715100
923120
1131760
29440
237640
445960
655400
864220
1072980
1280980
179380
388160
595780
804120
1012600
1221360
118740
327460
535760
744420
952640
1160760
58160
265700
496580
705522
913994
1122400
19840
229760
438186
647400
856260
1065320
1274580
172920
381120
590700
800160
1008760
1216880
114830
323960
532620
740880
950360
1159060
56600
264680
473880
681800
891620
1100180
1308200
205840
414340
623080
832420
1041620
1250840
148300
357240
566800
775700
984680
669300
884120
1097300
1308400
130860
342700
552640
762520
975160
1185300
83840
293140
503560
715260
924780
1134160
32300
241440
452176
662614
871320
1080440
1288700
188880
397740
607240
816220
1024960
1234720
136200
345820
555060
764220
973960
1182960
82240
293120
502060
710840
919040
1127780
26280
235400
444100
656220
865280
1074720
1283300
181940
391260
600200
809720
1018380
1235320
134700
344320
554460
763495
973638
1182720
80740
289040
497380
708960
918720
1127320
26160
234980
444120
653540
863020
1071840
1280760
179396
391040
600420
809700
1019160
1227580
126480
335620
544380
752940
962700
1172620
70400
280360
491600
701180
910680
1120120
17680
227080
436840
647000
856500
1066800
1276229
175220
384460
593740
805400
1032380
1243820
143180
351900
561820
771140
979460
1188498
86480
295040
504040
713260
922540
1131560
29800
241660
451840
660845
870500
1079960
1289820
188200
397700
606460
815260
1023860
1232640
131180
339560
548620
757600
967440
1176740
77380
286500
494980
704400
913060
1122080
19550
228057
437040
645880
855040
1063920
1274160
172200
380840
589200
822015
1033380
1243140
141780
352840
562540
771760
981120
1190580
88640
297740
506220
714860
922640
1131880
30640
239660
447880
656900
865040
1074840
1284260
182340
391500
600320
808040
1019600
1229080
127920
336280
545300
753260
962380
1171420
69120
277600
485860
694380
902700
1111940
10320
220280
429020
638520
847600
1057100
1266760
164980
374680
606000
817780
1027420
1238500
137180
346980
555540
763958
972620
1181318
79165
287600
497420
705660
914520
1122620
21160
230600
439980
649360
858720
1066960
1275880
173980
383160
592080
800660
1009320
1218500
116680
326860
539100
748620
957640
1167220
64360
273880
482800
691460
899180
1108700
7360
215520
424340
634140
842960
1051640
1260580
158660
367180
602360
812840
1022000
1230740
130100
339740
549682
759140
968000
1176640
75080
284040
492740
704500
913840
1123120
20860
229620
438860
648840
858520
1067420
1276240
175014
383640
593540
801442
1010160
1218500
117540
326180
535280
744920
954020
1162520
61040
269700
478460
687740
896400
1105900
3660
212240
420700
629200
838660
1046560
1255300
153200
388640
599640
809460
1018800
1228300
126140
335240
543710
752880
962620
1172580
71120
279900
488660
698580
908080
1116874
15420
224080
433400
643400
851940
1060720
1269480
168680
378020
587700
796920
1005560
1215122
113760
323160
531620
740480
949560
1158500
56740
266320
475520
684100
893080
1104280
2220
210740
420080
629780
837940
1047238
1256660
52860
263420
472480
681520
890880
1099680
1309160
207620
418200
627954
836920
1045400
1254960
153140
362423
571120
780280
989000
1197680
95680
304580
513540
722920
931900
1140460
38460
247620
456960
666340
875100
1084360
1293740
192120
400860
610620
820120
1029000
1238480
139600
349980
559060
767740
976860
1185840
84840
293320
502120
711080
920260
1146620
47220
255760
465033
673960
882200
1091700
1301420
199300
408540
618340
826900
1034560
1243900
142740
352340
561920
771020
980580
1189180
86660
295740
505480
714000
922560
1132520
30500
239860
448160
657120
865560
1073300
1282220
180440
389720
598820
807300
1015480
1224100
122240
333180
542460
751600
960420
1169540
67760
276420
484780
693940
927800
1140160
39560
247540
456900
666280
874920
1083840
1292100
190560
398540
607540
816780
1026860
1236500
134640
342940
552800
762560
971540
1180540
78360
286320
495240
704020
912120
1121360
18540
226980
435320
643860
852940
1061280
1269820
167940
376380
585380
794340
1003080
1211920
110260
318940
527440
736020
945480
1154540
53300
262080
470820
681480
919660
1129440
27300
236980
446605
655640
864740
1074360
1283520
182200
392060
601640
811040
1020860
1229840
128120
337520
546780
757020
966260
1175660
73140
282420
491362
700800
910520
1119740
18100
226560
435880
644460
853580
1062900
1271260
169880
377620
586900
796838
1005840
1215740
114400
323840
532900
742580
951040
1160420
59840
269540
478380
713020
922760
1131880
30680
240280
448940
657760
867420
1076918
1286640
184760
393800
602524
811500
1020580
1232120
130860
339740
548760
757060
965900
1174500
72420
281380
490480
699860
909800
1118360
16280
225680
434880
644380
853440
1062940
1272060
170300
379060
588160
796040
1004900
1213100
110320
318820
528460
737720
945740
1154320
53400
262000
401700
615760
826780
1036700
1246260
145500
355210
565040
774080
983260
1192420
91540
300000
509660
718720
927520
1136300
36220
246060
454560
663140
872440
1081260
1289740
188160
396360
605040
813500
1022240
1230920
129060
337860
546800
755200
964440
1174200
73040
281800
490260
699380
911520
1120880
19520
228340
437540
646760
855520
1065442
1275620
161200
371260
581080
790320
999900
1209380
107780
316300
525220
734430
943260
1152520
51640
261500
471191
680380
889020
1097680
1306880
204660
414160
623480
832140
1041060
1249740
148660
358100
567220
775980
985640
1194540
92820
301200
509400
717680
926280
1134960
33580
242360
452082
661240
870400
1079480
1288180
186200
394980
603620
811940
1020300
1253060
153540
362500
571164
779640
988600
1196620
94560
302322
511520
719763
928920
1137580
35760
245020
453740
662998
871020
1081120
1289960
187280
395300
604800
814120
1025260
1234500
132740
341500
549960
759000
967800
1175340
73780
282120
491160
699640
907940
1116722
15780
224420
434100
643400
852740
1061060
1268820
167340
375940
584420
793000
1001920
1236540
135420
343800
553100
763380
972860
1182060
80760
289360
498300
707840
917280
1126580
26280
236120
445180
654080
863220
1072400
1281500
179740
388460
597040
806400
1015240
1224460
122480
332420
540980
750700
959680
1168980
67360
276600
484940
693560
903040
1111780
9940
219520
428700
637680
846860
1056420
1265800
164880
373900
582200
791400
1023360
1233880
132900
341360
550320
760480
970560
1180340
80840
289120
498060
706320
915480
1124260
23000
231680
441580
650860
863500
1072980
1283440
181280
391300
599780
808180
1017340
1227340
125960
335020
543540
752380
961820
1170540
68900
277200
486120
695200
904200
1112920
10780
218600
427520
635900
845140
1053960
1262260
160400
368760
577880
684900
894760
1104120
1280
209140
416880
625420
833680
1042200
1250580
148380
357844
567280
776320
984380
1192880
90620
298360
507300
715480
924540
1132940
31600
241760
450180
658700
868000
1077200
1286180
183660
392720
601160
809540
1018320
1227500
125880
334680
543660
752440
961180
1169580
67700
276380
485240
694220
903240
1111540
10620
219000
448220
661280
871640
1079400
1288900
187200
395980
604116
812200
1021100
1229680
127860
336340
544620
753260
961860
1169840
67500
276880
485980
695280
903360
1111000
8440
216800
427660
636740
845600
1054098
1261620
159320
369060
577560
786200
994780
1202900
100480
309640
517960
726460
935900
1144700
42480
250800
459540
667820
876160
1084700
1294200
192880
425060
635920
844680
1053160
1261420
159720
368260
576918
785800
994660
1203380
101320
310560
519720
728480
937000
1146480
44440
253980
463320
672060
881240
1089560
1299140
196940
405100
613600
822900
1031460
1239603
137920
346840
554960
763598
972301
1181301
79440
288180
497060
706060
915200
1124240
22560
231780
441140
650680
859360
1068880
1277160
90100
301040
510800
718860
927920
1137860
37200
246180
454460
663640
872020
1081200
1289500
187260
396340
605020
814040
1023500
1232220
130640
338960
546820
755740
964400
1172180
69718
278760
487900
696280
904300
1112700
10860
219520
427780
636040
845280
1053600
1261520
158860
367880
576380
784820
992840
1203420
102520
311120
519900
729478
938580
1168040
68380
277540
486520
695060
904420
1112780
11860
221578
430640
639980
849660
1058540
1267400
166358
374760
583000
792520
1001520
1210800
109560
317860
526180
735960
945340
1154020
52140
260480
469240
678220
887640
1096020
1304660
202960
412560
621540
829800
1038980
1247760
146120
354860
563260
771960
979938
1189380
87360
296220
504960
714040
922100
1157120
56620
265800
474940
684260
892660
1101360
1310320
209980
418500
627920
836140
1044820
1253660
151560
360440
569580
777680
986260
1194840
93340
303060
512500
720680
929240
1138320
36280
245640
455000
663620
872100
1081760
1290960
188680
397840
606760
815100
1024000
1232780
131260
339640
548700
756740
965700
1175000
72740
282000
491440
700360
806680
1016920
1226100
124020
332380
541980
750560
959220
1167920
832500
1049900
1261520
162440
371640
582360
791540
1000620
1210000
109240
319420
528400
737780
948130
1158620
57600
266520
475280
685860
894980
1104240
2580
211260
420240
630780
839900
1049220
1258380
157140
366800
580460
790320
998420
1208060
106120
314820
524000
758680
968660
1177780
76120
285120
493640
703300
912300
1123840
21640
231100
439820
649100
859220
1068640
1278240
177400
389340
599760
808460
1017240
1226460
125640
335600
545260
754840
965060
1177400
75466
283740
492300
701360
910500
1119520
17820
227060
435520
644840
856280
1066400
1275480
173840
383340
592400
802200
1012500
1223540
122560
332860
568700
781300
991080
1200200
99260
308360
518060
727320
936360
1146320
45300
253764
462940
671800
881260
1093260
1303240
202200
411120
620240
829420
1038540
1248520
146800
355120
563589
772380
981440
1190180
88620
296840
507380
716780
926320
1135640
33920
243420
452480
661360
871420
1079940
1289240
187820
397120
605240
814040
1023480
1234060
133520
369060
579840
789860
999220
1208500
107122
316880
526000
735500
945060
1154880
53300
261520
470300
680440
889940
1099410
1310100
209080
419320
631260
840600
1050120
1259800
159460
369140
578740
787800
996960
1206440
105840
315240
524920
734220
943020
1152000
51500
261140
470540
679680
889478
1098720
1308460
209140
419120
628780
838020
1046160
1255220
182120
392480
602060
811980
1021740
1230780
129500
339240
548420
757580
966600
1174920
73600
282660
492020
701900
910520
1120120
18400
229880
440040
649720
858860
1067300
1276420
174880
384520
593480
803540
1012760
1221840
120140
329460
539100
748750
957400
1168000
66840
276120
486500
695380
904380
1114940
13400
223540
433300
642322
851500
1086160
1299600
197560
406440
614920
824000
1032780
1242220
140680
350640
560240
768940
977500
1186400
85100
295157
503500
713020
922360
1132340
30900
240480
449800
658680
867960
1076120
1285240
184160
393660
602597
811900
1021960
1233580
132360
341260
550940
759580
968800
1178120
75220
284100
492980
701780
911360
1119300
17580
226460
435340
644340
854780
1089960
1300100
198540
406900
615820
824900
1033540
1242030
139640
347760
557180
766805
976400
1185660
84100
293960
503340
711900
923540
1133160
30900
240000
449080
657980
867160
1077140
1286360
185060
393960
603340
812400
1021600
1230920
129040
338060
546409
755380
964120
1173120
71660
280620
489780
698660
907020
1116340
14160
223500
431520
640720
876560
1087880
1297800
196700
405780
614800
824100
1032960
1240600
141640
350740
559500
767900
976600
1185565
83980
293300
502140
710780
919600
1127860
26200
235460
443500
652560
861700
1070300
1279020
176440
385280
593500
802480
1011640
1219120
116940
325860
534740
744300
951800
1160340
58440
267260
476360
685160
893340
1102260
120
208700
416820
532740
743700
953680
1162100
60540
269420
481140
690540
899600
1108240
6460
214540
423120
632620
841660
1050480
1259120
157820
366800
575580
784540
994100
1203220
101560
310080
519280
728080
937240
1146280
44340
252940
461180
670180
878820
1086940
1296300
194480
403220
612280
821700
1030280
1239060
136020
344880
553420
762040
970780
1180140
77740
306080
517020
726300
935560
1144440
42840
252280
461200
670800
881860
1091240
1300360
198200
407380
616260
825180
1034160
1243040
141220
349720
559440
768540
977480
1186980
84760
294100
502640
712040
920660
1129580
28120
236720
445420
654560
864480
1073820
1282260
180660
389000
597800
807340
1015820
1223895
122040
330540
539640
749220
958023
1167160
87880
301080
510520
719760
927940
1136680
34900
244060
452520
662320
870900
1080620
1289400
187800
396560
605740
814940
1022840
1233600
132220
341060
550160
758900
968180
1177020
75200
284260
493140
701840
910840
1119100
17700
226380
435120
643778
853540
1062860
1271420
170040
378880
588000
796460
1005440
1213800
112000
320880
530240
739500
948340
1157360
80578
290800
500018
709060
918340
1127140
24780
233480
441760
650380
859876
1069500
1278520
176580
385160
593920
802600
1011180
1219215
116760
325800
535800
744580
953680
1163800
61960
269684
478804
687600
896820
1105540
3120
212100
423980
632360
841200
1050840
1260580
158320
367880
576980
785762
994660
1203620
102960
311140
520860
729740
938900
1045540
1256720
155660
364080
573478
782740
991640
1200220
97860
306740
516020
724120
933480
1142400
40960
249900
457920
666800
875380
1083594
1292720
189520
397560
606960
816060
1025980
1235180
133540
341960
551000
759980
969580
1178280
76440
284940
493880
702300
910740
1120280
18820
227220
435340
643740
852620
1061280
1270300
168740
378200
586560
817500
1028820
1237720
136460
346100
554660
764060
971460
1182760
80960
290380
498720
706840
915780
1124740
23200
232160
441260
650860
859480
1068284
1277660
175620
385076
593620
801560
1010380
1219440
117760
325720
534560
743180
951680
1160620
59780
268100
476666
685600
894900
1104180
2720
211160
420060
629060
836986
1045880
1254660
152118
360560
568640
803480
1013080
1222440
120940
329180
537800
746020
955160
1164180
62280
270740
479980
689140
897800
1105620
3600
212080
421060
630380
839260
1047040
1255820
154020
362260
571340
780460
989280
1198360
95880
304520
513780
723980
933640
1142520
40560
249060
458220
667680
876920
1086140
1296580
197300
406321
615200
824320
1033160
1241100
138880
347540
558500
771220
979980
1189180
87453
296320
505380
714220
922940
1131680
29780
239140
447894
656260
864700
1072780
1281300
178800
387920
595980
805580
1015540
1224880
122500
331260
539660
748160
956840
1165180
63740
273440
482440
691400
900700
1110140
8520
217840
426480
636000
844460
1054560
1263760
162460
371240
579300
788300
997460
1206320
104660
248960
459620
669480
878460
1087620
1295540
192720
401760
611100
819980
1029260
1238880
137520
346860
555140
763740
972740
1181080
79440
288720
497480
706200
915980
1124220
22900
231120
439820
647840
857280
1066220
1274320
171060
379720
588180
797660
1006560
1217780
116220
324600
533480
742660
950836
1159080
57280
267340
476540
685340
894860
1103660
23540
234020
442918
651740
860220
1069140
1277780
176300
386140
594260
803060
1011620
1220780
119100
328120
537040
746140
954720
1163320
62300
270480
478700
687000
895720
1104660
2940
211280
420220
628920
837820
1046500
1255693
153880
363300
572580
781360
990680
1199140
97360
306440
516080
725693
935100
1143540
41000
249520
458160
667340
876420
1085798
9960
219960
429800
638560
848540
1057460
1266180
163940
372520
581140
789980
999160
1208660
106880
316160
525540
735160
944860
1153500
51280
260480
470400
679860
888480
1096660
1306258
204860
413420
622980
831400
1040960
1250000
148480
357140
565760
774780
983338
1191960
89940
299060
507880
720120
930040
1138540
37560
246900
455480
664460
873960
1106520
5346
215380
424460
633240
843040
1051740
1261720
159400
369660
578440
788380
997880
1207100
105800
314900
523920
732700
941880
1149800
48620
257500
467140
676080
885378
1094140
1303460
200500
408000
616420
826220
1034960
1244220
141900
350580
560720
769580
978500
1187520
85600
294215
502600
711200
920660
1129520
27660
236900
445460
653660
768940
978860
1188200
86680
295540
504660
713500
921940
1130380
28680
237000
445920
654380
862440
1070740
1279540
177762
386460
595260
803200
1012040
1220716
118160
327396
536040
744940
953060
1161500
59520
267920
476780
685100
893900
1103060
840
209520
417860
626100
834860
1043340
1252260
149400
356680
565998
775440
984000
1192500
90380
299220
526180
736680
945080
1153540
52477
261480
470560
678980
887260
1095880
1304560
202900
414340
623520
831660
1040700
1249980
148360
355920
564900
773400
982300
1191080
90400
299720
507900
717040
924960
1132780
30060
238900
446740
655700
864840
1073540
1282100
180860
389440
598620
807760
1016320
1224480
122920
331060
540020
748173
957200
1166860
64920
274180
508100
719020
927480
1135840
33360
241460
449420
657600
866360
1074200
1283200
181680
390300
599220
807700
1015860
1225320
123720
333100
542460
750800
959380
1167160
64720
273200
482340
690140
899260
1108500
6260
215320
423400
632880
842060
1051580
1260460
158620
367040
575840
784580
993380
1202940
102380
311780
521380
730860
939880
1149240
47520
169180
378900
589020
797420
1006380
1214660
114045
324100
533656
742780
950180
1159800
57800
266520
474940
685100
893540
1102160
1080
209920
418260
627080
835840
1044960
1254320
152320
360640
569700
779340
474980
691380
905280
1115900
17220
227660
437060
646480
857640
1067200
1276520
174740
383320
593680
801960
1011580
1240840
142800
354480
563780
772460
979700
1188600
89700
299180
507620
715760
924060
1132400
34720
243580
452740
661600
871759
1080900
1290400
191480
400280
610360
819640
1029020
1237920
136020
345940
557000
766940
977140
1187080
85780
294220
504120
713060
921760
1132980
32040
241480
450820
659200
868480
1077900
1287500
186380
394860
606175
815400
1048120
1260580
159900
370160
579580
789280
998360
1207300
105600
316660
525740
734980
943260
1151460
50500
258900
467740
677560
886560
1095140
1303700
201840
412740
623040
831940
1040820
1249880
147980
356400
565280
774680
983460
1192740
90260
299140
507500
718280
927320
1135800
33980
243560
452540
662480
871420
1080320
1289520
188460
397000
605950
814880
1049800
1259340
159920
368980
577780
786920
995320
1204880
104100
313220
522165
731122
940320
1149240
47840
257080
466540
675680
884640
1093480
1304980
204200
413260
622420
830840
1039720
1249340
148240
357580
567480
777300
985720
1194080
93100
303000
510740
720600
929200
1137780
36340
246860
456220
665400
874460
1083780
1293020
192020
401560
610980
846440
1056780
1266320
164400
373500
583400
793220
1002560
1211960
110820
320120
529120
737620
948400
1158240
57400
266460
475360
684700
894080
1102400
260
208980
418020
627820
836260
1045840
1254160
151700
360840
569420
777620
986596
1194797
92660
301420
509600
718160
927560
1138180
37180
245620
453620
661760
871000
1080160
1288740
187520
396100
628800
839060
1048540
1258360
157380
366620
575180
783980
992900
1201400
99480
308580
517920
726240
935580
1144120
41500
250280
461660
671340
879880
1088380
1297480
195440
404124
613960
824880
1034780
1243900
142740
352560
561460
771180
980280
1190340
89160
298580
508080
716560
925700
1134380
32940
242280
451300
660100
868820
1077680
1286020
183800
289940
504460
713660
923540
1132460
30760
239840
449420
657260
866380
1075180
1284280
182760
392140
600720
808882
1018200
1227396
125000
334660
543060
751760
960280
1168840
66640
274780
483940
692560
901800
1111580
9420
218460
426220
636060
845200
1053960
1263000
163320
372680
581480
790049
998430
1207380
105920
315100
524380
732500
941780
1150240
68760
279420
487920
696540
904960
1113820
12920
222000
430960
640420
849140
1058500
1267000
165180
373900
582220
791320
998920
1208380
106160
315240
524240
732440
941020
1149800
48760
257340
465780
674080
885140
1094260
1303580
202120
410360
620240
829480
1039240
1248220
146380
355020
564720
774400
982880
1192340
90620
299760
508720
717880
926880
1135240
59320
268680
477580
686000
894440
1102320
1310520
208800
418040
626300
835220
1043740
1251880
150580
358780
567600
776698
985560
1194780
92680
301980
510540
719320
928380
1136620
37000
246100
455220
663980
872620
1081060
1290440
189360
398700
606640
815160
1023860
1232200
130620
339840
548580
757140
965200
1173820
71580
280180
489680
698300
906860
1116413
16020
225520
434320
642460
851240
1060060
1269300
167060
375720
584980
793760
1001900
1210340
108360
316860
525720
734820
943980
1152597
50280
259020
468460
677740
886400
1095620
1304200
205000
413800
621880
830120
1038420
1247420
145080
353800
561920
770480
979300
1188220
87700
296780
505720
713300
921900
1131200
30620
239800
449200
658140
807600
1017860
1227773
126580
336080
545200
754280
962280
1171720
70120
279720
488280
698160
907040
1115680
13900
222120
431040
639920
849440
1058100
1267800
165400
374620
583760
792140
1001160
1210322
108340
316740
525700
735080
943740
1153095
50620
259160
469460
678520
887940
1096820
1306100
203560
411740
620040
828760
1037640
1246760
144820
353640
582860
793320
1002900
1212220
110360
319500
527740
737958
947040
1156740
55340
264240
472713
682100
890500
1100700
1310100
208760
418480
628000
836540
1045640
1255120
152840
361810
570580
779042
988480
1197900
97420
307289
517260
726740
936380
1144900
43000
251398
460780
669682
878640
1087260
1297360
196560
405940
614120
824280
1032660
1240720
137780
346260
580740
790820
1002660
1212460
111520
320180
529540
738820
948200
1157420
55580
265080
474440
683760
893460
1101540
1310640
208980
418360
628000
837480
1046080
1255242
153420
361980
570540
779140
988420
1197020
95660
305247
515120
724180
933660
1142100
40670
249260
458296
667160
876960
1085060
1293860
191980
400572
608620
816940
1026634
1235160
133040
366820
576200
785200
993762
1202040
100700
308900
517960
726280
935320
1143930
41460
251280
460080
668180
876380
1085200
1294560
192389
401740
611300
820240
1029240
1238360
136980
345940
554560
766380
975820
1185160
82960
292740
502660
712100
920860
1129880
28200
237840
447560
656780
865960
1074680
1283880
181020
390080
598900
807960
1016300
1225100
3280
213740
422120
630420
839680
1049420
1258360
156420
365300
574440
782640
991900
1201420
99160
307600
516420
725580
934300
1143180
41380
250380
460440
669460
878480
1086900
1295740
193760
403140
612320
821140
1030200
1239520
137700
346000
554440
762920
971720
1181000
79260
288360
496460
704560
913000
1121540
19560
227860
436680
645820
855460
1064440
1299580
198280
408120
617200
825840
1034320
1243500
141360
350220
558940
770220
980540
1189840
87480
296480
504700
713860
923200
1131660
29460
238320
447100
656200
864020
1073300
1282000
180120
388740
597640
806700
1014780
1223120
122020
330700
540120
748180
956720
1166040
64460
273060
482020
691040
900700
1109560
7120
216060
424600
633260
842990
1077180
1287480
186500
395600
604300
812680
1021960
1230740
128600
337100
545580
755580
963840
1172340
70640
279560
487380
696200
904300
1112740
10600
219740
428100
636200
844320
1052380
1261380
159160
368600
577378
785440
994460
1204480
102680
311220
519700
728400
937500
1146060
43540
252500
461080
669400
877340
1086080
1294480
191860
400200
608880
733920
944360
1153940
52480
262820
475040
684160
894140
1103520
1740
210520
419060
628300
837880
1047520
1256460
154620
364120
573040
781460
989640
1199020
97240
306980
516440
725180
933100
1141700
39040
247680
456220
664900
873740
1082320
1290800
188220
397080
607160
816480
1025653
1234820
133020
341860
550080
759820
968780
1178060
76780
285720
553780
768360
980120
1189974
88440
296900
505960
714820
923960
1132960
30760
239720
448660
657220
866260
1074720
1283900
181700
391000
600280
808620
1018320
1227060
125440
334720
543220
752520
961560
1170580
68580
278040
486800
696220
904240
1113900
12700
221840
430880
640620
849900
1058780
1267240
166000
374420
582800
792280
1001680
1211300
109980
337980
548060
757620
966500
1175340
72900
281380
489886
699020
907556
1116360
15160
226160
435260
644640
853000
1062200
1270980
169660
379600
589680
798340
1008080
1216260
114280
323140
531900
740678
949660
1158680
57280
265540
474500
683520
892560
1101158
1310418
208900
417700
626740
836160
1045480
1254920
153880
362980
572300
781200
990860
1200140
117840
327880
536640
746460
955060
1163340
61020
269958
479360
687140
896400
1106040
4360
213720
422260
631400
840420
1048960
1258040
155460
364460
572620
781640
990400
1199060
97780
306880
515760
724540
933120
1142520
41120
249900
459040
667540
877200
1085100
1294280
191840
401240
610100
818420
1027200
1237400
135200
344600
553660
762800
971980
1180780
105840
315680
525120
734280
943920
1152440
49900
258840
467340
676760
887060
1096220
1305420
202720
411800
621300
829500
1038560
1247160
145820
354780
563540
773100
982500
1191919
89560
298120
506640
715400
924740
1136740
36060
244260
453360
662040
872520
1080620
1290220
190000
398640
608120
817180
1025920
1235600
134220
343160
551420
760100
968440
1202900
103220
312960
522180
731100
939960
1149200
48520
256780
466585
674780
883720
1092880
1302080
200320
409800
619400
829180
1037740
1246660
144860
353160
561380
769940
978380
1187340
84960
293300
502580
711040
920020
1129040
26340
234640
443500
651981
859760
1068780
1276820
174720
383760
592540
800420
1010000
1219060
116820
325540
535020
743780
859740
1069940
1279280
177440
385540
594580
803500
1011980
1221580
119600
328560
537500
746580
954880
1164040
61580
269753
478260
687760
896620
1105400
3080
211820
420420
629360
837800
1046220
1255320
153300
363600
572600
782200
990580
1200180
98080
307300
516680
726120
936200
1145240
43580
252920
461540
671682
881960
1090940
659960
876300
1088940
1300340
200480
410620
619660
829860
1040800
1250280
148900
358180
567700
779360
990280
1200920
99160
308360
518440
727680
936540
1145960
45080
255520
465360
674200
883680
1092240
1301440
203600
413140
622120
830920
1040860
1250180
148100
359900
569720
778960
988300
1197740
96220
305160
513900
726080
935700
1145300
43980
253140
464260
674772
884040
1093900
1305520
204500
414340
623720
833480
1042280
1253080
151800
361420
571000
781780
991880
1201477
99020
308360
517480
726600
935540
1145580
44860
253580
465680
675900
885280
1094820
1304520
202940
412180
621220
830000
1039520
1249120
147660
357058
569040
779200
988675
1198200
97540
307720
517040
725940
935960
1144780
42860
258760
469140
678660
890800
1098500
1307220
205318
414520
623920
832800
1042100
1251160
149560
358760
567380
776220
984540
1194020
92040
303940
513600
723040
932440
1141340
39840
248840
458300
667460
876480
1085460
1294260
193280
402920
611280
820960
1030800
1240380
141020
351160
560340
769160
978920
1187740
86320
295866
504780
714940
924040
1134180
53940
264900
475640
684580
893760
1102800
1860
210720
421480
631240
840600
1050040
1258940
157060
366860
576900
786200
995000
1204540
103280
312000
521020
729940
939020
1148500
47440
256800
466660
677080
886160
1098620
1308560
207360
416116
625180
834480
1042940
1252060
149560
359040
568740
777860
986400
1194914
93480
303174
512280
721220
930100
1162520
62820
272660
482600
693040
902260
1111040
11960
221680
430280
639240
848820
1057540
1266360
164380
373600
582640
791820
1000760
1210162
109040
317660
526678
735340
944100
1153280
52100
261560
471360
680540
890540
1100380
1310160
209060
417400
630080
839020
1048060
1257260
156080
365860
575160
784380
993340
1202180
101280
310480
519860
729320
960280
1171880
69880
278998
487980
697500
906120
1116500
14620
224518
434060
644140
853400
1062280
1271360
170560
380300
588940
800480
1009520
1218800
117280
326440
535140
744120
953480
1162400
60200
267800
476860
686020
894360
1102760
1200
210500
419140
628480
836860
1046280
1255040
153560
363237
572164
780840
989520
1198900
96960
305960
515740
747620
960420
1170180
68720
277340
488182
698206
907700
1116620
16060
224860
433820
642460
851120
1060340
1268880
166660
375200
584200
793060
1003120
1212660
112780
322120
530600
739840
949000
1157800
56700
266700
475040
684300
894020
1101960
1310640
210000
418300
627440
836740
1046900
1255460
153660
362700
571320
780240
988920
1199400
97540
306740
515100
750220
959260
1168860
66940
276320
485280
694960
903900
1112440
11240
220240
429160
637920
847060
1055920
1264960
164060
373380
582580
791420
1000740
1209860
107700
316640
525280
733740
942660
1151980
51040
259860
468580
677840
886380
1095335
1304520
202540
411720
619900
829000
1036920
1246180
145360
356800
566380
775300
983560
1192400
89780
298480
528800
738120
947860
1156240
54320
263480
472740
681020
889960
1098940
1307800
206340
414320
623140
831720
1040780
1249620
147844
356000
564940
774120
982140
1191280
89400
298720
507220
716980
926240
1135160
32480
241460
449760
658580
867340
1076200
1285700
183560
393140
602020
811260
1020700
1230000
127880
337560
549420
758960
968080
1176360
74060
194240
403960
613080
822240
1031740
1239940
139300
348260
557340
766160
975470
1184020
82320
291500
500440
709220
920000
1128700
28020
236420
446200
655880
864960
1073240
1281860
179740
389360
599240
808180
1017740
1226720
124820
333980
542460
751660
961140
1169820
67680
276580
485780
695160
904040
1113400
10940
219980
427600
636440
845180
1054040
1283940
184200
393240
602160
814220
1022920
1231200
129540
338600
548180
756960
965800
1173620
71460
280180
488700
696660
906100
1115273
14620
223760
432460
641020
850700
1060420
1270000
168320
376820
585880
795600
1005500
1214220
113040
322560
531260
739440
947680
1156380
54000
263213
471922
680440
889580
1098180
1307120
205800
415218
624220
832960
1040560
1275780
175400
384520
593240
802240
1011200
1220140
118460
327980
536740
744820
953880
1162960
61600
270800
479080
688220
896540
1105800
7040
217380
426600
636280
845520
1054260
1263100
161200
370620
578997
787220
996180
1205240
102780
312720
521140
730420
939360
1148680
47060
255780
464860
673680
883180
1092840
1301940
199840
409480
617860
826180
1061700
1271780
169380
377800
587760
796600
1005040
1214180
112160
320880
530320
739640
948680
1157540
55080
264002
472680
681600
889760
1098620
1307780
206580
414680
623460
832300
1040860
1249500
148460
357380
566440
775860
984500
1193458
91480
300420
509420
718620
927720
1135980
34900
244280
453680
661660
870760
1082220
1291020
190220
398960
607640
714000
924100
1133240
32082
240900
449780
658700
866800
1075620
1285420
184760
394340
603860
813340
1023140
1232840
132200
341460
550760
760420
969260
1178560
77020
285620
494500
702740
911800
1119700
18380
227900
436960
647580
856500
1065600
1274820
172700
381360
590036
798380
1007560
1216920
114800
324140
533900
743480
952420
1161300
59220
268073
496360
707280
917040
1126820
24820
233880
443140
651615
860960
1070900
1279220
177540
386040
595220
804200
1013400
1222100
120240
328980
538320
747160
957200
1165400
63960
272620
481640
690460
899800
1111720
10480
219480
428400
638160
847600
1056780
1265260
163220
371880
580340
789960
998660
1208540
106500
315220
524420
733800
942540
1150180
48620
280140
492460
702918
914600
1123420
21040
229140
437800
646540
855460
1063880
1274420
175040
384660
592960
802300
1010500
1219000
117440
327620
24680
336340
555740
767800
980020
1190800
90360
558320
780940
993320
1204720
104700
313520
523160
733060
1255800
169000
383200
595020
805000
1014840
1224560
123420
332364
542818
752760
963080
1206940
108420
318460
527820
737240
946820
1155480
54860
263560
472700
682080
891200
1101240
1310520
208420
417300
626880
836080
1045200
1254120
152860
361200
570420
779880
989560
1205980
105220
314120
523140
731920
940440
1149440
48140
257140
466600
675320
884340
1093580
1302600
200540
409600
618040
827320
1035940
1245300
142600
351880
560320
769480
1001700
1213040
111820
321040
530660
740020
948840
1158400
56340
264840
473000
682840
892300
1101620
1310200
208380
417480
626440
834640
1042880
1250640
147880
356644
565740
774100
984220
1193140
91980
300340
508860
718220
927520
1135980
33480
241220
449380
657800
866540
1076380
1284380
183220
391640
600640
809980
1018580
1227040
125580
335020
544600
752860
992800
1202400
101800
309920
518760
727820
936320
1144120
40920
247980
455780
664920
873080
1081820
1290220
188280
396240
604300
812780
1020802
1229400
128280
336840
544673
753400
962100
1171481
70020
279220
488040
696560
909020
1117140
15080
223880
432300
641620
850680
1059000
1266800
165100
374260
583380
791960
999620
1208580
106100
315980
524220
641400
852255
1061660
1271320
170960
379780
589020
798802
1008520
1217860
116000
324860
533680
742960
951440
1159600
58080
266040
474620
683840
892280
1101580
1310020
207900
417460
627240
835960
1045260
1254160
152280
360900
570500
779780
988400
1196500
94200
302960
512660
721500
931040
1139760
38120
247000
455740
663980
871860
1080440
1288840
187260
415520
625260
834280
1043020
1250960
148580
358060
566660
776080
985260
1194260
92600
301100
509680
717602
926080
1134500
33800
241800
450860
659780
868760
1077420
1286460
184180
392320
600980
810200
1019060
1227460
125160
334400
544180
753140
961820
1170860
70120
279320
487840
697120
906780
1115300
13200
220912
430500
639720
848500
1057080
1265520
164100
399660
609120
817800
1026060
1235920
134260
342740
552380
761180
970020
1178180
76240
285200
494460
704180
912860
1121600
20400
229240
438100
646440
855260
1064818
1274600
172840
381580
590460
798600
1007600
1217040
114160
323020
531760
740900
950220
1159520
57700
266240
475820
684260
892980
1102500
820
209160
418880
627140
835780
1045180
1254100
174460
384120
593180
802500
1010960
1219980
118760
327460
537200
746480
955580
1165120
62540
271300
479520
687780
896740
1106220
4760
213320
423180
632280
840980
1051460
1261240
159500
368800
578620
787809
996780
1205940
105360
314960
524540
732900
942380
1150580
48438
256360
465020
674340
883660
1092620
1301220
199300
407820
617120
826920
1035300
1138540
38500
248534
458980
667900
876820
1086180
1295220
194000
402420
610980
820320
1028700
1236760
135520
242940
460720
675960
887340
1099765
1310280
210080
419900
632620
841820
1050775
1258760
157040
369180
579220
788960
997760
1207240
110240
319880
529480
738540
947620
1159960
58480
267230
476020
684640
911800
1129360
28060
237680
445740
655040
863600
1071920
1283500
181320
390540
600280
808920
1017760
1226440
125140
336820
546780
755060
963558
1172520
70840
279680
489460
698640
909660
1119580
18820
228020
437940
647900
856720
1066640
1276760
174780
386780
596620
806180
1015800
1225380
123680
333040
542040
750900
959680
1169300
70100
279680
488520
719480
930980
1140980
39362
248260
457300
666820
875720
1084100
1293020
193480
403220
612400
821900
1030540
1239200
137540
345780
555740
765680
975460
1184980
83140
292180
503700
713260
923420
1132360
31980
240580
449340
659460
868660
1077000
1285180
183340
391780
601780
810562
1019140
1230060
128740
337080
546040
755800
965440
1174540
72720
281920
600960
818320
1030520
1240780
138780
347760
557460
766400
975640
1187640
86600
295120
504400
712740
921640
1130480
27880
235840
445400
653880
862900
1071700
1281200
179740
389040
598060
807200
1016240
1224480
125360
334380
544140
753320
962660
1171780
70260
278480
486760
695900
905600
1113840
11960
221600
430000
639260
848640
1057440
1267200
166120
344780
554340
765780
975140
1184200
82620
291540
500420
709320
918020
1127860
25840
234440
443100
652180
860820
1069860
1279700
177800
386580
596060
804600
1012800
1221720
120586
329620
538020
747200
958340
1168020
66100
275600
484900
692840
901940
1110860
9380
217740
425900
635540
844580
1054200
1263660
162700
372120
581500
791100
1000460
1209060
124260
334655
544620
753720
963320
1172420
70980
282700
491480
700500
909840
1118920
17940
227200
436140
645700
855060
1064260
1273920
172420
382020
591180
800740
1009740
1218760
117300
326580
536440
745396
954420
1163660
62000
271280
480940
690380
900040
1109080
7880
217880
428880
637980
847060
1055940
1265380
163440
371680
581100
790820
999760
1231040
130160
340500
549460
758720
968480
1177120
76040
284720
493620
703020
912575
1121580
19840
229360
439620
649540
858460
1067260
1276300
174020
383460
592280
800280
1009340
1217520
118600
328160
538140
748160
957200
1166460
65800
275580
484420
693460
902020
1110020
8020
216588
424400
634000
843120
1051520
1260460
159180
367600
576660
785800
995140
1226140
125522
334280
543940
753640
962820
1172940
71700
280640
489600
698940
907820
1117040
15940
224740
433360
642600
854780
1064640
1273720
172460
381320
590400
799220
1007960
1216760
115980
324580
533960
743160
952600
1161860
61120
269900
479000
688554
897280
1106460
5798
213120
421960
630540
839660
1049040
1257980
156080
364860
573760
782740
1012820
1222640
122200
332380
542020
751600
961220
1169600
68440
278060
487320
696280
904640
1113280
14460
223700
432740
642040
851120
1062020
1271160
169600
378420
588040
796540
1005084
1213920
111720
320260
529060
737880
946520
1155920
53460
262700
470800
679660
888660
1097440
1305980
204580
413360
621340
829700
1038660
1247940
146240
356140
565260
794640
1005040
1213720
112220
320860
529710
738840
947580
1155460
53660
262340
471160
680120
888760
1098400
1307500
209820
418980
627680
836520
1045100
1255420
154200
363340
572220
780920
990640
1199220
98000
306740
516420
725740
935020
1144700
43500
251720
461120
670740
879360
1087660
1297190
195420
405100
613600
822720
1031360
1239420
138480
347880
521760
735300
945260
1155000
54140
263040
472040
681420
889480
1097480
1306300
204920
413700
622360
831060
1040540
1249020
147120
355560
564300
772860
981680
1191040
89780
299480
510500
721640
931420
1139840
38100
247660
457660
666820
876480
1085940
1295120
193220
402960
611800
820500
1029380
1238060
135780
343840
552740
761820
970500
1179640
77460
249573
460100
669620
878040
1087540
1296200
195180
404360
613543
822060
1030720
1239900
137820
346580
555680
765001
973440
1182480
80220
289300
498460
706640
916220
1123480
21420
229760
438880
648480
858300
1067360
1276320
174100
383247
592760
802440
1011780
1220375
118641
327280
535680
745320
956278
1165480
63140
271640
480040
689400
898500
1107480
25780
237500
446540
655440
864000
1071840
1281020
178720
388100
596580
805140
1014680
1223720
122600
331920
541120
749240
956640
1166000
63800
272500
480380
689120
897640
1106160
4660
213460
421960
630540
839320
1047220
1256720
155220
364300
572400
780640
989780
1197980
95700
304560
513080
721800
931420
1140660
38640
248060
456320
664500
873060
1082280
1680
211220
420620
629580
837540
1046640
1256000
154802
363360
572520
780940
990200
1199380
97440
306255
515860
727620
935500
1145200
43780
251980
461920
670640
878700
1087900
1297220
195320
405080
614060
822780
1032020
1241040
140140
349160
557880
766320
974580
1182920
81300
290080
499000
708160
917000
1126100
24340
233000
442120
650700
860100
973200
1183240
81940
290560
499960
708660
917180
1126680
26100
235560
446160
655920
865520
1074280
1283140
181880
390940
600160
809300
1018100
1227980
126920
335900
545800
755080
964700
1173440
72240
282080
491640
700800
909620
1118129
16380
226040
435620
643480
852400
1062160
1271200
169120
378280
586740
795320
1004500
1214060
113040
322260
531280
757980
969360
1178360
76728
285000
493840
702040
911040
1120240
18502
227620
436620
645440
854900
1063200
1272460
170420
380120
589180
798060
1006480
1214360
112000
320540
529020
736820
945440
1153800
52040
260440
468500
678060
887100
1096000
1305460
203400
412140
620620
829260
1038060
1246895
144680
352940
561460
769240
977920
1186620
84260
292920
501920
733420
943560
1151520
48940
257938
466840
675960
885000
1093720
1302840
200960
409840
619920
828780
1036900
1246660
144620
353900
562600
771660
980040
1187960
85580
295320
504060
713720
922300
1130300
28160
236360
445420
654160
863060
1071360
1279680
178300
386680
595080
805380
1015000
1224800
123320
332500
543460
752940
961720
1169840
68040
277380
506140
716520
926020
1135460
33480
242340
450240
658940
867720
1076640
1285680
184520
394038
602780
811840
1020440
1229660
127460
335880
543560
752560
960940
1170320
68540
277540
486020
694560
903300
1112240
10460
218660
427200
636860
845700
1054080
1262800
160840
370280
579140
788260
997100
1205820
103620
312438
522100
730485
940040
1148780
46780
184020
394680
603520
811800
1020780
1230760
128920
336800
545960
755280
963640
1173120
71540
280220
488440
697400
905860
1114040
12540
221060
429500
637716
846360
1055420
1264460
163020
372040
580560
789380
998800
1208000
105140
313820
521720
730960
940240
1148380
46580
254660
463880
672940
882340
1089620
1298560
196560
405620
614340
823200
1031480
1256700
158320
367360
576940
786740
995260
1204620
103040
311740
520500
729520
938040
1146580
44560
252940
461460
668520
876820
1085920
1294540
192700
401080
609840
819400
1028200
1236360
134760
342860
551720
760260
968800
1177100
75040
283940
493245
701500
909980
1118120
16160
223780
432100
640260
847760
1056980
1265900
163240
372360
581020
789580
998400
1226960
125920
334320
542980
752220
960740
1170220
68180
277980
486980
695520
904500
1113365
11900
221400
429620
639160
848020
1056880
1265280
163640
371840
581080
789680
997600
1205880
103920
312820
521240
729740
938600
1146680
44020
251880
461160
670780
880340
1089640
1298520
196080
405040
613920
823680
1032300
1241100
139280
347340
554880
764020
873980
1083420
1292040
189340
398540
606840
815520
1024420
1232420
130860
339340
547960
757100
966020
1175320
73620
282800
491660
700280
912360
1121720
20120
228780
437620
647600
856980
1065360
1273760
171720
380600
589241
799080
1008100
1217020
115040
324080
533460
742220
951760
1160840
59900
268840
478080
687140
896180
1104880
3160
212160
420940
650360
862340
1072480
1282200
181320
390720
599720
808760
1017420
1227100
125020
333300
541440
750180
959180
1166620
65220
273960
482360
691480
899600
1108360
5920
214200
422980
631540
839800
1048440
1257220
155740
363920
572201
780140
988480
1197080
94620
303500
511300
719620
928180
1138040
36520
245220
453700
661900
870700
1078660
1286500
184640
394458
623080
833220
1042160
1251940
150231
359200
567478
775740
984880
1195000
93940
303020
511920
721660
930676
1140300
39600
248020
456700
665640
874460
1083920
1292680
190940
400020
609400
818160
1027280
1236930
135680
344160
553240
763240
972560
1180900
859500
1074480
1287520
187920
398840
609440
820440
1029920
1241460
140480
284918
495380
705200
916120
1126100
24420
234180
443500
654080
863800
1073460
1283862
182940
394120
603040
813040
1021840
1231620
130720
344640
552960
760840
969220
1177340
76060
285040
496300
705420
914140
1123100
20240
229400
438140
646960
857820
1067123
1275840
173740
382260
591820
800600
1009140
1217780
117660
326880
537360
747020
955280
1164140
74180
284640
493900
703140
914560
1124580
23680
233360
442560
651560
861280
1070980
1280520
178900
387740
598722
807660
1016660
1225560
124600
334140
544260
753602
963700
1172800
70780
280140
489280
700820
910518
1120520
18760
229420
439680
648120
857318
1066360
1275920
174400
383080
592820
802440
1013820
1223680
122100
330820
540140
750500
959840
1183160
82320
291900
501400
710940
919520
1129260
27300
237100
449200
659300
868900
1079100
1288380
186400
394920
603540
812360
1021360
1229840
128300
336860
545340
754140
963920
1173260
72200
283580
491620
700000
908160
1116860
14840
223840
432974
643120
852860
1062840
1271320
168760
378100
585800
795260
1003980
1212640
111260
320280
531860
742320
968520
1179620
78000
287900
497220
706440
916280
1125640
23380
232660
441880
652100
862620
1072040
1281580
180160
388240
597040
805880
1015800
1227440
126900
335940
545100
754060
963560
1173360
72680
283080
492680
701000
910300
1119460
18180
226940
435560
644840
853340
1062540
1272480
171640
380920
590240
799820
1008920
1219080
119920
328740
538517
768480
980140
1189420
87980
296960
506750
716340
926100
1135820
34400
243840
452600
662080
870880
1079860
1288935
188040
397520
606800
816200
1025700
1235640
133900
342220
551300
761600
971960
1180660
79020
289480
497660
706500
915740
1124480
23620
233140
442240
650820
860500
1069940
1279044
177120
386680
595980
804660
1014200
1222800
121080
330100
558280
770180
979360
1189380
88200
297180
506420
716040
927640
1137720
36440
244860
453820
662420
872200
1081440
1290898
189300
399920
608962
818640
1027920
1236460
134300
343420
553000
761620
970540
1179760
78340
287060
497060
706480
916000
1125320
23540
232840
442060
651480
860120
1068780
1277260
175360
384680
597400
807180
1015900
1224280
122880
331700
563720
773220
983320
1192820
90280
299520
508840
717960
927180
1136180
35100
244720
453620
661580
869980
1078200
1286900
185320
394760
603880
813020
1023040
1231620
130180
340100
549380
758820
968160
1177960
76020
285020
494168
703360
912620
1122380
23440
232600
441940
650880
859917
1069140
1278140
176820
384960
595120
804780
1013600
1222220
120560
351840
561220
771200
980440
1190180
88600
297980
506780
715100
924320
1133440
31040
239560
448500
657380
866840
1075480
1284800
182800
391580
600800
809820
1019860
1229420
127160
336080
544880
754813
963820
1172280
71140
280180
491760
700640
909800
1119760
18740
228580
437820
647857
857280
1066240
1274560
172980
382160
592118
800940
1009282
1219020
138820
348916
558220
767400
975260
1185440
83380
292560
501220
709817
918580
1127540
26840
236280
444720
653240
863160
1072038
1280480
179660
389060
597660
806060
1014760
1224200
123100
333380
543120
752900
961860
1171580
70680
280080
488720
700840
910140
1119320
18040
227400
436040
645220
854560
1063340
1272620
170560
380500
589540
798380
1007100
1110060
9100
218200
427580
636220
845660
1055640
1265520
163769
372880
582300
791060
1000960
1210481
108940
318820
527560
736660
945660
1154440
53120
261252
470020
679180
888300
1097120
1305780
203800
412960
621880
830060
1038080
1246360
144900
353700
562640
771480
980720
1190100
88580
297760
507840
716020
927280
1137400
36520
244980
454280
664200
889760
1099020
1307660
205980
414220
623940
833280
1042800
1253149
152180
360680
569340
777900
986720
1196380
94360
302240
512220
721500
931040
1140780
39880
248600
457500
667080
876642
1085360
1293880
192480
402440
612127
820260
1029484
1238900
137680
348040
557780
766560
975900
1186020
84300
293000
503080
713600
923400
1133040
31280
239700
448000
674149
884940
1094340
1302920
202000
410620
620040
830480
1039820
1249300
150580
360220
569760
779500
989640
1198640
97040
305580
514314
723840
933380
1141720
40140
248920
458720
668220
876660
1087220
1295455
193600
401820
610580
819020
1027600
1236280
133980
342980
551478
760580
969400
1177780
76260
285400
494460
702600
911600
1120260
18780
227220
436700
710200
922220
1131900
30340
238720
447700
657380
866300
1075540
1283900
182820
391760
601340
809340
1017980
1227280
126400
334980
543980
753414
963094
1173360
72040
280500
490160
699740
908220
1117220
14160
222840
431140
639685
848760
1057960
1270020
168340
376940
584860
793180
1001880
1211220
109720
318860
527780
736380
944780
1152840
50860
280320
491300
700380
909740
1118140
16160
224900
433920
643380
852320
1061480
1270400
169280
379200
588460
797500
1005560
1214900
112860
321260
530660
739260
947660
1156425
54180
262740
471380
680400
888460
1096700
1305100
203440
411800
620540
829220
1038240
1247240
144480
353420
562280
771220
979640
1188540
88220
297260
506360
715540
923800
1132220
30380
263480
472680
682240
891160
1100380
1308941
207440
416420
625400
833740
1042800
1250800
148660
358040
566300
775260
984440
1193020
93330
303080
511840
720900
929500
1138180
36280
245900
456240
664920
873840
1082220
1291620
190340
399580
608340
816920
1026120
1235000
132440
340760
550300
758762
968020
1176560
75000
284260
492940
701400
910600
1119420
1221240
120440
329420
539280
748100
957380
1165940
64100
273000
481640
690620
899202
1108440
6420
214420
423280
632220
841440
1049840
1258640
156480
365040
574720
783460
992700
1202080
99460
308500
517340
726720
936780
1146040
44400
253520
461560
670540
878560
1087240
1296360
194660
403260
612780
822060
1031340
1240640
139080
347980
557318
765680
992840
1203160
101240
310360
519300
727980
937660
1146220
44660
252940
461680
670840
880194
1092160
1300940
198920
408280
617240
826362
1036600
1246260
144500
353540
562940
773140
982260
1191980
89840
298660
507700
717440
926080
1134900
34200
243100
452780
661260
870740
1079480
1288700
187280
397080
605840
815860
1024800
1233880
132320
341760
551200
760320
989020
1198080
97020
306720
516400
725600
934840
1143340
40880
249640
459010
668140
876500
1085520
1293880
192220
400700
610040
818560
1028040
1237960
136120
344420
553420
763140
972573
1181420
78880
287180
495140
703120
911880
1121000
19480
227920
436600
644680
853080
1061080
1269540
167480
376080
585060
793600
1003220
1211640
110380
319900
529400
753940
964160
1173060
71400
279980
489560
698320
907320
1116220
14080
223980
432484
642000
850680
1060020
1268860
166840
375260
583020
794860
1003460
1213240
111260
321600
530720
739720
949380
1157940
55100
264700
473340
681700
889700
1097900
1306760
205120
414840
623980
831620
1040720
1249160
147620
356900
565860
774540
984440
1193460
91520
299860
422360
633460
842940
1052000
1261100
159300
369280
578660
787840
996020
1204880
103280
312560
521820
731000
940400
1148800
47280
256840
466100
675180
884200
1093340
1303120
202160
411220
621900
831620
1041980
1251660
150840
360100
568620
776860
985380
1193700
92280
302280
511460
721540
930780
1141300
40820
249900
458700
668000
876660
1084960
1293660
213280
423660
632735
841220
1050040
1258500
156100
365500
574440
783080
992000
1200620
98840
307180
515860
723940
932960
1142340
40380
249840
458640
668120
878320
1087920
1296760
196080
405300
614380
824300
1033720
1242900
141760
350740
560280
770280
979540
1187920
87060
298940
508620
717580
928322
1137920
36964
246200
456120
665080
874200
1083080
1308700
207900
417320
626860
836860
1046340
1255700
154740
363940
573140
782400
991240
1200020
98300
307460
515660
725060
934640
1144480
42600
251440
460660
669400
878580
1086640
1295080
192620
402080
610580
818660
1027540
1237860
135280
343740
552740
762160
972164
1180200
77760
286160
494500
703238
912320
1121060
17900
226820
436220
644700
854360
1064120
1292440
190760
398980
607640
815740
1024860
1234720
133360
342120
550860
760060
969300
1178380
76280
285060
493820
703300
912200
1121300
19360
228040
437400
646900
855020
1064380
1273600
171740
380100
589500
797840
1006580
1215620
114660
323340
532680
741760
951680
1161420
60280
268960
478380
687520
896680
1105400
3680
213460
421460
630940
839640
1070260
1280800
179980
1167520
72920
285820
496420
707160
916740
1125640
24160
235000
445060
654620
863820
1073300
1285580
185880
396020
605240
814720
1025860
1234780
133220
341920
550760
761600
971360
1181000
78880
288180
498000
711900
922440
1132380
31620
241320
449960
659760
870780
1080020
1289760
188260
397580
606940
740080
951280
1162780
62020
272560
481640
691620
901280
1109660
8820
217840
428420
638680
849760
1059440
1268414
167180
377000
585840
795980
1004500
1215700
114844
323040
533100
743360
951700
1160740
59460
269300
478660
687680
899180
1108700
7140
215200
423660
632700
841220
1050240
1259520
158660
368020
577640
786860
998560
1208420
106080
314880
522061
732100
941695
1151660
49980
258980
468060
677540
887760
1097220
1309440
209060
418335
627600
837100
1046280
1255520
153880
362800
571640
781040
990880
1200520
99340
308160
517280
728520
938640
1147920
47213
256500
465980
674980
884480
1093887
1303640
201420
410360
618700
827780
1037380
1246300
145580
354480
565600
773914
982360
1191380
89220
313360
524200
733600
942680
1151120
49860
258700
467240
676180
884680
1094460
1304220
203300
411580
621040
833480
1043440
1254280
152700
361840
571460
781380
989780
1198900
97040
306140
515500
724560
933440
1143320
42460
251240
460660
670220
879535
1088880
1297640
198940
408600
618580
828460
1037900
1246080
144920
354260
563760
773160
982580
1191840
107020
317040
527042
735280
944660
1153900
52920
261380
470460
678660
887060
1096120
1305600
204700
415860
624940
834800
1044340
1253920
152920
362560
571440
780720
989241
1197900
95820
304760
514380
723420
933260
1142300
41040
250160
458480
666860
875820
1085120
1294285
192920
402080
611020
819660
1031280
1239740
137832
346480
555600
765442
974620
1200480
100760
310080
519240
728200
937380
1146516
44740
254400
464320
673040
882200
1091760
1300580
197820
407140
616320
824580
1033980
1242940
141540
350640
560480
769320
977840
1188340
86740
295940
504160
714060
923080
1131780
29660
239300
448500
657640
865680
1074360
1282500
180242
388660
597340
805780
1014060
1223080
121280
330960
540260
748180
956160
1184080
82640
291700
501246
710380
919480
1128800
26180
235120
443720
651900
862460
1071060
1280000
178120
386340
594560
803760
1012460
1220600
119420
327920
537400
746900
955660
1165320
63720
272900
482020
690580
899060
1107380
5940
215720
424900
634000
843200
1052860
1262120
160620
369900
578740
787600
997060
1205740
103396
312840
521840
731600
826840
1036280
1246160
146200
354940
563660
772520
980940
1189900
88140
297540
507200
716560
925460
1134720
32800
242080
450600
659480
868640
1076900
1285180
182980
392300
600100
808840
1018040
1227460
125440
334340
542940
751260
960760
1169140
67218
276140
485120
694620
903700
1113700
11780
220700
429880
638320
846540
1054800
1264800
162220
371240
600040
811340
1020920
1229900
128040
337200
545940
754600
963060
1171800
69680
277800
486460
695620
905100
1114000
12680
220700
429300
637420
845860
1055280
1263420
161540
370200
579440
788560
996960
1206040
104460
313720
523240
733060
942080
1150980
49578
258720
467460
675820
884237
1093000
1301140
200820
410380
619300
828560
1037320
1245920
143920
352540
584860
796900
1006500
1216340
114540
323220
532140
741240
950100
1159900
58560
267820
476660
685600
894600
1103220
1049
210300
418780
628060
836240
1045420
1254240
151940
360660
569080
777760
987040
1195720
95100
304722
514180
723440
932060
1141320
38860
247780
456640
665000
875180
1083740
1292620
190880
400680
609760
819040
1028060
1237140
134960
238200
448460
658140
867940
1077360
1286360
185120
394840
603800
814040
1025540
1235400
134040
343640
552400
761260
970780
1179780
77440
286660
495760
704920
913886
1123040
21220
229800
439400
648880
858040
1067180
1275640
174400
383800
592000
800900
1010400
1219620
117940
326160
535280
744820
953580
1163240
61940
270600
480160
689660
898990
1108320
20940
229620
439080
648280
857240
1066820
1277200
175740
384840
593740
803080
1012160
1221280
118961
328060
536820
745740
954800
1164660
63020
271160
478940
688200
896580
1105001
2700
214460
423560
632060
841160
1050480
1259880
158645
367200
575640
785940
994700
1204020
103220
311980
521940
731200
939940
1148880
47780
257460
467060
676360
885100
1113260
12700
221837
431720
642040
851340
1060220
1269120
167240
376640
585280
793680
1002300
1211880
109320
318300
527020
735800
945000
1153920
52440
261220
470520
678480
888120
1098120
1307600
206040
414580
623620
832620
1042420
1251640
150120
359280
568640
776980
986060
1194900
93660
301876
510860
719640
928540
1137840
35940
244280
452980
661940
869640
1096880
1309460
207260
416680
625360
833600
1042160
1250340
147840
356460
564280
774100
982860
1191420
89580
298660
506800
715740
924340
1132940
30580
239420
447720
656540
864820
1074060
1283100
182160
391100
599700
809280
1017640
1226800
125100
333200
542080
751040
960520
1169120
66980
276780
486120
694580
903460
1112540
10460
220160
428860
637800
733080
942500
1150920
49360
258100
468040
675980
884980
1093860
1303000
201280
409580
617840
827320
1036300
1245140
143980
352960
562260
771180
980500
1188940
86020
294380
503020
711440
920620
1129140
26460
235700
445260
654040
862580
1070180
1281380
180040
390004
599060
807760
1016740
1226300
125875
334140
543460
752740
961220
1169900
68240
277140
540700
756760
967400
1176880
74960
282760
490980
701140
908580
1116960
15260
223400
431780
641120
849840
1058700
1267200
166140
374840
583140
791360
1000140
1209644
107800
316700
526240
735620
943560
1152280
50280
259020
467020
675760
883920
1092520
1301480
199880
408840
617120
825725
1034760
1243640
141240
350560
559540
768620
977900
1186640
84620
311640
522440
731160
940320
1149920
47920
257040
466420
675100
884420
1092480
1301720
199820
409320
618380
827200
1035520
1244040
142340
351480
561100
769960
980880
1189460
87180
295960
505220
713540
922820
1135120
34060
242140
451400
659820
868180
1078200
1287100
185280
394100
602280
811400
1020444
1228260
127820
337200
546420
756162
965180
1175620
74020
301920
510758
719380
928320
1137280
34660
242958
451900
660560
869640
1077680
1287140
185000
394980
603420
811800
1020480
1229880
128620
337600
547420
755600
964760
1173700
71360
279440
488180
697320
906420
1114678
12300
221000
430700
639460
849060
1058060
1266520
164600
373520
582560
791500
999260
1207720
105480
315420
524000
732620
941580
1149200
1251800
151640
361200
569960
779520
988980
1197860
96040
304360
513060
721860
930400
1139940
37320
246060
454980
664320
872440
1081560
1290260
188670
397360
606280
815478
1023180
1231158
128940
337380
545520
754740
963260
1172340
69460
278040
486380
698340
907154
1115040
13100
221420
430620
639760
848020
1057140
1266080
165080
373620
581380
789840
1017320
1229560
128380
337800
546680
756580
965900
1175400
74400
282980
491980
700600
910180
1118840
17280
226700
436100
645280
854180
1063200
1271360
170260
379100
588280
797760
1006060
1214540
112920
322120
530580
739820
948680
1157600
55900
265120
474540
684240
893660
1103260
1560
210400
420420
629160
837500
1046520
1255240
153120
361540
569700
778680
1008300
1218080
116320
325120
533380
743060
952560
1161200
59300
268400
477840
686400
894780
1103940
2540
211300
419640
628740
837080
1045880
1254600
152520
361640
569780
777980
985700
1193300
91320
300500
508800
716940
926220
1134580
33420
241920
450400
659158
868220
1077120
1285880
183480
392000
599920
807880
1017800
1226380
123940
332980
541780
645940
855620
1064600
1273640
173960
382820
591620
799380
1008740
1217320
115520
324580
533260
742540
952220
1161711
60300
269520
478215
686420
894760
1103720
2118
211240
419960
629280
838540
1046800
1255300
153220
361340
570240
779300
987120
1196380
93820
302240
510540
719320
927700
1136420
33500
242360
450860
658780
867200
1076200
1285780
184175
409960
620820
828900
1037640
1246680
144980
354040
562420
771320
979620
1187870
86040
294300
503020
712000
921620
1131300
29300
238322
447840
656600
865420
1074200
1283600
181860
391020
600700
810080
1018980
1227480
125340
334000
541940
750600
959120
1168380
65460
274300
483040
692620
901200
1110300
8220
217600
426120
635180
845300
1054480
1263562
161860
389420
600040
809140
1018720
1227660
126400
335300
544500
753360
962720
1171040
69220
278420
487700
696560
904885
1113460
11680
220960
430484
84802
300580
514660
725340
937180
1147120
46040
255380
465800
675460
885800
1095780
1306300
206580
415780
624840
833960
1042800
1253540
152520
361660
570140
779900
990080
1199180
40200
250180
459440
669440
882060
1091700
1300840
198780
407320
616120
824500
1035660
1245060
144080
352400
561680
769980
979320
1187380
87680
296540
505340
714440
922960
1132000
30480
239240
448160
660920
870820
1080820
1290140
187460
396080
604380
813080
1021620
1230720
131080
340520
550140
759720
968500
1176680
75640
284620
493360
703340
912780
1140080
39580
249840
460120
669080
878420
1088160
1297000
195380
404940
613660
822440
1031520
1242540
140680
350020
559180
768280
977160
1185700
83740
293040
502140
710420
918840
1127620
26162
237364
447200
656100
865300
1075680
1284500
183100
391800
601120
809660
1018118
1226440
124060
333020
541580
750700
961560
1170660
69080
278420
488020
696980
926420
1138380
36780
246640
455440
663800
873640
1083000
1291620
189440
398320
607680
819680
1029300
1238120
136920
345770
555240
763740
972580
1181980
80300
289600
497900
707600
916320
1124440
23400
231400
440000
648780
858120
1070660
1282060
180100
388460
598920
807620
1016180
1226240
124920
334540
543380
752780
962220
1169900
69100
278980
488780
697960
930180
1139360
38680
248220
459671
669100
878460
1088100
1297680
197240
405360
614440
823560
1032380
1241680
140420
348460
556700
765860
974740
1183640
82500
292260
502420
711620
921200
1130160
29080
237280
445890
657120
867060
1076180
1286360
185120
394940
603900
812800
1022360
1232180
130820
339860
549100
756880
965540
1174040
72520
281200
489940
722800
931440
1140260
38940
248180
457980
667220
875380
1083720
1295040
193800
402980
611640
821100
1030420
1239480
137260
345720
554660
763481
972800
1182080
80160
289460
498900
707460
916150
1124880
22840
231060
439980
648402
857080
1065780
1274700
173180
382080
592480
801680
1010860
1219440
120120
329060
538320
746800
955460
1163680
60880
269620
501980
713140
923560
1133060
30400
239320
448020
657240
866280
1074838
1283660
181200
390120
599060
808440
1018300
1228120
126880
336540
547000
756160
963500
1171020
69640
278440
486700
695360
904420
1115520
14100
222340
431320
640260
849140
1058840
1267620
165920
375238
583880
793260
1001220
1209300
107400
316160
525620
734580
942800
1151480
49780
250480
464780
675000
886000
1095120
1303160
201480
411480
620820
829240
1038380
1249220
148280
358120
567360
775720
984580
1193260
92040
301340
513160
723320
932320
1140920
38820
247520
455860
664680
873940
1083480
1292340
190676
400560
609660
818280
1027040
1236640
134480
344040
553620
763500
972680
1182620
80780
289360
498960
708180
916240
1125600
1267900
167480
376720
585360
794140
1003580
1213058
111320
320300
529620
737920
946300
1155400
54080
263660
472380
681140
891640
1101420
640
209760
418580
627320
836440
1045120
1254060
151540
359340
568100
776460
984820
1193260
91760
300560
509180
718140
927660
1136520
34760
243540
452880
662040
870820
1078740
1287580
186460
394520
602680
812140
1041960
1253740
152520
360920
570160
778440
987800
1196860
95000
303680
512920
721960
931940
1140520
39100
247500
456060
665140
874002
1083700
1292700
190580
399920
607822
815860
1023920
1233300
130700
338860
547140
755780
963760
1172140
70560
279680
487880
695820
904680
1113300
11300
221440
430600
638980
847880
1057080
1265480
163300
372260
581500
790740
1020600
1230280
128740
337940
546540
755020
964360
1173740
71638
280340
489260
697840
907040
1116420
14360
222820
432020
641640
850420
1059780
1268620
166960
375880
585700
795060
1003500
1212460
112660
321940
530480
738220
946890
1155960
54200
263260
471641
681140
890140
1098280
1306400
204540
412980
621620
830740
1040200
1249320
147620
356300
564860
671775
882200
1091840
1301020
198780
407580
615860
825140
1033840
1243140
141120
349600
558380
766180
974560
1182320
79980
289040
498740
707320
916260
1125900
24080
233580
442720
651780
860360
1070080
1278360
175260
384000
593500
802560
1011760
1221140
120518
329400
538500
747260
956660
1164840
62420
271500
483800
692640
900998
1109980
8480
216880
446980
657880
867360
1076200
1286080
185160
394200
602563
812000
1020520
1229440
127500
336860
545840
754100
963140
1172580
71960
281240
490200
698960
907900
1117415
15840
224720
434060
642380
850380
1059460
1268962
167160
376260
584300
793340
1001600
1210640
108960
317940
526780
736000
944440
1153780
53320
262040
470400
678893
887200
1096720
1305360
203840
434400
643820
852400
1061180
1269560
166760
375880
584860
792560
1001540
1210780
107740
316400
525240
733500
942360
1151660
49938
261620
470600
679860
889000
1098180
1307548
205300
415260
624260
833560
1041840
1250260
148020
357940
566180
774220
982460
1190320
88620
297140
506000
714320
923240
1131280
29420
238180
446400
655540
865240
1073920
1283540
70600
280380
489680
698500
906620
1114960
12580
221240
429900
639820
848340
1057140
1265320
162680
371460
579520
788180
996300
1204500
102280
310900
519060
727720
936280
1145280
43300
252020
459840
667400
876220
1084540
1293540
191420
400060
608500
816820
1025640
1234562
131960
340980
549740
757920
966510
1174700
72640
281620
489620
697797
906060
1115040
39040
251140
461040
669860
878560
1087260
1295900
193560
403640
612000
820640
1029618
1238680
136660
345440
553960
763240
972200
1180420
79100
287760
496860
705780
914520
1123300
21520
230260
439180
648040
856960
1065660
1274340
173020
381620
589296
798920
1007680
1216340
113300
322480
531260
739480
948420
1156840
54300
262600
471000
679540
889660
1098960
1308400
205940
414940
624300
834080
1043680
1251620
149580
357960
566700
776020
985340
1194498
93100
300620
509500
717580
926600
1135240
32780
240360
449100
658480
866680
1076160
1284740
182740
391520
600540
809420
1018196
1226140
124740
333300
541420
749300
957640
1166060
64360
272940
481420
691180
899540
1108480
9380
218880
428200
636663
789520
1000500
1210460
108500
316760
524860
733140
941660
1150540
48480
256760
464780
674280
882740
1091060
1300360
198040
407080
616120
824480
1033240
1241500
140080
348840
556980
765280
974180
1182400
80800
289620
498000
705960
914300
1122500
20660
229240
437980
646780
856440
1065060
1274220
172880
381560
590080
799056
1006860
1214980
113660
321940
590640
808600
1019220
1228640
126700
335960
544940
753780
962540
1171300
69600
278060
487140
696740
905760
1113680
11580
220900
429200
637520
845840
1055140
1263900
161520
370160
579440
789200
997920
1206800
104540
314200
522720
732420
942660
1151160
48660
256980
465640
674880
883200
1091460
1299820
198300
407940
617120
825300
1034240
1243040
141460
372600
584040
794040
1005740
1215140
113680
322160
531200
740560
950300
1159620
58000
266500
475360
684100
893280
1102400
260
208320
416500
626180
835040
1044220
1253680
151040
359860
568120
777200
985920
1194580
92820
301680
511000
719420
928660
1137660
35460
243820
453140
662100
870500
1079220
1287860
185520
393900
603540
812940
1021820
1230940
148140
360560
569500
779140
987680
1196135
94380
303580
512840
721420
930340
1138940
36460
244580
452660
661398
869460
1078175
1285660
183540
392540
601620
811158
1019820
1228540
126460
335540
543420
751880
960480
1169400
66800
275740
483760
692660
902180
1111200
9558
218100
426680
636480
845260
1054380
1262800
160900
369280
577040
785720
995640
1204460
123340
333080
542380
751800
960820
1170140
68122
275680
484480
694260
903520
1112440
10760
218820
427460
636140
844200
1052340
1261060
159400
368500
579380
788440
997669
1206000
103880
312960
521020
729000
937300
1146360
44960
253520
462180
671260
879640
1088120
1297560
195240
403960
613420
822800
1031220
1239300
137580
346380
554680
762760
971380
1093700
1303920
202600
411460
620400
829240
1037780
1247460
146060
354980
564700
773800
981922
1190280
89160
298260
507180
715740
925040
1133940
31780
240800
449520
657900
867420
1076400
1284880
183320
392420
601580
810420
1019400
1227380
125380
334200
543020
752200
960540
1169420
68440
278560
488140
696700
905300
1114420
11900
220322
429380
638000
867680
1079160
1288196
186540
395560
604480
813860
1021820
1231380
128980
338300
547840
756180
964040
1173380
72140
280860
490660
700100
909080
1118020
15040
224080
432520
640580
849180
1056920
1265660
164500
372402
580880
790180
999560
1208840
107100
316060
1299160
205620
419200
630920
839840
1050480
1259700
158580
368320
579560
695840
906520
1115340
16440
226500
435380
644060
852920
1063580
1273100
170460
378400
587180
796420
1006560
1215700
114000
322880
532240
741160
954600
1164500
63320
272420
481140
690260
899000
1110260
8860
217900
425960
635040
843200
1053180
1262960
163520
372680
582320
791080
999000
1208160
105780
315500
524677
735760
946020
1155020
54300
263520
495040
706680
916620
1125700
23870
235740
445100
654060
863640
1072780
1282320
180560
389680
598880
808380
1016980
1227900
126480
335480
544780
753700
963500
1172620
70440
280080
489500
698140
906940
1118320
17940
227220
436500
645600
854640
1063900
1272780
170980
379600
588660
797340
1007360
1217080
117564
326860
535960
744760
954300
1163700
62323
290480
503700
712720
921094
1130340
28460
237120
446660
656160
867560
1077120
1285980
184160
393300
602420
810560
1019740
1228480
126880
335980
544480
753440
962020
1171460
69580
277980
487240
698640
908175
1116920
15960
223900
432900
641900
851280
1061260
1270020
168440
376740
585360
794340
1003540
1213240
112000
320640
529740
738680
949760
1159560
81980
293360
502760
712180
921800
1131060
29420
239320
448640
657600
867020
1075920
1285160
184700
394040
602900
812320
1021060
1230080
129420
338620
551180
760240
969000
1178200
76300
285900
495240
704240
912960
1122060
20800
229420
439060
648160
856860
1066340
1275440
173560
382780
591680
800020
1008720
1217780
117260
326380
536680
745260
954240
1185760
86700
295260
503900
713520
922480
1130840
29000
238120
447860
656600
864800
1073420
1281800
179840
388800
597420
806200
1014300
1222940
121740
329580
538260
746820
955560
1164580
65080
274260
483280
692720
901440
1110800
9560
218800
427360
635620
844133
1052900
1261300
160220
369360
577720
787120
995680
1205580
103800
313100
522000
730300
939540
1174540
73900
282740
491140
700260
909440
1118340
17300
229560
438840
648260
855800
1063820
1272940
171520
380360
589920
798940
1007940
1217160
115140
323600
532580
740780
949480
1159340
57280
266140
474420
683680
893060
1101200
1309860
208600
417580
626380
834660
1043380
1253220
150960
360040
568740
777660
987620
1199000
97420
306220
514100
722760
953720
1164918
62200
270820
480320
688500
897140
1106160
4740
213100
421540
629900
837660
1046160
1254380
153380
361260
569820
778060
987640
1195980
93720
302760
511160
719760
928000
1135760
34860
243500
452740
662120
871000
1079600
1287720
186000
398000
607360
816180
1024900
1233762
132080
340560
550020
758240
967440
1177682
76080
284240
493160
616940
826640
1035600
1245000
143660
352920
562120
771440
980620
1189200
87820
296320
505260
714400
923340
1131620
30220
238660
447780
656800
865200
1073380
1282440
180600
389480
597900
806720
1016080
1225240
123480
332480
541500
752220
961718
1170780
69020
277920
486220
695680
904740
1113560
12080
220480
429260
638060
847320
1057540
1266360
164980
393380
603540
813500
1023180
1231380
129740
339120
548420
756640
965560
1173960
72700
282220
490660
699820
909140
1117720
16340
224960
435060
644940
854340
1063720
1272060
170840
380560
587620
796140
1004540
1214060
111600
319920
528020
735680
944760
1156320
54460
264160
474080
683440
891900
1100800
1309200
207140
415680
623820
832480
1040800
1249720
148480
380860
591020
800600
1009980
1218000
115940
324980
534320
743500
952620
1161920
59740
268720
477420
686820
895700
1103640
1240
210940
418900
627960
837480
1046540
1255020
153720
362640
571080
780020
989580
1197960
96600
305160
513440
722480
932140
1141620
39560
248520
457480
666620
875440
1084740
1293800
194400
403680
612640
822000
1030980
1239540
161860
371320
579558
788840
997940
1206854
104480
312700
521340
729760
938840
1147220
44820
253980
462520
671020
880400
1089900
1298900
195940
404620
612620
820780
1029020
1237660
134920
344240
553460
762720
972700
1182120
80140
289541
498940
708015
916580
1124758
23040
231260
440420
649220
858060
1067500
1275960
174300
382600
590860
799700
1008920
1116040
15320
224420
433080
642040
850780
1059880
1268700
166960
376820
587716
796540
1005842
1214340
113320
322340
530358
738180
947700
1157740
56100
264400
472900
681500
890740
1099840
1308500
206961
415940
623961
833180
1041980
1251220
148080
357260
566580
775660
984940
1193320
90960
299560
508400
717360
925980
1136080
34800
243820
452680
661120
888444
1099540
1308580
206600
415440
624100
832000
1040020
1247920
146420
354860
563600
772340
980180
1188320
86220
294320
503060
712160
920440
1128860
28100
237080
445500
654280
863320
1072100
1281420
178920
386840
595716
804420
1012280
1220320
121540
331320
539660
748540
957080
1166060
63820
272180
481320
690600
898640
1107220
4420
212418
420482
628940
857300
1067440
1276760
174680
382780
592040
801320
1010838
1219980
117420
326920
535500
744200
952580
1161340
60260
268140
476720
685620
894920
1103480
920
209720
418560
627140
835120
1044060
1253480
150320
359540
567940
776860
985460
1193460
92280
300100
508740
717680
926740
1134720
32020
240240
449640
658460
867560
1076180
1285040
183180
391855
517300
727300
936420
1145330
43580
252420
461560
669840
878260
1087480
1296540
195120
403840
611700
820280
1028980
1236660
134620
345700
553640
761520
970278
1178800
76860
285980
494360
703520
912140
1120880
18480
226700
434900
644180
853270
1061440
1269884
167200
375420
584520
793880
1003160
1211900
110060
317636
526700
734720
942940
1150800
48720
257800
492860
701240
910820
1118940
17560
225000
433620
641240
849260
1058300
1266560
164480
373880
582680
791200
1000454
1209240
107160
316080
525780
734580
942740
1150840
48240
256180
464980
674160
882880
1092900
1301680
200160
408860
617640
826640
1035320
1243900
142520
350961
559460
767460
975720
1185580
83660
292340
501120
709960
918640
1127940
26040
132440
342800
552280
761300
970620
1179900
78800
288280
497760
706980
915700
1125020
25500
235320
444620
653700
861660
1070460
1280220
178520
388360
596940
805400
1013780
1222480
121140
330120
539280
747340
955840
1164260
62320
271280
480820
689860
899100
1108020
6260
215020
422700
631820
841080
1049580
1258420
157440
365600
574040
782940
991660
1219220
118960
328460
537120
745660
954180
1162740
61220
270980
480280
688720
897860
1107280
5920
215340
424860
634480
843460
1053020
1261620
159740
369500
578180
786660
995360
1203680
101900
310600
518980
727500
936200
1144180
42680
250140
459000
666800
875800
1084880
1294940
192700
401740
610240
819160
1028180
1237020
135320
343620
552600
761580
970600
1200940
99320
308133
516540
724660
933280
1141060
38540
247060
455960
664680
873580
1082140
1291100
189980
399100
608740
819400
1028480
1237700
135500
344160
553040
761060
969820
1179440
76680
284660
493040
701360
910860
1120000
17780
226300
435260
645720
855060
1063600
1272800
171020
379820
588480
796140
1005720
1214740
114080
322740
531660
740660
832960
1043700
1253280
151560
360180
569560
777800
986300
1195600
94000
302500
510540
720220
929420
1138640
36420
245300
453340
662420
871040
1079920
1289080
186660
394840
603780
812080
1020980
1229860
128020
336920
545840
754560
963800
1172140
70320
278780
487420
696640
905920
1114964
12280
220680
429680
638360
846980
1056164
1264680
162020
370340
578440
855480
1067000
1277360
176140
384720
594118
803373
1012280
1221760
119660
328360
537180
745880
953540
1162340
60120
268920
477740
686500
894900
1103800
1980
211280
420300
629940
838620
1047280
1256980
154520
363140
571180
780220
989660
1198860
96760
305120
516660
725900
934580
1142680
41340
249220
457120
665420
873940
1082440
1291700
189976
420640
631320
840180
1049640
1259120
156760
366260
575580
783880
991780
1199960
98660
307820
515720
724380
932700
1141060
38200
246880
455220
662940
872100
1080440
1289880
188020
396460
604800
813420
1022680
1231220
128750
337440
546060
754260
963440
1171720
68820
277140
485620
694400
903620
1112860
10620
220260
429100
637560
846100
1055140
1264280
161180
393200
603040
811500
1019287
1227660
125840
335240
544160
752460
961100
1169600
67160
275180
483880
691940
900300
1109240
7860
216500
426140
635140
844520
1053120
1262300
160340
370040
580020
788400
996980
1206020
104520
313602
522540
731380
941060
1149300
46802
255880
464240
673080
882278
1091860
1300840
198960
407460
616460
825120
1033540
1241780
38940
248580
458660
136640
353160
566040
775760
986940
1196840
95360
304240
515500
724480
933260
1142740
40778
251960
461920
671840
880820
1088800
1299640
198080
407660
616560
825380
1036860
1246660
144260
353520
563320
773080
986740
1196360
94840
303922
514060
722760
931660
1143620
42400
251060
459560
667140
877520
1086740
11540
223880
433540
642720
852120
1061220
1271112
169480
378120
586420
797720
1008440
1217700
116260
326482
534960
744320
952800
1162580
61360
272940
483000
692660
901660
1110900
9740
218860
427600
637240
847080
1056420
1268240
167360
376120
585580
794160
1003600
1212540
111660
320540
529500
738860
948380
1158240
60180
269620
478940
687860
920100
1133420
32840
241960
451697
661300
871200
1079840
1289120
186780
398780
608436
817540
1027720
1237420
135440
344800
553840
761920
970780
1180160
78898
288220
496760
705220
914680
1126060
24160
233300
442660
651460
860320
1069120
1278200
176538
386280
595620
805340
1014620
1223220
122320
331760
540580
749420
960220
1169880
69120
278400
488140
720540
932720
1141540
39260
248360
457420
665860
874348
1083600
1292598
190800
400100
609200
819400
1027800
1239260
138120
347420
556700
765440
975020
1184520
82920
291240
500700
709880
919140
1128080
26740
235940
445800
654800
863800
1072000
1280780
179000
388300
599540
808660
1017740
1226780
124200
333500
542480
750900
959780
1168840
66940
276160
486340
721560
931100
1139680
38040
247180
456660
665540
874160
1083640
1292678
191480
400760
609700
820940
1030060
1239740
138900
347400
557360
765400
974500
1183398
81420
290440
499540
708540
917680
1126900
26340
235090
444620
654160
863020
1072360
1281360
179300
388600
597820
807120
1015500
1224680
125900
334620
543760
754080
963760
1172640
71720
281040
514860
724880
934300
1144420
43180
252120
462200
671040
880160
1089820
1298800
198140
407260
616120
824580
1033520
1242620
140400
349200
558020
767180
976600
1184920
82246
292800
502960
712300
921820
1130220
27940
236880
444800
653224
862380
1070220
1279180
177920
386600
594880
804500
1013620
1223080
121300
330900
539960
748340
957922
1167640
66860
299620
510020
720020
929395
1139180
37640
246160
455900
665520
874100
1083520
1295020
193378
403727
612920
822820
1030820
1240060
138620
348140
556540
765260
975200
1184520
83740
292620
501820
711040
919920
1129420
27460
236780
444980
654600
862880
1071960
1281400
180040
389240
598360
806720
1015480
1224440
122680
332180
540940
749960
959200
1168540
1276120
177140
386240
597240
806980
1016240
1224520
122080
331040
541000
750540
959840
1168200
66720
275720
485260
694300
903120
1111680
10120
219640
429080
638600
847240
1056480
1265460
165180
373840
583300
792280
1001840
1210340
108780
318940
527740
736520
946400
1155720
53680
263420
472360
681520
890960
1099480
1308780
207200
416000
625120
833800
1059060
1268560
167860
377580
587100
795920
1004920
1213960
112660
321600
531420
741220
950160
1159840
57240
265856
474740
683660
892780
1102440
780
210358
419020
628580
837500
1046020
1254980
153320
362294
571320
779680
988540
1196120
95180
304680
513240
720980
929740
1138580
36980
245860
455620
663860
872520
1080540
1289760
188530
397520
606220
832940
1045580
1256880
155580
364820
573820
783020
992020
1201180
99780
308400
516720
724740
933980
1143600
42260
251200
460440
669740
879300
1088080
1296760
195100
404580
614140
823680
1033880
1243660
141280
350564
560100
769820
978820
1187260
85360
293194
502380
711720
921500
1130820
29000
238900
448120
657180
867120
1075900
1284660
182380
391340
599460
831720
1041020
1250320
149420
358560
567680
777600
986620
1196840
94600
306240
515300
725040
934780
1143820
41780
250460
459780
669080
876880
1086300
1295780
193560
402320
610900
819280
1028500
1235960
134160
343020
552180
760760
970100
1178915
77080
285820
494438
702920
911520
1119500
17260
225720
434320
643700
853080
1062580
1271480
169400
378620
608780
819080
1028080
1237280
136420
345120
553900
763200
972340
1181400
79220
287000
495240
703700
913362
1122300
20900
229640
438760
647700
856420
1064400
1273610
171380
379960
588800
800160
1009080
1217820
115220
323800
532100
741380
950240
1159000
58500
267960
476720
685580
895000
1104660
3140
211940
421720
631160
840320
1049420
1258300
156520
264240
474340
683860
893080
1102580
160
209780
418800
627480
836320
1045400
1254160
152880
361160
569900
778520
988160
1196600
94820
303740
511920
720660
929720
1139200
37140
246560
455760
665180
874100
1083478
1291880
190060
399200
608000
816260
1025900
1234600
132620
341540
550740
759620
967840
1176756
74440
283500
492100
701380
910580
1118800
36740
247840
459740
669040
877880
1086380
1295500
192860
400880
608060
817060
1024420
1232980
131160
340240
548960
758200
966160
1174740
73080
281400
490140
698880
907420
1115780
14840
223680
431840
640940
849480
1058140
1267580
165240
374220
582640
791000
1000278
1208140
106580
315300
524280
733120
941175
1149200
47460
256420
464680
674380
882880
1091440
10880
219800
428560
637700
846520
1055960
1265620
163580
372540
580738
789380
998680
1207140
106260
314560
523640
733440
941780
1150760
48420
256840
466100
675520
885460
1094640
1303440
200960
409720
618580
827640
1036740
1245420
143540
352040
562720
771680
980800
1190000
88280
297540
506320
715080
924540
1133060
31380
240540
449800
660180
869120
982980
1193300
91122
298680
506440
714820
923640
1131320
29900
237800
446320
654300
862780
1070780
1278740
176520
385140
594720
803380
1010840
1219320
116295
324020
532160
740640
948760
1156380
54120
262780
470980
679540
887940
1097240
1306360
203880
412090
620600
828420
1037240
1245600
143280
352540
561740
769560
978640
1187980
87200
295720
504820
713660
947300
1156644
54120
263260
472260
680280
889260
1098240
1307240
205220
414400
623980
831740
1039060
1246560
144140
352800
561540
769440
978540
1187100
85660
295080
503600
712420
920580
1129280
26700
237800
446740
655160
864200
1071820
1280880
179360
388340
596520
804860
1013460
1222800
120640
329680
537520
746120
954540
1162480
60460
269600
478680
577380
786720
995580
1204560
102100
310460
519078
727620
936660
1144700
42820
251520
459680
667720
875900
1085040
1293220
190700
399220
607400
815920
1023900
1232280
129380
338162
546300
754060
963200
1172460
70880
279900
489260
697320
906660
1115340
12980
221955
430660
639660
848200
1056320
1264900
164080
373240
581120
789180
997320
1205530
103260
311900
544520
754721
963240
1171640
68800
277200
485500
694260
902320
1110820
8540
217340
425760
634740
842980
1052320
1260980
159000
367080
575480
783580
991682
1200380
97860
307400
515860
726020
935500
1144540
43240
252580
462400
671240
879460
1091160
1299940
197560
406240
615160
823924
1032580
1241340
139620
348000
556300
764820
973340
1181700
80740
177480
386100
595020
804660
1013580
1222358
120220
329020
538040
746640
955040
1163040
61180
269340
478000
685702
894760
1103520
1140
209860
418200
626380
834700
1043380
1252500
150600
358580
567760
776960
986220
1195400
93298
302540
511320
721100
929666
1138700
36260
245280
454240
662340
871240
1080400
1288280
186500
394540
602620
810960
1019260
1227560
148300
358060
566760
775120
983200
1191120
88820
296360
504980
713020
921660
1130180
28040
237120
445740
654260
862860
1071780
1280240
177760
385660
593600
801780
1010320
1219280
116860
325560
533900
742620
951380
1160140
58000
267100
475980
684880
894180
1103120
1920
210360
419440
627880
837220
1045620
1253860
151740
360960
570220
778253
987220
1094720
1305420
203500
415340
624020
832740
1041660
1250020
147980
356520
565420
773660
983318
1192420
90860
299400
508760
717880
927388
1136360
34540
243960
451800
661460
869920
1078280
1287140
185480
394540
603140
811318
1019680
1228920
127020
335540
543900
753420
963060
1171700
69840
278160
487240
695960
904920
1113120
11120
219680
428200
637040
866540
1077740
1287300
185380
394242
602560
811500
1020180
1228880
126580
335180
543740
752460
960700
1169120
66700
275480
483420
693440
902820
1111780
10420
219780
428960
637760
846484
1055040
1264540
162900
371440
580300
788940
997367
1206160
104660
313140
523335
732640
940600
1149740
47980
256200
465280
674500
883720
1092760
1302100
201180
410660
619640
897420
1109140
8620
217120
427040
635780
844600
1054300
1264140
162300
371200
580765
790180
999080
1207900
107440
316160
524740
733200
941760
621700
837300
1050488
1261580
162200
371880
581760
791900
1003440
1212960
111160
320460
529740
740880
950040
1159380
58560
267160
478380
687649
897380
1106960
5100
215860
425800
660840
873380
1083760
1293060
195980
405127
613960
822540
1030780
1239240
136960
347880
557140
765280
974360
1183740
82380
290940
501076
712800
921700
1130620
29120
238260
447140
655940
865160
1074500
1285700
185560
394900
604000
812360
1021980
1231640
129680
338793
547820
759375
968960
1178540
76810
285980
494720
703280
912280
1121000
18965
228260
465460
676553
886460
1095420
1304860
203325
412040
621940
830700
1040160
1249540
148920
357580
568900
778580
987640
1197360
96240
304340
513760
723280
932040
1141940
40300
249340
458536
667960
879362
1088540
1297740
196000
404820
613600
822820
1031540
1240960
138600
348000
557360
766620
976000
1185220
83240
294700
505200
714840
924700
1134120
33720
268200
478040
688300
897820
1106660
5300
215580
425040
633600
842020
1051860
1261280
162480
371280
581160
790470
1000180
1209440
107680
317820
527180
736920
945880
1155260
53580
262740
472900
682280
891540
1100320
1310020
208440
420400
629280
839180
1047960
1257120
155780
365000
573360
782000
991420
1200700
98960
308460
518080
727480
936700
1145880
70220
279820
488220
697440
905840
1117000
14780
223220
431900
640660
849580
1059540
1269300
167520
377600
586780
795880
1004380
1213660
111420
321440
531040
741000
950329
1159820
58360
267400
476320
685360
894740
1103300
4700
213620
423680
633480
842800
1050840
1260300
157774
366820
575120
784140
992280
1201180
99140
308700
517460
726900
935620
1170660
70220
279780
488760
697540
906180
1115580
13540
222500
431444
643080
853682
1063500
1272700
171300
381300
590720
799660
1009260
1218980
116780
324200
533880
743460
953140
1162300
61120
271478
480597
688480
897060
1106020
4400
214000
422720
631640
840780
1049560
1258640
156460
364820
573340
785140
994700
1203680
101280
309220
518460
727280
960780
1170300
67813
277240
485220
693860
902380
1111980
10600
219540
427900
636080
844120
1053060
1261660
159580
368340
577620
786500
994820
1203720
102080
311020
521180
729660
939120
1149580
47300
256500
467640
676540
884700
1093680
1301740
199620
408660
617440
826200
1036118
1246095
144660
353240
561820
770840
979980
1188860
86900
295780
504500
620200
830640
1040600
1249700
148080
357060
566700
775380
984080
1192720
90480
300480
509620
718800
927840
1136400
35140
244540
452640
661460
869920
1080860
1290540
189180
399160
607700
816940
1025500
1234920
134200
342760
551700
761540
970720
1179700
77922
287140
496060
706080
915202
1124198
23200
232500
440160
649080
857060
1066240
1275260
173420
398160
609160
818380
1027500
1237060
135880
345600
554900
763940
973240
1182340
80020
289220
498880
708520
917940
1127320
25820
236920
445820
654580
863600
1072260
1280750
179520
388820
598440
807520
1017360
1225940
124180
332380
541780
751120
960740
1169380
67020
276540
484780
694260
903660
1111660
9620
218660
426780
635040
843780
1052760
1262160
400300
620200
831700
1041620
1250600
149060
358200
566740
775800
984680
1193960
91060
298680
507860
717240
926100
1135160
33440
243020
452080
663820
872700
1081800
1290880
188860
397500
606340
815120
1023920
1233460
131780
340520
549420
758960
968120
1176742
74260
282640
491800
700380
909020
1118580
16080
224580
433332
641820
852320
1061600
1290200
191480
401180
610760
819920
1028962
1238054
135860
345860
554900
764400
973900
1183340
81620
290060
498500
708320
917440
1126700
24760
232780
442020
650620
859780
1069684
1279120
177440
387440
596940
807060
1019460
1228100
126420
334280
543380
752060
960560
1169040
67680
277100
485780
694580
904300
1113740
13280
222860
432440
641440
850700
1060160
1293360
191880
400620
609180
818820
1027960
1237180
135300
344600
552780
761640
969580
1179500
77980
285940
495820
704700
913700
1122740
21800
230960
439940
649400
858480
1067420
1276300
174000
383420
592500
802080
1011060
1220400
118340
327920
537240
747020
955720
1163940
63260
272140
481700
690500
899500
1109180
7100
219200
429020
638700
848180
1077520
1290660
189540
398720
608120
816700
1025400
1234400
132740
341780
551060
760300
968580
1177660
75940
284960
494340
703920
913800
1122640
20760
229460
437600
647020
856120
1064500
1273960
172900
382000
591340
800285
1008920
1217640
115940
324520
533700
742780
952780
1161420
59660
269220
479420
688700
898320
1107360
4940
213600
422440
632360
842100
1051960
1261280
160060
369020
577860
786880
995920
1205058
102960
310920
519620
727380
935700
1145200
43140
252700
461860
671260
880160
1088580
1299660
198360
407120
616480
825160
1034220
1243160
142280
351340
561140
771220
980660
1190060
88180
297260
507180
716160
925400
1133660
31740
240700
450100
659540
867600
1076040
1284200
182840
391682
526180
736095
945380
1154340
53840
263288
472620
682580
891320
1101060
1310340
209260
418340
627560
836700
1046600
1256400
154980
363180
572600
781760
990820
1200040
98500
307420
515880
725220
934260
1143284
41380
250400
460240
668560
878000
1087320
1295880
193360
401900
611440
820420
1029680
1238242
136100
344640
553360
762500
971660
1181400
79460
312120
522200
732560
932748
1151260
51540
261280
469880
678540
886420
1096580
1305220
204921
413840
623680
832720
1041840
1251122
149960
359600
568140
777240
986200
1196000
94460
303780
512780
722040
930520
1138840
36480
244880
453540
662340
871900
1079660
1288320
186260
394560
603040
811700
1020380
1229640
128280
337360
545740
754460
963640
1172220
71000
307000
516320
725960
934300
1143080
40980
249280
457040
665640
874620
1083620
1292140
189980
398740
608000
817260
1026180
1234840
132960
342240
551340
760720
970340
1179360
78660
288080
496838
705440
914120
1122620
20440
228960
437540
646340
855397
1064300
1272960
172562
380940
589880
798280
1007920
1216600
114240
323420
532420
741540
950840
1162220
85580
296780
505500
714220
923300
1132260
30390
239120
448900
658060
866720
1075000
1284540
181940
391420
600960
809300
1017580
1226780
125280
333080
541800
750380
958960
1167740
65638
274620
484440
692600
901440
1110100
8180
217180
426440
635620
844280
1052938
1261520
159540
368880
577640
786760
996080
1204420
102200
311020
519940
728560
937220
1049340
1260620
159140
367880
577300
786620
995220
1203540
101600
310480
519620
728620
936440
1145920
44420
252920
462380
671900
881860
1090560
1299900
198460
407040
614700
823040
1032160
1241620
139640
348320
556960
766640
975420
1184640
82740
290860
499600
709200
918000
1126960
24280
233340
441720
650240
859880
1067700
1276180
174540
382640
591520
820480
1030660
1239980
138160
346680
555200
766940
975300
1184240
81680
289420
498280
706580
915200
1123660
20720
228520
436660
646140
855040
1062860
1271360
168800
377740
586620
795260
1004700
1212660
109400
317680
526420
735860
944680
1152360
50220
258600
467360
676714
885620
1094140
1303340
201380
410500
618740
827240
1036160
1244860
142660
350820
559800
789340
999780
1209260
107140
316680
525620
734820
943100
1152080
50500
259260
467700
676000
884360
1091660
1300620
198480
407680
616360
825540
1033840
1242520
139440
347820
557100
765800
974460
1183420
81400
291440
499860
708800
917680
1126580
25820
234620
444020
652740
861500
1071100
1280140
178620
386880
595500
803920
1013160
1222040
120615
330160
444420
654018
862940
1071340
1280780
179720
389540
598920
807870
1016240
1225220
123220
331840
539920
748360
957120
1167340
65860
274820
482337
691480
900420
1108780
6600
218620
427300
636020
844898
1053060
1262160
160480
368940
579120
788000
997340
1205540
104180
313200
521800
730240
938860
1147100
45840
254040
462060
670320
878440
1086400
1295644
213260
426420
636360
845560
1054600
1263460
161798
370100
579180
788400
997380
1206140
105120
314500
524060
733020
940380
1149100
47080
255973
464400
673240
881538
1089640
1297980
195760
404120
612880
820920
1029380
1238220
135800
344380
552700
761440
970780
1179680
77560
286620
495720
704020
912900
1122780
21840
231040
439340
648420
856620
1064980
1273500
192400
402320
611000
819960
1029440
1238260
135560
344100
553520
762460
970840
1180340
78560
287160
495060
704280
913440
1121600
18920
227920
436200
645580
854540
1063100
1272060
169600
378380
586997
796500
1005180
1213680
112500
321860
530560
739480
949120
1157860
55140
263840
1289860
197660
409160
620618
830400
1041380
1159300
57860
267180
478500
688340
897140
1106420
6340
214240
423040
632500
841540
1052998
1262900
161760
370480
578920
788440
999380
1207840
106980
315740
524600
733900
948257
1156620
54902
263220
472420
681800
890500
1102960
1460
211060
420440
629160
839420
1048780
1257320
157400
366900
575580
784720
993458
1201520
99040
307180
515860
727060
954780
1166480
65800
274720
485200
695282
902820
1112580
11420
222900
432802
642500
851700
1060440
1269480
168000
377220
585960
794480
1003520
1215420
114840
323560
532060
741380
950140
1158840
57220
266000
475300
684380
893640
1104500
2360
211280
420160
629720
839180
1048420
1258280
155520
363960
573600
782680
991760
1201180
102000
311320
520560
797220
1009960
1218820
116681
325958
534780
743380
952200
1161180
58360
267820
476800
685380
897440
1106900
5580
214960
424360
633140
842280
1051460
1260840
159720
368520
576700
786500
996140
1205260
103720
313718
523080
734680
944300
1154040
51920
261500
471324
680380
889000
1097460
1306560
204960
413500
622620
831380
1039920
1249700
148260
356960
571640
782280
993200
1203180
100980
310438
520200
729780
938240
1147720
47500
256540
466000
675100
884720
1093240
1302520
200660
410400
619480
827780
1037360
1246600
145160
353740
565020
774080
983280
1192940
91900
300400
509220
718220
926360
1135240
33160
241540
450700
659640
869100
1077060
1285580
183480
391720
600060
808540
1017260
1225480
123720
352860
565740
775440
985740
1194960
93120
302000
510500
719520
928760
1137140
35460
244820
454220
662820
872060
1080760
1289440
188020
397660
607480
817220
1026020
1235500
133700
343340
553540
762140
971380
1180580
82400
291780
500500
709620
918520
1128380
27200
235940
445160
654600
863480
1073160
1281980
180240
389240
598880
807680
1017000
1226360
145360
356420
566880
776440
985060
1193840
92660
300960
510500
719700
928760
1137460
35460
246420
455380
664800
874000
1082120
1290280
188480
397420
606020
814040
1023020
1231780
129060
337460
546560
755620
964800
1173310
71380
279940
488280
697560
905840
1115660
13720
221820
430800
639320
847980
1056640
1265680
163840
372820
581440
789780
999000
1210680
132060
342480
551800
760980
970140
1179620
79120
287520
496840
705860
914820
1123980
22040
231140
440200
648960
857380
1066140
1274900
173440
383007
592840
801700
1010800
1219620
117600
327120
535640
744320
953500
1162620
60358
269320
478340
687680
896980
1106440
4120
212260
423460
631980
840900
1049720
1259420
157360
367080
576280
785340
993960
1224540
123680
333060
542520
752300
960720
1169900
67700
276640
486180
694642
902600
1111960
10280
219660
428580
637540
846260
1055380
1264900
163580
371762
580940
789800
998300
1207560
105820
315280
524440
733700
943180
1152100
51380
260100
468320
676880
888200
1096580
1305940
204140
411740
620380
829200
1038100
1246920
145820
353740
563220
772100
879580
1089480
1298280
196560
405840
614740
823500
1032380
1240460
138380
346600
555260
765240
974620
1183240
80760
289680
498020
706400
915280
1123720
22220
230460
438620
647800
857345
1066780
1276560
174200
383220
591580
800060
1009360
1218240
116300
325440
534260
742580
951320
1163060
61840
271140
479740
689100
897060
1105540
4740
214320
422960
652360
864760
1075380
1286080
185620
395440
604180
813360
1022020
1231660
130420
340660
550040
759920
970700
1180340
78620
286960
496320
705700
915140
1124700
23520
232380
441320
650680
859920
1069920
1278780
176600
385420
594940
804100
1013240
1221400
119721
328780
537900
745940
954340
1163420
61026
269480
478438
687380
896600
1105280
4540
215360
441520
654280
863380
1072340
1281640
179680
388260
597560
807020
1016200
1224620
123220
332720
542100
751460
960215
1169540
68060
276540
485700
695380
904680
1113960
12720
221500
430880
640860
849720
1059455
1267520
165320
374320
583340
791260
1000040
1208540
106640
315600
524360
733600
942660
1151800
50260
259240
468280
677680
886440
1095820
1305760
203900
439140
648620
857640
1066420
1275460
173940
383298
592460
801800
1010720
1219720
117600
326360
535080
746480
955480
1164860
64140
273480
482760
691920
900460
1108340
7180
215800
425260
634200
843480
1052420
1261200
159300
368540
577120
785960
994740
1203220
101140
309860
518320
726760
935280
1144480
42338
250640
460820
670040
878700
1087240
1296120
91840
302320
511640
720980
930740
1140260
38980
247280
457320
666220
874200
1083460
1292055
190260
398620
606800
814780
1023240
1232120
131040
339600
548440
757860
965540
1174240
72558
281000
489764
698100
907220
1117460
15480
224000
432680
641760
851240
1059940
1269660
170400
379240
588620
797560
1006960
1216260
113880
323080
531620
741280
950720
1178900
78180
287245
495540
703380
912160
1120440
19240
227940
436780
645978
855080
1063480
1272380
169780
378320
588120
796680
1004900
1214120
112420
321220
529636
738440
946640
1153880
50920
259100
467600
676800
885980
1094160
1302300
200060
409100
617640
826260
1035060
1243900
141880
349920
558800
767060
975600
1183980
81796
290660
498540
707040
916220
1146100
45880
254460
462900
671820
880720
1090040
1298580
197160
406880
615720
823556
1032180
1240820
139080
347940
556820
766340
975140
1184204
82220
290780
502300
711240
919695
1128000
26469
235980
445040
654638
863860
1072960
1281860
179640
389160
597340
806360
1015360
1225060
123240
331695
540540
749440
957540
1165860
64020
272600
481484
690200
797440
1006560
1215500
114300
322660
531340
739980
948640
1157160
56080
264700
473800
682160
890860
1099920
1309080
206660
415400
623560
832480
1041320
1250560
148500
357020
566500
774700
983420
1192480
90800
300120
508120
717340
926320
1135560
33100
241360
450400
658440
867300
1075240
1283680
181740
390300
599400
807960
1017760
1226180
124220
332580
561460
773000
981240
1190040
88600
298260
507260
715500
924200
1133560
31700
239860
449020
658280
867240
1076320
1285200
186140
395620
604220
813180
1023040
1232882
130720
339840
548440
756800
965500
1173840
71820
281020
488880
696820
905660
1114120
12400
221440
430180
639420
848680
1057560
1266320
164200
372960
582040
791420
999800
1207900
106060
315180
547120
757960
967260
1176300
75000
284400
492960
701120
910220
1118960
16840
226002
435060
644200
853400
1062320
1271880
169620
377660
586680
795960
1005380
1214220
113240
321340
529600
738740
946360
1154960
53080
262220
471060
679858
889160
1096916
1305520
203740
412180
621120
829640
1038600
1246340
144240
353280
562400
771440
979920
1187880
85780
196240
405900
614980
824180
1033460
1242525
140240
348640
556640
765180
974060
1182760
80520
289920
498460
706400
914560
1124420
22260
230780
439900
649000
859800
1070440
1280220
178960
388500
598040
805500
1013320
1221798
120280
328780
537200
745600
954800
1164100
61880
271100
480160
689140
897880
1106260
3820
213200
421340
630200
839060
1047640
1276998
179100
388540
597260
806480
1015460
1223360
120860
330440
539300
748320
957720
1167660
65240
273120
482000
691020
899720
1108480
6562
215180
423500
631920
841500
1050740
1260840
158820
366880
574840
783380
992740
1201300
99280
307980
516260
724880
933500
1142180
40320
249000
457620
666700
875080
1083300
1291660
190100
398860
607480
815660
1023935
1255140
155520
364440
573480
782220
990700
1199720
97720
305860
514960
724220
932840
1142000
39680
249800
459080
668380
877680
1085940
1294180
193800
401960
611920
820760
1030100
1238800
136280
346100
554980
763760
973320
1182840
81420
289880
498360
707280
916240
1124200
23020
232400
441250
651960
861100
1069718
1278380
175580
383620
591740
800500
919080
1129260
27000
236054
445480
654440
863800
1072940
1280840
178780
386780
595400
803980
1012080
1221040
119300
327040
536480
745520
954761
1164620
62960
272800
480980
689700
898160
1106980
4440
213820
422360
632060
840680
1049340
1258340
156600
365800
575300
784420
993847
1203260
101220
309620
518140
728380
936740
1145580
42840
251520
460240
689480
900436
1109560
8160
217220
425922
634680
843860
1053060
1263340
161680
370660
579040
788280
996880
1205300
103020
312500
520860
729400
938520
1147760
45840
254249
462720
670340
878882
1087300
1294560
192900
402420
611740
820400
1029140
1237540
134820
343660
552920
761700
970940
1180900
79440
289320
499280
708220
917820
1126920
25220
233860
442340
674920
884900
1094460
1304015
202160
410840
620600
829800
509020
725720
939500
1150740
50980
261180
470860
680320
892080
1102060
1310300
208980
417442
629440
838760
1048460
1258020
156740
367500
576760
785680
995340
1204320
105160
314120
522780
731580
940960
1150380
52560
263540
472400
681380
889900
1098760
1308220
209460
318600
528720
738640
948360
1157040
54860
263900
475280
684240
893260
1102500
1760
209900
417360
626280
835000
1046480
1256160
154500
363020
571980
781260
990160
1198400
97960
306740
518040
727860
936740
1145840
44840
252680
462240
672220
882560
1091580
1301100
202920
411660
620860
830820
1039620
1248400
146660
356960
565920
775080
984800
1194600
112600
326780
536920
746804
956280
1166120
63980
272680
481620
691460
903490
1110820
9680
218160
427700
639860
849600
1058560
1267760
167178
376900
586020
796200
1005720
1214120
113340
322660
531500
741440
951120
1160600
62100
271280
480660
690240
900140
1109260
7220
216180
426040
635460
844020
1052180
1261620
160480
370120
579600
788280
997029
1222360
122320
331880
541440
750980
959420
1168060
66280
275500
484340
693240
903558
1112200
10600
220200
428969
639000
847220
1055280
1264480
164340
373360
582500
792440
1001620
1212180
110860
319100
528500
738600
947800
1157060
55660
265680
473956
683636
893380
1102240
1420
210260
419380
628960
840760
1050060
1258420
156900
366300
575500
785220
1014180
1224580
124660
334320
543700
753120
962340
1171520
70080
279220
488180
697560
907520
1116460
15060
224120
433120
642300
850520
1062000
1271220
169900
379220
588900
798040
1006000
1214980
113820
323140
532320
741580
951060
1160680
59160
267700
476220
685400
894580
1102880
1260
210180
418720
626620
835160
1045200
1254780
152620
364320
573380
842900
1057140
1268000
167360
376520
586020
795960
1005000
1215020
114300
323520
532900
742980
951060
1160420
59200
268620
477720
686520
895470
1105400
3580
213440
422440
632200
840700
1049638
1258260
156280
365580
577040
786360
995122
1204640
103300
312500
521700
730440
939240
1147420
45520
254940
464480
673080
882920
1091320
1300500
198640
406780
633489
844500
1053640
1262560
160840
369340
578020
787120
996160
1204880
102860
312020
521192
729520
938360
1146640
44920
256860
466000
674880
884960
1094598
1303420
202362
411460
620580
830100
1039000
1248300
145940
355160
564100
773280
982340
1190860
88700
297700
506380
715520
923960
1132620
30560
239620
448420
657840
867380
1076200
1285556
184140
418500
629600
839540
1049020
1257920
156060
365660
573380
782180
994240
1204200
101980
310320
519560
728920
937040
1145460
43300
251220
459440
668080
876840
1086260
1295135
193940
402540
610340
818640
1027540
1236220
134134
343040
552420
762160
971380
1180520
79420
288860
498260
707360
915920
1125060
23560
232040
441140
649599
859760
1069080
1278320
176560
411520
621640
831380
1040220
1249120
149480
358620
566740
775640
984400
1193820
92340
301460
510160
721040
931340
1141460
39320
249060
458700
667080
876260
1084960
1294280
192700
401460
611180
820560
1029842
1239000
136940
345840
554640
763640
972560
1182560
81200
290600
500100
709720
920240
1129000
27540
237180
446380
654960
864520
1074140
1284240
208100
417960
628060
836540
1046800
1256580
154998
366940
576520
785900
995140
1204200
102540
311460
520780
729640
938900
1147620
45540
254220
463080
670340
880220
1088560
1297620
194940
403820
613220
822802
1032920
1240820
138800
347660
557156
766160
975440
1184300
82620
291580
501600
710340
919400
1127460
25800
234940
443360
652460
862720
1072360
1307700
207300
416860
626060
835260
1044160
1253840
151920
360500
569420
779180
988280
1198160
96600
305580
514700
726280
935740
1144440
42980
251840
460000
668520
877760
1085900
1294360
192260
400780
609200
817520
1026580
1235200
134340
342860
551360
760220
968980
1177320
76260
285160
493560
701540
910320
1119020
17040
226680
435440
643260
851700
960320
1170460
68420
276800
485080
694760
902800
1111360
8780
217620
426260
635380
843480
1051920
1260240
158180
367360
576186
784720
992560
1200720
98360
307840
516200
725180
933900
1142320
39400
248260
456660
666200
875300
1085880
1294820
192940
401960
611280
821060
1029220
1237740
135042
343720
552180
759780
967760
1177260
75700
283820
493020
721120
933680
1142900
40640
249940
458680
667680
877180
1085878
1294480
193040
402000
611840
820200
1028480
1236560
134540
343360
552000
760660
969280
1177640
74400
282680
491020
699800
907700
1115720
13520
221440
429900
638700
846360
1055900
1264540
162204
371220
579040
788100
996860
1205860
104780
313040
521480
730900
939660
1148100
46520
256440
464860
691720
901700
1110200
7460
216020
424380
633560
845260
1054720
1263060
161360
369640
579320
787920
997700
1207240
105120
313360
521500
729820
937300
1144600
42200
251080
459620
668460
876940
1085760
1294740
191960
400520
609500
818640
1027300
1236540
134720
343640
552540
761920
970200
1179700
77860
285900
494980
704440
912740
1121280
19140
227602
354880
565240
774780
983460
1192620
90580
299180
507160
715580
923300
1132720
31320
239400
448760
657740
865740
1073840
1282420
180140
389120
598200
806580
1015440
1223780
122420
331000
540460
749860
958060
1166320
64600
273920
483340
692440
900980
1109340
7320
215460
423700
632200
843360
1053020
1261920
160860
369240
578140
786240
995013
1203580
122060
334300
543040
752500
961420
1169980
69158
278060
487160
695840
905020
1113740
11260
220175
428680
637420
845740
1054340
1263520
161740
370740
579140
788200
997040
1206220
103098
312100
520140
729080
938280
1147140
44940
255140
463960
673080
882040
1090960
1299620
197540
406560
614700
823640
1031700
1241015
139260
347980
556860
765220
973720
1182760
101380
311560
521100
729560
938860
1147780
45840
254220
463740
673120
881740
1089900
1298900
197140
405440
614060
822620
1031300
1239740
137760
347280
555800
764580
974161
1183980
81660
290420
499820
708700
917140
1125660
24440
232280
441280
652520
862080
1070580
1280520
179000
387620
595980
804980
1015340
1224260
122020
331380
539960
748380
956940
1065520
1276640
174780
383160
592080
800860
1009380
1219540
117140
324960
534420
743460
952280
1160960
59040
267700
476560
685020
893080
1101380
1309960
207680
416000
624560
834500
1043380
1252320
150300
358620
567780
775980
984960
1193580
91460
300900
509320
717560
926820
1136260
35140
244420
453020
661940
871180
1081080
1290300
188920
398540
606840
835720
1047920
1256940
155080
363760
572580
781360
989180
1197300
94716
303040
511100
719560
927320
1135900
33861
243520
451900
660660
868740
1077380
1285780
184200
392780
601460
810320
1019700
1228220
126520
334980
543980
752080
961420
1168860
66860
275620
484040
692920
901660
1109540
6900
217660
426760
634960
843740
1052080
1261300
159560
368720
577620
668960
877800
1087300
1296000
194000
403760
612140
821020
1029900
1238380
136840
345280
553860
761640
970600
1178940
77340
287680
496060
705580
914240
1122220
19620
227740
436220
644700
852580
1060760
1268880
166740
374940
583920
792820
1000340
1209420
106802
315420
524440
733480
942140
1151340
49100
257700
466440
674560
882460
1090860
1299900
198500
406780
641940
850800
1059520
1268520
167100
374960
582580
790880
999420
1208000
105560
313980
522510
730880
939660
1148680
46840
256340
465800
673380
882580
1091660
1300580
198300
407060
615800
824480
1032520
1240660
138580
347460
556260
765040
973180
1181320
79780
289560
498520
707440
915620
1123820
21500
230620
439100
648100
857000
1065660
1274840
172180
278480
488920
698140
907520
1116660
15040
223100
431340
639360
850417
1059040
1268120
166000
375160
584220
793718
1002580
1210780
108740
317360
525920
735380
944322
1153260
50360
258520
467540
676560
884820
1093520
1302860
200620
409620
619640
829040
1038160
1246540
145100
353280
561440
769900
979100
1188040
86840
295960
504420
714162
923720
1132680
52020
262280
470860
680420
890080
1098780
1307940
206400
415540
623640
832740
1042300
1250380
148040
356360
564820
773460
982680
1191081
88580
297380
505800
715540
925400
1133680
31860
240240
449560
659140
867180
1075840
1285380
182940
391340
599800
808420
1018700
1227840
125520
334340
543360
750820
960420
1169220
67580
275780
484640
693500
902460
1111380
30940
239620
447540
656080
864720
1072940
1281120
179980
388720
597180
805640
1014685
1223620
121240
329600
538860
748780
956820
1164720
62480
271640
480820
689980
897860
1106600
782320
998740
1212260
112140
322700
532560
742060
951800
1164020
63120
272320
481500
691500
902580
1111820
10280
218720
426920
637880
847020
982940
1193280
92580
303100
512960
721780
930980
1140360
39500
252840
463060
671580
880120
1089120
1298180
196020
406740
615800
824520
1033620
1243200
141376
351300
559760
770700
980260
1189740
88180
297780
507120
716340
925220
1133980
34360
244180
453400
662880
871800
1081207
1289880
187740
397260
607040
818920
1029354
1238240
137200
346220
555380
779900
988980
1198080
95860
304920
516460
726340
935380
1144900
43540
252500
461600
669640
879220
1088920
1297960
196020
405680
617820
827540
1037020
1246020
143520
352480
561860
771280
980900
1189320
87660
296460
506140
715000
926960
1136100
35060
244200
452380
661520
870560
1079960
1289160
187200
396500
605740
815100
1023160
1232020
129760
340920
568020
778560
986684
1196420
93780
302893
511660
720940
930420
1139840
37940
246860
455600
664980
874820
1083600
1293860
194580
404260
613880
822700
1031400
1240940
139660
350020
558780
767540
976430
1186420
84900
294080
502760
710782
921500
1129920
27760
236720
448140
657500
866440
1075460
1284780
184220
392960
602080
811000
1019480
1228080
126400
355820
567100
777420
986160
1196080
94740
304000
512600
720720
930800
1141820
40260
249900
458720
667740
876400
1085180
1294300
192520
401380
611240
820520
1029200
1238280
136598
345620
553600
762880
971300
1179960
78360
286640
496100
704060
913600
1123540
24580
232960
441740
650000
859280
1067800
1276540
174320
382700
591760
801120
1009480
1220160
118280
350580
560140
768140
977460
1185980
83580
292920
502260
711400
919920
1129160
27460
236620
445922
657600
866980
1076700
1286180
184360
394020
603420
812700
1021480
1230200
129280
338240
547161
756540
966060
1175220
73320
282540
492160
701500
909840
1119300
17300
226040
434820
643840
853640
1062760
1271380
170660
379980
588480
800020
1009620
1218380
143540
353960
562720
772040
980960
1189300
87820
296320
505380
714613
923700
1133600
32380
241280
450220
659840
868460
1076660
1286540
185160
394820
603900
813760
1023660
1232280
130980
340160
549840
758760
968457
1177760
75840
284640
496280
705580
914180
1122660
21660
231180
440460
648960
857220
1065740
1275060
173520
382300
592040
800700
1009560
1243240
142340
351398
560500
769060
977620
1186700
85560
294660
503980
713180
921920
1131740
29000
237400
446140
654900
864540
1072940
1282000
180080
388820
597300
806480
1014760
1225940
124080
332980
542160
750360
958460
1167320
64500
274200
483760
693440
902480
1111300
9220
217920
426020
634760
843800
1052480
1260220
158060
367460
576300
784880
937360
1151440
51800
262040
471220
680540
889900
1099280
1308160
206240
415400
624320
833980
1043240
1252100
149640
359240
568400
777660
986998
1195800
94500
305360
514940
725040
934800
1143282
41440
249520
459420
667280
876880
1085180
1293880
191900
400520
609620
818720
1027300
1236120
135000
344840
554160
762720
972460
1181680
80000
289320
499078
695800
906480
1116400
15780
225280
433820
642740
851700
1061700
1270980
168980
377520
586620
796280
1005840
1215340
114160
323880
533880
742980
952360
1162180
60380
269040
482120
691780
901320
1109820
8400
216980
425380
635760
844880
1053280
1262640
160980
369800
578840
787260
996500
1205540
103380
312480
521560
730200
939100
1148534
47020
256540
484620
694800
903360
1112420
11680
220420
429420
639240
847100
1055520
1264620
161960
370640
579615
788280
998444
1206740
104240
313680
522900
731800
941020
1150120
49460
259240
468360
677260
886100
1094320
1303360
200820
409500
618482
829260
1037780
1246740
145000
353535
562000
770340
978740
1188340
87080
294720
503140
711960
921160
1130240
28022
237640
471640
680520
889236
1098120
1307580
206100
415100
623540
831481
1040300
1250020
149020
358620
567480
775960
984740
1193236
90880
300220
508720
717240
926360
1136000
34960
243940
453140
662140
871120
1079720
1288880
186420
395375
603160
812940
1022080
1231240
129700
338760
548220
757160
965220
1174400
72613
281380
491220
699820
908840
1118160
18800
251540
460560
669600
879120
1087400
1295520
193720
402580
610580
818560
1027540
1236500
134480
343740
552180
760620
969380
1178900
76440
285420
494680
703320
912440
1121240
18900
227458
436020
644620
852900
1061380
1269380
167880
376560
584780
793300
1002100
1211100
109400
317120
525900
734940
943000
1151260
49260
257940
466560
674900
883100
1091320
1208340
108020
317120
526460
734240
942579
1150960
49720
258540
467600
676380
885620
1094160
1302380
200400
409500
617540
826600
1035100
1243900
142660
351380
560120
769020
980220
1188300
86780
295260
503380
712060
920360
1129380
27920
236740
445460
654560
863080
1072200
1280920
179700
387920
596300
805100
1014700
1223540
121800
330320
539200
747720
975100
1188340
86980
295780
505080
714116
922800
1131980
30300
239220
447840
656320
865084
1073100
1281300
179980
390020
598800
806840
1015600
1224400
122700
331640
540220
750140
959320
1168560
65540
274220
482880
692060
900820
1109120
8460
217460
426760
635020
843960
1053140
1262400
160620
369960
578660
788460
998257
1207120
106000
314980
524000
732380
964100
1173440
72120
281520
490160
698980
907840
1118580
17045
226500
435660
644120
852720
1062120
1270040
168000
376480
585220
794060
1002980
1211160
108720
317360
525760
734280
943300
1152600
50600
259580
468300
677780
887000
1095320
1303840
201540
409580
618040
826400
1034780
1243260
141680
350040
559760
768180
977100
1185280
82800
291780
500740
617520
828300
1038460
1248040
146680
356460
565400
774240
983800
1193380
91920
300780
510700
719900
929120
1137920
35620
243900
452240
661200
870140
1079240
1287500
185120
393780
602520
811500
1019400
1228020
125960
334320
543280
752140
961160
1169760
68040
276740
485564
693240
901560
1109500
8100
216597
424800
633220
842740
1051340
1259840
157460
387820
598760
810640
1021180
1229920
128280
337740
547220
755840
965200
1173480
72162
280960
490020
699020
906460
1115602
14180
223020
431760
640200
847640
1056940
1265880
163080
371700
580400
790360
999000
1207780
105520
314160
523000
730700
939580
1147500
45400
253800
462700
671080
880840
1089720
1298780
196400
404800
613660
822120
1030960
1240280
137580
369260
578860
787980
997440
1206300
104260
312800
521120
729740
938900
1147840
45620
254440
462960
671180
879440
1089220
1298040
195860
404360
612720
821140
1029980
1238900
137240
345700
554800
764220
972940
1182020
80400
288340
497260
706060
915100
1123520
20980
228940
437240
645120
853860
1062640
1271300
169880
378800
587076
796040
1004500
1212300
13680
223680
431880
640140
847660
1055820
1265089
162520
373000
582340
791560
1000900
1210280
108040
316540
525700
734620
943880
1152100
50620
258940
467580
675660
884720
1092840
1300700
198760
407280
615560
824160
1033280
1241240
139140
348680
557820
766900
976116
1184420
82640
290580
498700
707320
916300
1125692
24100
233440
442620
652140
861040
1069640
1299200
196486
405640
615160
823980
1033640
1242600
141140
349900
559000
768800
978420
1187660
86540
295383
504040
713340
921880
1131360
30500
238600
447180
656140
864880
1073161
1282060
180440
390320
599720
808740
1018240
1226880
124800
334140
543080
751780
960680
1169920
68020
278080
487220
695800
904360
1112980
11080
220300
429220
638880
847420
1079240
1289560
188360
397680
606240
816280
1025480
1234100
131880
341300
550960
759520
968260
1177760
75560
284840
494880
704120
912620
1121540
19540
228960
438018
647980
856140
1065200
1276540
175200
383720
592060
800980
1009700
1218300
116140
325260
534320
744131
953220
1162480
60360
269380
478080
686120
894980
1104300
1820
210280
418760
627440
734520
944660
1153715
51138
259780
468440
676600
885620
1094240
1302800
200940
409900
619380
828722
1037120
1245660
143000
351200
559800
769442
977800
1186780
84040
292340
500900
709480
918620
1128020
26060
234517
442620
650000
858294
1067040
1275880
174500
383120
592260
801140
1011500
1220220
118580
327140
535724
745040
954180
1163840
61760
270880
500960
712800
922020
1132080
30980
239500
447800
656720
866160
1075560
1284680
183880
392600
601900
811540
1021380
1231540
130480
339620
548480
757400
966800
1175740
74740
283360
493260
702440
912060
1121460
19580
228240
437020
645660
855040
1063800
1272360
170980
379560
588260
796860
1006740
1216680
905120
1121380
24200
234600
331560
542000
752340
961960
1173040
73280
282000
491440
700680
911480
1121200
19758
229440
438940
650540
859940
1068940
1277980
176540
386680
595720
804380
1012640
1222200
120440
333860
543400
752380
960918
1170240
67940
276480
487940
697780
906280
1114920
13460
221500
429260
637880
848720
1057920
1267520
165560
374820
584020
792440
1001020
1209280
126680
337220
546800
756660
966502
1176440
75100
283780
492900
701380
913300
1122360
21380
230535
439500
648920
857880
1066280
1274660
173420
381540
592820
802320
1011780
1220160
118240
326280
535480
744000
953600
1162540
60780
270380
479638
691400
901280
1109460
7880
216320
424800
633380
842240
1051300
1260500
159180
368440
578120
786360
997440
1226580
127100
337078
547560
756560
965360
1175440
74480
284240
492660
702160
911560
1120780
19220
228600
439480
648735
857380
1066720
1275420
174180
383220
592680
801833
1010520
1220040
117980
326400
534480
743580
952240
1160840
59020
270380
479240
688240
898120
1107320
5122
213860
423100
631638
840600
1049900
1259220
157780
366500
576016
784840
1017360
1229220
129540
339840
551680
760562
970460
1179520
78000
286700
495460
704320
913040
1121040
18760
228040
436780
645640
855060
1064560
1273920
173420
382120
591060
800220
1009280
1220940
120060
328880
537000
746180
955580
1163480
62120
270758
480480
688780
897800
1106800
5220
215236
423920
633000
841340
1050120
1259460
157820
366140
574840
783280
1018000
1228340
129500
339000
547780
757140
966040
1175320
73620
282120
490840
699480
908180
1116140
14920
223940
433180
643000
850980
1060020
1269160
166900
376240
585280
794460
1003420
1212180
111120
320020
528740
740520
949720
1158600
56960
265520
474660
683380
892080
1100280
1309440
208800
418440
626700
835000
1042840
1251440
149420
357520
566360
802740
1012340
1222020
121180
330960
540500
749260
958740
1167680
65680
274940
484300
693440
904600
1114826
13880
223780
432340
641120
850340
1058220
1266640
164540
372780
580960
789860
998680
1208220
106920
315940
524540
733180
942200
1150260
48440
257380
466900
676160
884860
1093700
1302560
199840
408990
617620
826980
1035500
1243920
141920
351240
443980
655240
864300
1073860
1282640
180000
388900
598740
806920
1015400
1224460
122120
331120
540820
749940
958340
1167040
64940
273680
482252
692060
902300
1111150
9040
217700
426000
634640
843760
1051720
1260500
158580
367480
575960
784400
993360
1202800
100760
310180
519360
727880
936560
1148000
46740
256420
464600
674180
883580
1092380
1300840
222420
434560
645400
854560
1063120
1272300
169980
378720
588600
798160
1007060
1216100
113720
322260
531500
740980
950300
1158960
56900
266360
476060
685080
894340
1103520
2080
209520
418260
628100
836660
1046100
1254900
153220
362420
571440
780120
990080
1198480
96420
307860
517060
726360
935220
1144560
43580
251860
460822
669558
879000
1088620
1296360
220700
430620
639840
849000
1057340
1265800
164080
372800
582140
791020
1000060
1208440
106460
315000
523620
732420
940960
1149000
47100
255740
464720
673480
882313
1091280
1299300
197660
405840
614727
823980
1032420
1241000
139200
348300
556480
765460
974780
1183720
