layer_type	ifm_dim	ofm_dim	output_vol	kernel_dim	stride	pad
CBR	(112, 112, 96)	(56, 56, 96)	301056	(3, 3)	(2, 2)	(1, 1)
CBR	(56, 56, 96)	(56, 56, 32)	100352	(1, 1)	(1, 1)	(0, 0)
CBR	(56, 56, 32)	(28, 28, 128)	100352	(3, 3)	(2, 2)	(1, 1)
CBR	(28, 28, 128)	(28, 28, 32)	25088	(3, 3)	(1, 1)	(1, 1)
M	(28, 28, 32)	(14, 14, 32)	6272	(3, 3)	(2, 2)	(0, 0)
CBR	(14, 14, 32)	(14, 14, 128)	25088	(3, 3)	(1, 1)	(1, 1)
M	(14, 14, 128)	(7, 7, 128)	6272	(3, 3)	(2, 2)	(0, 0)
CBR	(7, 7, 128)	(7, 7, 512)	25088	(3, 3)	(1, 1)	(1, 1)
CBR	(7, 7, 512)	(7, 7, 128)	6272	(3, 3)	(1, 1)	(1, 1)
